5 0.328524 0.477241 0.489039 0.313107
5 0.715857 0.847997 0.048762 0.040756
0 0.955051 0.961392 0.074280 0.038019
5 0.739879 0.893400 0.098928 0.041368
5 0.738494 0.800729 0.095115 0.039885
0 0.182649 0.095446 0.091495 0.037792
5 0.774939 0.755078 0.166505 0.042402
5 0.246615 0.753910 0.123911 0.041353
0 0.032732 0.867335 0.035388 0.038818
5 0.339191 0.893950 0.041441 0.039091
0 0.023882 0.962510 0.028725 0.034431
3 0.310530 0.094389 0.130470 0.032573
5 0.310441 0.706350 0.252621 0.045505
0 0.070055 0.866496 0.036643 0.040113
3 0.962419 0.094831 0.033267 0.035058
3 0.441669 0.093481 0.106291 0.031079
0 0.069270 0.094934 0.103744 0.032508
5 0.232541 0.799868 0.097379 0.040925
3 0.728542 0.093647 0.107514 0.031673
0 0.777690 0.799755 0.018734 0.034060
3 0.585635 0.093838 0.149520 0.033812
0 0.350725 0.894765 0.015330 0.039391
0 0.775825 0.894328 0.023121 0.040045
0 0.271395 0.800839 0.016106 0.037664
0 0.083545 0.279433 0.112176 0.039840