5 0.313763 0.641478 0.086249 0.044434
5 0.313734 0.693358 0.086989 0.045143
5 0.283671 0.592228 0.025431 0.045407
5 0.500993 0.693026 0.087290 0.046742
5 0.291310 0.238104 0.040274 0.042211
5 0.501249 0.641273 0.086241 0.045446
0 0.969647 0.970310 0.051485 0.039990
5 0.286433 0.794339 0.031555 0.045765
5 0.344431 0.894234 0.148088 0.044846
5 0.343772 0.843975 0.146019 0.045343
5 0.471148 0.593500 0.025967 0.045082
0 0.619311 0.893412 0.030248 0.041612
5 0.291387 0.289952 0.041969 0.048010
0 0.225325 0.101815 0.096699 0.034331
5 0.343503 0.491759 0.146748 0.045521
0 0.618905 0.490731 0.030285 0.043417
0 0.618476 0.641476 0.034489 0.044220
5 0.343301 0.341174 0.146181 0.044490
0 0.618740 0.694010 0.033011 0.046898
5 0.614703 0.793774 0.087602 0.048296
5 0.531148 0.341388 0.145573 0.044642
5 0.279552 0.742443 0.019587 0.039607
0 0.972635 0.101539 0.052265 0.037894
0 0.619344 0.340843 0.030347 0.043869
0 0.618708 0.542285 0.032747 0.047750
0 0.618607 0.592963 0.032544 0.044484
0 0.090745 0.101920 0.149335 0.035340
3 0.305248 0.100078 0.038897 0.032917
0 0.619447 0.843723 0.031510 0.042859
5 0.531107 0.490578 0.143702 0.046952
5 0.313524 0.541127 0.087638 0.049820
5 0.531195 0.892257 0.144895 0.045187
5 0.530682 0.844212 0.146910 0.045113
5 0.438136 0.794506 0.273562 0.051809
5 0.500800 0.540753 0.086302 0.052560