0 0.604662 0.653534 0.072085 0.030273
0 0.684635 0.655009 0.075107 0.034695
4 0.160974 0.430769 0.111737 0.024032
0 0.656197 0.501199 0.132171 0.033492
4 0.157976 0.476048 0.106831 0.021488
4 0.259616 0.407783 0.078570 0.016369
4 0.258919 0.341596 0.079161 0.016371
4 0.258851 0.364175 0.079267 0.017869
4 0.259171 0.386707 0.079304 0.015654
4 0.157605 0.297929 0.100639 0.017370
0 0.529905 0.979961 0.021434 0.025147
0 0.145179 0.363899 0.099722 0.022889
4 0.129967 0.053428 0.137954 0.020591
4 0.258487 0.297317 0.077634 0.019069
4 0.152253 0.455033 0.097565 0.017966
4 0.144089 0.078721 0.136709 0.030147
4 0.137142 0.230515 0.093946 0.021392
4 0.159611 0.252907 0.103561 0.017442
4 0.133721 0.275073 0.053961 0.015262
4 0.159611 0.319041 0.107922 0.015988
4 0.145440 0.341933 0.081759 0.013808
4 0.138354 0.387112 0.065407 0.015988
4 0.121730 0.407461 0.033249 0.017442
4 0.155251 0.497214 0.101381 0.019622