0 0.922394 0.257262 0.026862 0.049636
0 0.428275 0.374605 0.023881 0.050346
0 0.698889 0.612092 0.027330 0.050361
0 0.401127 0.375241 0.023777 0.048338
0 0.141762 0.194648 0.021559 0.046826
0 0.112027 0.193834 0.023687 0.046745
3 0.570045 0.120587 0.038508 0.037313
0 0.085720 0.193682 0.022409 0.044981
5 0.491099 0.257551 0.203671 0.050213
4 0.238258 0.513867 0.111925 0.037182
0 0.078482 0.118906 0.107379 0.040485
0 0.974624 0.121469 0.050751 0.045289
0 0.383123 0.122542 0.121533 0.040284
4 0.243039 0.571338 0.122484 0.039785
4 0.242475 0.338697 0.141039 0.051427
4 0.095159 0.624943 0.096691 0.033009
5 0.764094 0.850047 0.206023 0.053174
4 0.100747 0.446177 0.113622 0.039402
0 0.011438 0.195615 0.022876 0.046624
5 0.534524 0.673326 0.290777 0.048001
4 0.068411 0.387010 0.043747 0.034575
0 0.401030 0.315239 0.023945 0.050583
0 0.167484 0.194624 0.022333 0.049413
4 0.064517 0.683652 0.031856 0.031745
5 0.754896 0.258953 0.297898 0.053018
4 0.234135 0.453326 0.106493 0.039182
0 0.227132 0.120773 0.168805 0.042004
4 0.072653 0.742658 0.049645 0.034381
3 0.051995 0.195646 0.035215 0.046686
4 0.075575 0.801307 0.055758 0.033462
0 0.328318 0.500248 0.021608 0.039576
3 0.108335 0.506277 0.124176 0.046107
0 0.017571 0.796673 0.034598 0.046475
5 0.535735 0.615700 0.292629 0.053336
4 0.085861 0.325765 0.083474 0.036309
4 0.212229 0.390028 0.061324 0.036423
3 0.105679 0.266736 0.140328 0.060575
0 0.180040 0.800972 0.014251 0.050801
3 0.496615 0.121726 0.088654 0.039973
4 0.098879 0.982839 0.122673 0.034322
4 0.086086 0.939478 0.153505 0.040108
3 0.110634 0.570116 0.125709 0.039013