0 0.151160 0.776555 0.066738 0.048188
0 0.922519 0.251830 0.028079 0.050743
3 0.789163 0.827364 0.132800 0.054553
0 0.011732 0.193584 0.023310 0.046399
0 0.112567 0.195015 0.023654 0.044720
0 0.141435 0.195224 0.022204 0.044365
3 0.790015 0.885146 0.131339 0.052976
0 0.056672 0.777685 0.112492 0.050806
0 0.085158 0.194280 0.024248 0.044826
3 0.791070 0.711567 0.130718 0.050562
3 0.789365 0.769014 0.132471 0.052809
3 0.790846 0.654399 0.130553 0.054129
3 0.790617 0.943312 0.130995 0.051300
0 0.078246 0.121505 0.108082 0.039246
0 0.167737 0.194692 0.022235 0.045053
3 0.051071 0.192788 0.036507 0.047192
0 0.222567 0.123762 0.162774 0.042551
0 0.973861 0.123500 0.049412 0.039943
5 0.540929 0.793136 0.204493 0.057144
5 0.080600 0.351907 0.161200 0.054668
5 0.081367 0.579535 0.162734 0.045878
5 0.325270 0.618921 0.016482 0.035500
5 0.081742 0.399373 0.162497 0.049850
5 0.081416 0.623979 0.162831 0.050938
5 0.081314 0.486620 0.162628 0.050534
5 0.081377 0.532062 0.162754 0.052717
0 0.675860 0.971858 0.018474 0.040026
5 0.081441 0.913906 0.160053 0.058400
5 0.204661 0.306620 0.089471 0.051521
5 0.547230 0.332084 0.202390 0.052537
5 0.081684 0.442067 0.161437 0.047741
5 0.816142 0.252584 0.174023 0.054699
5 0.082125 0.670701 0.160061 0.054179
5 0.205072 0.352956 0.089975 0.049369
5 0.204401 0.398743 0.088580 0.047816
5 0.204660 0.440954 0.088660 0.046981
5 0.205463 0.667294 0.089308 0.048188
5 0.204669 0.623365 0.087821 0.048043
4 0.391207 0.562491 0.108815 0.035570
5 0.206015 0.489789 0.087690 0.049220
5 0.080690 0.306833 0.161018 0.040304
5 0.205262 0.535834 0.088125 0.041525
5 0.204718 0.577359 0.088125 0.041525
0 0.709442 0.177371 0.015775 0.035419
5 0.325557 0.564336 0.015458 0.037861
5 0.546890 0.390804 0.202361 0.050482