0 0.054131 0.870499 0.016090 0.029721
0 0.092074 0.870467 0.016831 0.030546
0 0.073679 0.870286 0.017201 0.030845
0 0.074257 0.070849 0.124727 0.025221
0 0.112378 0.870571 0.019635 0.031357
1 0.101393 0.815429 0.013713 0.022634
0 0.020073 0.871003 0.016438 0.031149
1 0.101954 0.265521 0.011051 0.021246
0 0.977533 0.983731 0.044934 0.028448
0 0.176290 0.070144 0.060351 0.024460
5 0.146074 0.791150 0.067382 0.028041
5 0.539214 0.791421 0.093876 0.030767
1 0.101387 0.791758 0.012575 0.021089
5 0.146807 0.816873 0.067214 0.026454
5 0.145452 0.515294 0.068776 0.029734
0 0.983173 0.071269 0.032652 0.026624
1 0.101689 0.570230 0.011294 0.023258
5 0.810182 0.791167 0.092788 0.029632
5 0.810236 0.515383 0.092972 0.030995
1 0.101777 0.514677 0.012084 0.022765
1 0.102010 0.542443 0.011562 0.022444
1 0.101715 0.293559 0.010873 0.023369
5 0.145675 0.542801 0.068704 0.029766
5 0.146149 0.570878 0.068344 0.029460
5 0.750476 0.293237 0.027312 0.027557
0 0.925663 0.983510 0.054396 0.028729
5 0.539185 0.515400 0.094093 0.031463
0 0.241503 0.070342 0.059714 0.023983
5 0.810239 0.736675 0.091924 0.029943
5 0.539673 0.736838 0.093864 0.030536
5 0.810302 0.432103 0.091942 0.031142
5 0.539207 0.542730 0.093901 0.031164
5 0.810263 0.487262 0.092686 0.031613
5 0.646638 0.515087 0.080280 0.031200
5 0.810201 0.542648 0.093034 0.030917
1 0.101579 0.487411 0.011955 0.022669
5 0.646519 0.542485 0.080030 0.030924
5 0.646686 0.790952 0.080449 0.029861
5 0.646513 0.570359 0.079707 0.030047
5 0.810369 0.570623 0.092945 0.030004
5 0.145370 0.487136 0.068832 0.030378
5 0.146020 0.431733 0.068058 0.031073
5 0.539322 0.570674 0.093431 0.030228
5 0.539472 0.763617 0.094194 0.031269
3 0.291420 0.069629 0.029850 0.022550
5 0.810400 0.709624 0.091974 0.031636
5 0.539830 0.709726 0.093779 0.032329
5 0.810266 0.459459 0.092284 0.030621
5 0.336812 0.515714 0.314254 0.028294
5 0.727286 0.293038 0.022282 0.027678
5 0.809947 0.404104 0.092171 0.031953
5 0.647055 0.487153 0.081000 0.031954
5 0.145970 0.459419 0.068047 0.030824
5 0.145756 0.266749 0.067330 0.028360
5 0.146108 0.736589 0.067878 0.030457
5 0.647221 0.432133 0.080712 0.031344
5 0.750972 0.790670 0.028200 0.026636
5 0.337739 0.572138 0.316450 0.024066
5 0.145897 0.763804 0.067191 0.029399
5 0.539502 0.487256 0.094320 0.032332
5 0.647332 0.404038 0.080501 0.031775
5 0.646711 0.348823 0.079980 0.029566
5 0.810255 0.763626 0.092202 0.030489
5 0.647123 0.459530 0.080866 0.030812
5 0.809726 0.376568 0.091907 0.030251
5 0.646598 0.293500 0.079867 0.030333
1 0.101640 0.765515 0.011608 0.021411
5 0.750981 0.404526 0.028236 0.029295
5 0.145842 0.403866 0.067831 0.030695
5 0.810433 0.816332 0.091980 0.027078
5 0.539800 0.432157 0.093825 0.031873
5 0.146439 0.598546 0.068342 0.029097
5 0.810009 0.348822 0.093334 0.029513
5 0.539164 0.653667 0.093335 0.029922
5 0.146631 0.348672 0.068190 0.028487
0 0.037612 0.870632 0.015100 0.030004
5 0.646540 0.265474 0.079611 0.029836
5 0.646412 0.598088 0.078995 0.029005
5 0.145919 0.293308 0.066770 0.027871
5 0.146220 0.709338 0.067811 0.032105
5 0.539242 0.817349 0.093999 0.026684
5 0.539696 0.459575 0.094126 0.031398
5 0.751155 0.815891 0.028188 0.024271
5 0.750909 0.514402 0.028074 0.028177
5 0.810392 0.293440 0.093527 0.030016
5 0.146560 0.376105 0.067750 0.029573
1 0.101614 0.737601 0.011373 0.021472
5 0.146130 0.321467 0.068710 0.027917
1 0.101664 0.432825 0.011340 0.022504
5 0.596457 0.815253 0.023839 0.022923
5 0.750946 0.432088 0.028216 0.028965
5 0.647059 0.736615 0.080927 0.029878
5 0.539788 0.681280 0.093670 0.032116
5 0.647294 0.376200 0.080302 0.030397
1 0.101636 0.460859 0.011609 0.021412
5 0.521323 0.871375 0.033363 0.031041
5 0.646991 0.763388 0.081029 0.030265
5 0.751028 0.375161 0.028546 0.030906
5 0.539672 0.598282 0.093712 0.029586
5 0.810387 0.598121 0.092444 0.029490
5 0.647183 0.709247 0.080711 0.031577
5 0.810450 0.265543 0.093274 0.030845
5 0.539830 0.404249 0.093716 0.032278
5 0.596196 0.791148 0.024248 0.026712
5 0.810004 0.681248 0.092507 0.031639
5 0.337559 0.626774 0.316091 0.026667
5 0.750851 0.486601 0.028222 0.029278
5 0.809942 0.653580 0.092960 0.029660
5 0.750825 0.266160 0.027437 0.026565
5 0.750959 0.541805 0.027577 0.028390
5 0.646502 0.816882 0.079923 0.026613
5 0.539963 0.348950 0.094461 0.029967
5 0.750682 0.321060 0.027747 0.027494
5 0.750925 0.569953 0.027013 0.027640
5 0.750870 0.459019 0.028227 0.028479
5 0.146794 0.653376 0.068104 0.028913
5 0.902170 0.238328 0.092996 0.030732
5 0.726819 0.265244 0.023113 0.027275
5 0.902481 0.293456 0.093463 0.029757
5 0.596224 0.515284 0.023345 0.027768
5 0.750526 0.597872 0.027299 0.027367
5 0.336913 0.789944 0.311319 0.028141
0 0.954508 0.072027 0.015089 0.024525
5 0.901781 0.265628 0.092128 0.029390
5 0.646984 0.624490 0.079162 0.031487
5 0.539650 0.376759 0.094164 0.031068
5 0.596498 0.570389 0.022677 0.027255
5 0.335548 0.267918 0.316432 0.032380
1 0.101388 0.598364 0.011561 0.024415
5 0.596506 0.598094 0.022595 0.027514
5 0.727278 0.790730 0.021716 0.025683
5 0.596240 0.403986 0.023013 0.029335
5 0.647216 0.680815 0.080371 0.031290
5 0.646733 0.653508 0.080029 0.029579
5 0.902613 0.790959 0.094501 0.029475
5 0.336901 0.377243 0.315821 0.025841
5 0.727351 0.320977 0.021317 0.027412
5 0.336094 0.316633 0.314710 0.027882
5 0.751057 0.709601 0.027928 0.028846
5 0.596135 0.375943 0.022904 0.029171
5 0.596286 0.431348 0.023633 0.028767
5 0.146591 0.680952 0.067768 0.030805
5 0.596338 0.542508 0.022846 0.027757
5 0.336844 0.683849 0.315749 0.027643
5 0.750918 0.736387 0.028038 0.027894
5 0.646635 0.320506 0.079319 0.030210
5 0.335956 0.543460 0.312508 0.032222
5 0.539312 0.265778 0.093070 0.030177
5 0.727124 0.431980 0.022009 0.028039
5 0.902741 0.736464 0.094225 0.029726
5 0.539734 0.293203 0.093523 0.030503
5 0.336800 0.487481 0.315183 0.032074
5 0.596353 0.735738 0.024085 0.027543
5 0.596382 0.709092 0.023414 0.028691
5 0.727327 0.404126 0.021712 0.028122
0 0.043678 0.168764 0.066086 0.027919
1 0.101853 0.238232 0.012705 0.021901
5 0.810643 0.320068 0.093251 0.030383
5 0.902927 0.709462 0.093960 0.031552
5 0.727060 0.597671 0.021569 0.027717
5 0.751054 0.681206 0.028060 0.029386
5 0.145813 0.624594 0.069152 0.031879
5 0.750904 0.348583 0.028470 0.028135
1 0.024688 0.791544 0.012773 0.024048
5 0.727144 0.816158 0.021960 0.024483
5 0.750842 0.763145 0.028190 0.027959
5 0.902546 0.570555 0.093570 0.029171
5 0.596147 0.293774 0.023438 0.028543
5 0.596259 0.680704 0.022815 0.029227
5 0.726958 0.514956 0.022922 0.028211
1 0.101732 0.709779 0.011121 0.022037
1 0.024655 0.514590 0.012903 0.024574
5 0.810572 0.624745 0.092384 0.031794
5 0.596240 0.487354 0.024003 0.029133
5 0.902720 0.763477 0.094836 0.030621
5 0.336636 0.458922 0.315472 0.030655
5 0.336526 0.431694 0.315941 0.023995
5 0.337177 0.653904 0.314240 0.031752
5 0.902662 0.431979 0.094163 0.031023
1 0.025143 0.433540 0.013217 0.022150
5 0.726964 0.459110 0.022445 0.027766
1 0.024583 0.819817 0.012943 0.026677
5 0.596509 0.320803 0.022687 0.027505
5 0.902516 0.348854 0.093391 0.029573
5 0.727503 0.375784 0.021615 0.027737
5 0.726876 0.486984 0.022912 0.029057
5 0.596200 0.653094 0.022794 0.027767
5 0.902642 0.515493 0.093925 0.029989
5 0.902821 0.404104 0.093935 0.031535
5 0.750979 0.653225 0.028182 0.028189
5 0.596271 0.763554 0.024314 0.028205
5 0.902030 0.376370 0.092409 0.030070
5 0.539316 0.625019 0.093265 0.031666
5 0.727108 0.569578 0.022143 0.027398
1 0.101442 0.321038 0.011381 0.024571
5 0.596294 0.459158 0.024181 0.028639
5 0.750631 0.625880 0.027356 0.027677
5 0.902582 0.542821 0.093751 0.029900
1 0.101401 0.375644 0.011973 0.025182
5 0.902944 0.597990 0.093403 0.029433
5 0.338545 0.709378 0.315089 0.027318
5 0.596099 0.348444 0.022959 0.028241
5 0.902659 0.320819 0.093453 0.028630
5 0.336106 0.404128 0.314980 0.032983
5 0.902517 0.487256 0.095316 0.032184
5 0.902979 0.653646 0.094261 0.029859
1 0.101379 0.653599 0.012003 0.025116
5 0.902620 0.459389 0.094893 0.030915
5 0.727273 0.709079 0.021753 0.027579
1 0.024663 0.487143 0.012866 0.024847
1 0.025391 0.569525 0.012895 0.023755
1 0.025255 0.237755 0.013555 0.023342
5 0.335669 0.762205 0.312227 0.028985
5 0.727456 0.541748 0.022673 0.027682
5 0.727046 0.736378 0.021878 0.027020
5 0.337853 0.735304 0.314668 0.028150
1 0.025283 0.542208 0.012907 0.022671
5 0.902432 0.816288 0.092738 0.026541
5 0.539806 0.321059 0.093594 0.028979
5 0.903032 0.681200 0.093906 0.031483
1 0.101700 0.404114 0.011312 0.023337
1 0.101709 0.681324 0.011395 0.023534
5 0.337197 0.349067 0.314276 0.031113
1 0.025561 0.654248 0.012971 0.024656
5 0.171673 0.134240 0.225149 0.033169
5 0.336464 0.293259 0.316088 0.023995
1 0.025457 0.350398 0.012951 0.024771
5 0.810310 0.236550 0.093778 0.031743
5 0.727320 0.348187 0.021919 0.027782
5 0.727355 0.625590 0.021522 0.027412
5 0.596263 0.266239 0.022734 0.027208
5 0.539339 0.239984 0.092135 0.028193
1 0.025558 0.597981 0.012888 0.024089
5 0.596500 0.625867 0.022766 0.027299
5 0.727431 0.680772 0.021645 0.028123
5 0.727014 0.763548 0.021996 0.027121
1 0.024547 0.763825 0.012822 0.024935
5 0.335823 0.818548 0.311572 0.029721
1 0.101089 0.349199 0.012306 0.025455
5 0.727360 0.652921 0.021934 0.027379
5 0.902621 0.624426 0.093679 0.031472
1 0.025466 0.376889 0.012747 0.023550
5 0.336436 0.599102 0.314933 0.029388
5 0.462098 0.134430 0.033930 0.031815
1 0.025554 0.681138 0.012898 0.024173
1 0.101244 0.623608 0.011963 0.024564
1 0.025681 0.624854 0.013052 0.025232
1 0.025643 0.293352 0.013085 0.023241
1 0.025674 0.320714 0.013195 0.024544
1 0.025425 0.265002 0.013159 0.022640
0 0.958623 0.237614 0.018797 0.027476
1 0.025682 0.403690 0.012467 0.023558
5 0.647019 0.237838 0.080177 0.031204
5 0.335901 0.240294 0.314784 0.030660
1 0.025670 0.708496 0.012641 0.024675
1 0.024991 0.738559 0.010483 0.021227
5 0.750869 0.236874 0.026794 0.026402
5 0.959546 0.598229 0.020071 0.027906
1 0.024621 0.459053 0.012949 0.025176
5 0.726635 0.236685 0.023297 0.026655
5 0.959509 0.570608 0.020139 0.027689
5 0.959281 0.542737 0.020320 0.027703
5 0.399784 0.134212 0.094344 0.031379