1 0.016830 0.439120 0.012205 0.021898
5 0.464235 0.466668 0.076263 0.030507
5 0.464485 0.439149 0.075178 0.029806
1 0.016874 0.466635 0.011787 0.021904
5 0.464182 0.494111 0.076321 0.030333
5 0.361716 0.466571 0.089150 0.031420
5 0.361662 0.438968 0.089022 0.031460
5 0.464461 0.411425 0.075155 0.029847
5 0.361847 0.493928 0.089013 0.030892
5 0.464460 0.384312 0.075115 0.030364
0 0.330053 0.071725 0.037043 0.022420
0 0.379430 0.071481 0.051059 0.022826
5 0.618786 0.465580 0.026688 0.027670
1 0.017084 0.741884 0.012387 0.022336
1 0.017192 0.769103 0.012023 0.022625
5 0.361705 0.411524 0.088529 0.030964
0 0.053366 0.072591 0.083975 0.023725
5 0.361506 0.687404 0.088174 0.031716
5 0.267810 0.438966 0.100258 0.031711
5 0.361775 0.384431 0.087979 0.031425
5 0.268068 0.466557 0.100144 0.031438
5 0.361250 0.356693 0.088331 0.031551
5 0.518765 0.438862 0.036447 0.029521
5 0.361567 0.660216 0.088108 0.032031
1 0.016656 0.410828 0.012282 0.022385
5 0.618273 0.549069 0.026451 0.028157
5 0.125993 0.169730 0.062954 0.031914
5 0.464435 0.356579 0.074941 0.030704
1 0.016954 0.714378 0.012428 0.022555
5 0.518584 0.466260 0.036728 0.029444
5 0.618890 0.437967 0.026974 0.027603
5 0.464350 0.687020 0.075271 0.030693
5 0.360758 0.300928 0.088155 0.030180
0 0.137457 0.867610 0.019396 0.034009
5 0.464093 0.742102 0.076080 0.030392
5 0.399964 0.168990 0.033852 0.030256
5 0.361274 0.742078 0.089440 0.031482
0 0.208953 0.071385 0.090424 0.023741
5 0.267430 0.384667 0.100351 0.031932
5 0.464329 0.522358 0.074637 0.029561
5 0.267543 0.411509 0.100352 0.031384
5 0.267586 0.687536 0.099895 0.032033
5 0.361179 0.329218 0.088139 0.031292
5 0.464102 0.769771 0.076202 0.031005
5 0.361207 0.632317 0.088623 0.032059
5 0.416091 0.466501 0.022792 0.028151
5 0.618716 0.493131 0.026689 0.028097
5 0.518852 0.411089 0.036315 0.029376
5 0.267863 0.742132 0.100134 0.031564
5 0.361293 0.769851 0.089300 0.031981
5 0.413170 0.133631 0.062396 0.031668
5 0.464355 0.659741 0.075185 0.030991
5 0.463607 0.328983 0.075116 0.030994
5 0.268254 0.493995 0.100041 0.031013
5 0.361416 0.714338 0.088817 0.031466
5 0.618452 0.521335 0.026742 0.028330
5 0.618907 0.410257 0.027257 0.027769
5 0.267599 0.660331 0.100008 0.032367
5 0.464382 0.714078 0.075254 0.030137
5 0.361375 0.605080 0.088969 0.030704
5 0.518948 0.383923 0.036129 0.029835
5 0.416091 0.438768 0.022919 0.028522
5 0.149092 0.466686 0.137155 0.031192
5 0.518915 0.356291 0.035851 0.029573
5 0.416256 0.410977 0.023122 0.028572
5 0.267669 0.714324 0.100095 0.031729
5 0.416296 0.383922 0.023022 0.028869
5 0.268050 0.769725 0.100013 0.031805
5 0.416134 0.494101 0.022917 0.028691
5 0.463493 0.796890 0.075318 0.029420
5 0.362006 0.522468 0.088687 0.030399
5 0.267430 0.357128 0.100834 0.032318
5 0.361773 0.577120 0.089280 0.030164
5 0.618842 0.383860 0.027202 0.028149
0 0.128679 0.072181 0.057409 0.023747
5 0.463965 0.604948 0.075372 0.030101
5 0.518601 0.493694 0.036270 0.029373
5 0.267673 0.301462 0.101414 0.030579
5 0.149643 0.439154 0.135490 0.031363
5 0.149201 0.494292 0.137374 0.030924
5 0.126045 0.134679 0.063111 0.033225
5 0.518691 0.328393 0.035288 0.029662
0 0.635826 0.071733 0.036268 0.022172
5 0.415911 0.797471 0.022099 0.027012
0 0.682248 0.071560 0.046151 0.023356
5 0.416156 0.522283 0.022903 0.028929
5 0.267440 0.605058 0.102375 0.030815
5 0.267277 0.632237 0.102053 0.032065
5 0.267413 0.329073 0.101251 0.031564
5 0.416183 0.356683 0.022757 0.029310
5 0.518776 0.604178 0.035441 0.029318
5 0.464224 0.820559 0.076281 0.024525
5 0.463891 0.632207 0.076443 0.031491
5 0.518407 0.521953 0.036045 0.028694
0 0.576260 0.071851 0.072163 0.023617
5 0.266844 0.797916 0.099728 0.031835
5 0.463675 0.301200 0.074713 0.029773
0 0.451112 0.071766 0.080057 0.023617
5 0.518957 0.631996 0.035878 0.029991
5 0.518328 0.549295 0.036184 0.027914
5 0.644185 0.521696 0.026744 0.028876
0 0.976358 0.981971 0.047284 0.029291
5 0.517944 0.300926 0.034284 0.027842
1 0.016868 0.493532 0.011267 0.021969
5 0.519141 0.659656 0.036247 0.029895
5 0.416089 0.549465 0.022684 0.028166
0 0.283004 0.071895 0.043279 0.023372
5 0.643993 0.549200 0.026370 0.028221
0 0.515479 0.071149 0.038709 0.022281
5 0.644346 0.493440 0.026700 0.028505
5 0.267552 0.522291 0.100719 0.030728
5 0.149472 0.411712 0.135101 0.030822
5 0.267767 0.577169 0.102592 0.030381
5 0.618396 0.328875 0.026118 0.029341
5 0.618653 0.356846 0.026802 0.028799
5 0.361335 0.797419 0.089076 0.029965
1 0.017030 0.686268 0.012280 0.021864
5 0.415979 0.820282 0.021115 0.023227
5 0.361449 0.822493 0.088479 0.027730
5 0.547125 0.548789 0.023577 0.027399
5 0.644415 0.465900 0.026633 0.027832
5 0.416379 0.686768 0.023063 0.028730
5 0.519112 0.686700 0.036241 0.029558
5 0.618156 0.300631 0.026098 0.028262
5 0.149716 0.522996 0.136420 0.030411
5 0.149418 0.384898 0.134690 0.031395
0 0.756990 0.071974 0.091208 0.024043
5 0.463709 0.549413 0.075192 0.028851
5 0.644345 0.384275 0.026368 0.027365
5 0.266963 0.823986 0.100145 0.022050
5 0.148232 0.742048 0.137631 0.031003
0 0.842464 0.071540 0.071763 0.025006
5 0.463848 0.576971 0.074987 0.029586
0 0.923857 0.983508 0.054084 0.032984
5 0.720535 0.797138 0.082681 0.030474
5 0.644466 0.438480 0.026680 0.027639
5 0.416250 0.659931 0.022819 0.029111
5 0.695152 0.355557 0.033951 0.028899
1 0.016625 0.382428 0.011890 0.022112
5 0.618667 0.796139 0.026239 0.026744
5 0.720616 0.769507 0.083217 0.031908
5 0.644223 0.357330 0.026306 0.027777
5 0.720699 0.741900 0.083569 0.031203
5 0.415993 0.769984 0.022714 0.028633
5 0.416190 0.328802 0.022786 0.029451
5 0.416366 0.632150 0.022455 0.029918
5 0.416310 0.713760 0.023114 0.028588
1 0.017140 0.796350 0.011526 0.022207
5 0.416113 0.741693 0.022898 0.028358
5 0.547194 0.383657 0.023954 0.029050
5 0.720260 0.820310 0.081692 0.025643
5 0.148421 0.714468 0.137144 0.030864
5 0.148717 0.689250 0.136007 0.028225
5 0.694460 0.327937 0.032558 0.027886
5 0.547365 0.521561 0.022792 0.028109
5 0.149467 0.357467 0.134713 0.031656
5 0.546530 0.300436 0.024696 0.027157
5 0.618265 0.576385 0.025878 0.027787
1 0.016777 0.521276 0.011170 0.024034
5 0.416396 0.604459 0.022502 0.029626
5 0.149449 0.301436 0.139900 0.031015
5 0.644449 0.410858 0.026546 0.027322
5 0.547285 0.355963 0.023878 0.029150
5 0.547114 0.327984 0.023758 0.027992
5 0.518788 0.741701 0.035789 0.029115
1 0.017072 0.659262 0.012275 0.021883
5 0.644196 0.820560 0.025447 0.023398
0 0.980873 0.071172 0.038254 0.026072
5 0.695388 0.383458 0.034224 0.029113
5 0.643896 0.576362 0.026011 0.027969
5 0.618565 0.821378 0.025582 0.024643
5 0.644093 0.329217 0.026183 0.028446
5 0.518974 0.713761 0.036031 0.029215
1 0.016706 0.327848 0.011896 0.024078
5 0.148252 0.660220 0.137671 0.032152
5 0.518545 0.576774 0.036847 0.027568
5 0.694311 0.301300 0.030817 0.028688
5 0.720671 0.714011 0.083776 0.031010
5 0.618670 0.768634 0.026569 0.028052
5 0.547227 0.576490 0.024445 0.027173
5 0.416020 0.300927 0.022986 0.028039
1 0.016966 0.549356 0.011739 0.025127
5 0.361880 0.550206 0.088625 0.028330
5 0.547159 0.493431 0.022767 0.028816
5 0.644387 0.796971 0.026590 0.027228
5 0.415909 0.576099 0.022210 0.030126
5 0.363220 0.867941 0.032139 0.030970
5 0.547106 0.410965 0.024114 0.029214
5 0.518712 0.769362 0.035771 0.029476
1 0.016999 0.604404 0.012638 0.024712
5 0.149615 0.329526 0.135537 0.031815
5 0.546954 0.438493 0.023978 0.029394
5 0.518603 0.796666 0.036072 0.027395
5 0.148840 0.632335 0.137117 0.032009
5 0.149031 0.770173 0.136639 0.031622
5 0.547005 0.465925 0.023303 0.029227
1 0.016615 0.356041 0.011746 0.022161
5 0.668235 0.465658 0.022749 0.028445
5 0.149681 0.796725 0.137481 0.028982
5 0.720570 0.687161 0.084108 0.031080
5 0.643918 0.300741 0.026131 0.028055
5 0.668004 0.521924 0.023500 0.029931
5 0.668136 0.493282 0.023179 0.029166
5 0.694867 0.465342 0.033717 0.029299
5 0.695286 0.410405 0.033889 0.028040
5 0.695094 0.437542 0.033954 0.028191
5 0.667939 0.549406 0.023244 0.028189
1 0.017045 0.631548 0.012351 0.023074
5 0.618035 0.272806 0.026428 0.028600
5 0.668390 0.383784 0.023210 0.028150
5 0.668327 0.438165 0.022760 0.028233
5 0.148959 0.605420 0.137356 0.030209
5 0.668235 0.356569 0.023261 0.028256
5 0.618753 0.740994 0.026830 0.027589
5 0.256550 0.134413 0.029084 0.031329
5 0.694718 0.493680 0.033415 0.029030
5 0.149361 0.579181 0.136597 0.027759
1 0.018215 0.577111 0.012536 0.023077
5 0.694504 0.549457 0.032480 0.027782
5 0.694572 0.522252 0.033342 0.028780
5 0.149905 0.822905 0.137036 0.027946
5 0.618239 0.604241 0.025992 0.029101
5 0.518199 0.820388 0.035906 0.023061
5 0.668402 0.410756 0.023013 0.027969
5 0.149172 0.550197 0.137316 0.028227
5 0.618471 0.632107 0.025978 0.029437
5 0.618862 0.686383 0.027156 0.028132
5 0.720211 0.658894 0.085306 0.029466
5 0.267952 0.550142 0.100711 0.028418
5 0.668337 0.327738 0.023168 0.026080
1 0.016700 0.301472 0.012279 0.024749
5 0.644363 0.769209 0.026800 0.028440
5 0.618868 0.713235 0.027197 0.027758
5 0.668375 0.271822 0.022259 0.025673
5 0.618704 0.659747 0.026717 0.028555
5 0.668178 0.797009 0.022614 0.027279
5 0.668060 0.300890 0.023164 0.027607
5 0.547133 0.603906 0.024190 0.028641
5 0.644010 0.632521 0.026125 0.028776
5 0.581311 0.327217 0.045779 0.027868
5 0.643825 0.604195 0.026095 0.028666
5 0.644239 0.660389 0.026464 0.027786
5 0.719978 0.604002 0.083219 0.030484
5 0.668045 0.769422 0.022649 0.028735
5 0.518214 0.273220 0.032606 0.027772
5 0.720688 0.631878 0.084533 0.030248
5 0.644402 0.686877 0.026559 0.027194
4 0.756972 0.142670 0.072237 0.024235
5 0.644020 0.273270 0.026633 0.027891
4 0.811487 0.178151 0.178288 0.028283
5 0.668502 0.819827 0.022500 0.023804
5 0.644398 0.741424 0.026794 0.027609
5 0.581294 0.271552 0.046576 0.027428
5 0.667614 0.574818 0.022655 0.027893
4 0.749823 0.457325 0.057214 0.021819
5 0.693834 0.573808 0.032213 0.028708
5 0.361724 0.272103 0.088514 0.030555
5 0.547003 0.821181 0.022479 0.022825
5 0.772910 0.797117 0.023879 0.027147
5 0.668134 0.741712 0.022547 0.028437
5 0.547088 0.631568 0.023516 0.029169
5 0.644437 0.713705 0.026737 0.027439
5 0.581658 0.300443 0.048775 0.027499
5 0.267538 0.274103 0.101736 0.026884
5 0.547020 0.796668 0.022631 0.026252
5 0.772713 0.769446 0.023558 0.028667
5 0.667939 0.631538 0.022355 0.029315
5 0.772971 0.819557 0.024253 0.024426
5 0.547294 0.659274 0.023599 0.028723
1 0.017572 0.275233 0.012351 0.022991
5 0.772642 0.741848 0.023867 0.029118
5 0.668091 0.686951 0.022752 0.027978
3 0.897508 0.074306 0.029979 0.032760
5 0.547989 0.686478 0.023349 0.029658
5 0.547124 0.713083 0.023349 0.028786
5 0.547124 0.741432 0.021620 0.031403
5 0.547340 0.770655 0.022917 0.030531
5 0.667472 0.603136 0.021421 0.029422
5 0.666788 0.658916 0.021877 0.027584
5 0.668611 0.713624 0.021877 0.028503