5 0.269815 0.462275 0.401467 0.292840
5 0.727754 0.819889 0.043890 0.040239
5 0.746966 0.864088 0.082080 0.037745
5 0.233574 0.865273 0.100730 0.038335
5 0.308709 0.864636 0.045630 0.036189
5 0.235684 0.727870 0.105425 0.036058
5 0.775802 0.727494 0.137770 0.041232
5 0.234956 0.910988 0.103913 0.042423
3 0.986028 0.088616 0.027442 0.036011
0 0.015649 0.975510 0.026137 0.042983
0 0.974207 0.976827 0.051586 0.037764
3 0.385088 0.085167 0.094377 0.032535
5 0.288096 0.681107 0.209810 0.039470
3 0.268749 0.086022 0.116326 0.032592
5 0.745925 0.773687 0.081783 0.039491
5 0.223628 0.773510 0.082519 0.041086
3 0.638910 0.085589 0.098294 0.033070
3 0.514790 0.086073 0.127415 0.033029
0 0.055693 0.085295 0.089352 0.030670
0 0.156358 0.084702 0.079883 0.032933
0 0.778763 0.772381 0.016424 0.036202
0 0.779703 0.865373 0.015128 0.034462
5 0.209784 0.820006 0.053185 0.039253
0 0.069030 0.271511 0.099524 0.045514