0 0.284071 0.654045 0.020471 0.036899
5 0.528970 0.400384 0.077388 0.037546
0 0.053096 0.652600 0.022339 0.038581
0 0.082078 0.653672 0.020869 0.038005
0 0.128223 0.653828 0.021267 0.037596
3 0.630656 0.088120 0.033632 0.026521
0 0.151011 0.654285 0.020352 0.037670
0 0.236952 0.088728 0.070842 0.027755
0 0.105349 0.653591 0.021422 0.037536
0 0.179747 0.088745 0.025713 0.025693
0 0.972165 0.088848 0.042373 0.029034
3 0.234555 0.655130 0.015914 0.037611
0 0.028016 0.648733 0.022104 0.039427
0 0.936280 0.088720 0.014391 0.025745
0 0.090123 0.088810 0.137392 0.030004
0 0.255006 0.653724 0.021656 0.039020
0 0.403047 0.089095 0.022347 0.024942
0 0.217370 0.654470 0.018177 0.037090
0 0.563650 0.736609 0.073112 0.030552
0 0.333048 0.088290 0.101079 0.029348
0 0.172689 0.654793 0.017391 0.035955
0 0.471896 0.089221 0.102111 0.029714
0 0.634066 0.736045 0.056745 0.031167
3 0.313596 0.654382 0.029104 0.037169
3 0.190153 0.655347 0.017756 0.035111
3 0.115167 0.164440 0.144144 0.040354
0 0.028430 0.208796 0.020802 0.034731
5 0.225408 0.164591 0.076506 0.039522
0 0.028437 0.164057 0.025056 0.039808
0 0.052696 0.209765 0.026449 0.032473
3 0.567590 0.088459 0.074417 0.028542
5 0.355115 0.489207 0.012711 0.026954
5 0.355768 0.578078 0.012962 0.027314
0 0.658922 0.327769 0.017718 0.035489
5 0.355798 0.534346 0.012509 0.023810
5 0.154485 0.362232 0.028225 0.032455
5 0.089324 0.400543 0.103126 0.033216
3 0.275608 0.429300 0.109693 0.040999
5 0.154859 0.396027 0.027753 0.035303
5 0.089342 0.363214 0.102713 0.037298