1 0.746792 0.667814 0.014210 0.024499
1 0.579672 0.667816 0.014356 0.026282
1 0.579722 0.596430 0.013872 0.027069
1 0.746885 0.879402 0.014316 0.027687
1 0.431030 0.844060 0.014704 0.028393
1 0.746607 0.774982 0.013430 0.025387
1 0.579709 0.774776 0.013906 0.027296
1 0.808557 0.774709 0.012742 0.026047
1 0.430172 0.774113 0.015228 0.029789
1 0.579678 0.560021 0.014220 0.027724
1 0.610415 0.878949 0.012234 0.028257
1 0.580057 0.630253 0.014313 0.029080
1 0.430341 0.667443 0.015607 0.029788
0 0.308797 0.309927 0.134785 0.040236
1 0.610217 0.774567 0.011483 0.026780
1 0.746591 0.844871 0.013627 0.024317
1 0.747180 0.560500 0.013900 0.026291
1 0.579708 0.738738 0.014519 0.027413
1 0.579859 0.844013 0.013991 0.026113
1 0.746795 0.596413 0.013813 0.024423
1 0.809499 0.878887 0.013700 0.027612
1 0.809368 0.667417 0.013951 0.024188
1 0.430638 0.560200 0.015054 0.029542
5 0.190363 0.263694 0.091299 0.039941
0 0.418749 0.172863 0.020992 0.036964
1 0.610358 0.560579 0.012094 0.027498
1 0.808995 0.844173 0.013380 0.025247
1 0.430346 0.595738 0.015704 0.028635
1 0.610276 0.844023 0.011892 0.026401
1 0.431061 0.879155 0.015817 0.032062
1 0.808940 0.596270 0.013589 0.025671
1 0.611061 0.667469 0.012661 0.025334
5 0.295448 0.807866 0.040975 0.035863
1 0.579938 0.879421 0.014504 0.028966
1 0.747128 0.738580 0.013643 0.025304
1 0.809923 0.560451 0.013642 0.026244
0 0.461062 0.173530 0.022478 0.036924
1 0.610593 0.702367 0.011909 0.028301
0 0.377624 0.172860 0.022142 0.038156
1 0.430369 0.630470 0.015373 0.030934
1 0.430778 0.808069 0.014224 0.029736
5 0.295341 0.773519 0.040579 0.036825
0 0.439875 0.173056 0.020478 0.036674
0 0.889834 0.975947 0.066640 0.038597
1 0.747234 0.702912 0.014097 0.027638
5 0.158890 0.217368 0.028989 0.035576
1 0.778345 0.774809 0.013048 0.025201
5 0.329048 0.773803 0.028916 0.035906
1 0.809757 0.737836 0.013263 0.026249
5 0.295236 0.877940 0.040448 0.037127
5 0.210450 0.736269 0.127447 0.034389
1 0.610531 0.739622 0.011704 0.026305
1 0.747049 0.630814 0.014131 0.026337
1 0.716213 0.775190 0.012992 0.025086
1 0.715819 0.667412 0.013425 0.024669
5 0.209994 0.700102 0.128011 0.033203
1 0.430404 0.739257 0.015459 0.029636
1 0.580309 0.807557 0.013799 0.027789
5 0.082463 0.736862 0.130256 0.040318
1 0.746885 0.808276 0.013446 0.026156
5 0.484979 0.808681 0.080058 0.036762
1 0.611693 0.631407 0.012084 0.026218
1 0.580031 0.702675 0.014739 0.028703
5 0.295380 0.664440 0.040441 0.041459
5 0.082954 0.809094 0.131343 0.037741
1 0.715348 0.595987 0.012754 0.023422
1 0.580006 0.524193 0.014711 0.028315
5 0.392831 0.807925 0.046146 0.035514
5 0.295410 0.596929 0.040644 0.037422
5 0.295595 0.843655 0.040520 0.034437
1 0.777711 0.667587 0.012876 0.023728
5 0.328968 0.807758 0.029343 0.035650
5 0.485010 0.773799 0.079729 0.038374
5 0.357009 0.773926 0.028948 0.036209
5 0.392928 0.774100 0.046115 0.035679
3 0.343097 0.093111 0.037238 0.029852
5 0.329196 0.843577 0.028748 0.036110
5 0.661959 0.808052 0.075534 0.037974
5 0.392699 0.878341 0.045641 0.036079
5 0.083200 0.666144 0.130778 0.045718
5 0.329378 0.877962 0.028662 0.036731
1 0.777512 0.595796 0.012603 0.023011
1 0.747104 0.913249 0.013955 0.024263
1 0.714868 0.630319 0.012737 0.026349
1 0.809558 0.702668 0.013799 0.027651
1 0.430769 0.703040 0.015441 0.031202
1 0.715820 0.559489 0.012821 0.026000
1 0.808867 0.807884 0.013059 0.026958
5 0.661898 0.524420 0.075337 0.035871
5 0.082013 0.561362 0.129814 0.040651
5 0.210247 0.877719 0.128102 0.039776
5 0.544016 0.807942 0.041672 0.035100
5 0.392690 0.843554 0.045589 0.035732
5 0.392317 0.596551 0.045580 0.036164
5 0.209867 0.628360 0.126578 0.036760
0 0.963589 0.092519 0.045621 0.036278
5 0.485514 0.878217 0.080630 0.037916
5 0.485148 0.664790 0.079719 0.043002
1 0.777604 0.559844 0.012343 0.025273
0 0.956885 0.975376 0.056246 0.029409
5 0.392664 0.560744 0.045919 0.037767
5 0.661737 0.597549 0.075508 0.038260
1 0.746263 0.942314 0.014158 0.017920
0 0.398807 0.173154 0.020161 0.037209
5 0.544097 0.878242 0.042375 0.035565
5 0.295579 0.559974 0.040412 0.038612
5 0.484993 0.524258 0.079214 0.036322
5 0.660795 0.560803 0.073526 0.037342
5 0.356640 0.560408 0.029226 0.036622
5 0.357160 0.878087 0.029419 0.036162
5 0.357083 0.843483 0.029011 0.036658
5 0.661861 0.773615 0.076187 0.036717
5 0.544645 0.524260 0.042656 0.034376
5 0.392928 0.702791 0.045678 0.037072
5 0.392745 0.629581 0.046050 0.034280
5 0.660764 0.666068 0.073408 0.038067
5 0.392659 0.665196 0.045861 0.039929
0 0.027919 0.093598 0.052645 0.030784
5 0.544413 0.630417 0.042630 0.034364
5 0.485037 0.560308 0.080099 0.040135
5 0.329063 0.701869 0.029198 0.036248
1 0.777092 0.879022 0.012124 0.026781
5 0.543763 0.596838 0.041686 0.036181
5 0.543968 0.773685 0.041769 0.034927
5 0.329177 0.664869 0.028993 0.041005
5 0.295367 0.737200 0.041054 0.035844
5 0.329228 0.737135 0.028729 0.038437
1 0.809119 0.630466 0.013761 0.026843
1 0.716455 0.737998 0.013647 0.025744
5 0.184238 0.310368 0.078500 0.038746
5 0.295039 0.703649 0.041285 0.038963
5 0.081381 0.526084 0.128896 0.036832
0 0.100274 0.093722 0.080495 0.029813
5 0.209692 0.914192 0.127681 0.036659
1 0.610840 0.808013 0.011801 0.027867
5 0.082874 0.878171 0.131499 0.038225
5 0.357040 0.807605 0.029527 0.034820
5 0.082090 0.630534 0.130321 0.033203
5 0.544586 0.560015 0.042802 0.038410
5 0.661737 0.878371 0.076217 0.037005
5 0.082528 0.701409 0.130705 0.030589
5 0.295274 0.914749 0.040477 0.037595
5 0.082701 0.914774 0.130551 0.037866
1 0.579652 0.913646 0.014298 0.026811
5 0.357045 0.596699 0.029499 0.036358
5 0.210316 0.662155 0.126007 0.037946
0 0.171349 0.400936 0.035051 0.033481
1 0.715047 0.879358 0.012570 0.027404
1 0.778216 0.737775 0.013289 0.025448
1 0.579711 0.489832 0.015217 0.026725
1 0.715436 0.844380 0.012487 0.023906
5 0.357061 0.629557 0.029181 0.034230
5 0.295090 0.628491 0.041179 0.033430
1 0.610416 0.914113 0.012166 0.026323
5 0.485253 0.843886 0.080325 0.036175
1 0.430320 0.915123 0.015967 0.033227
5 0.661720 0.844101 0.075440 0.037583
5 0.485071 0.700963 0.078963 0.031929
1 0.777192 0.844560 0.011848 0.023443
1 0.809700 0.913695 0.013523 0.025830
5 0.543939 0.665213 0.041826 0.040787
1 0.715021 0.524977 0.010632 0.028431
5 0.543800 0.701876 0.042104 0.034939
5 0.328704 0.560414 0.029546 0.038797
5 0.083157 0.844666 0.131124 0.037115
5 0.543955 0.843797 0.041795 0.035630
5 0.392758 0.737495 0.046004 0.038138
5 0.357118 0.664559 0.028934 0.040974
5 0.662412 0.702931 0.076318 0.037711
1 0.611139 0.525044 0.013442 0.029598
5 0.210983 0.560293 0.130531 0.042332
5 0.329104 0.596255 0.028877 0.036012
5 0.661913 0.630612 0.076144 0.035664
1 0.715299 0.807701 0.012177 0.026486
0 0.190613 0.092586 0.086008 0.031572
5 0.329174 0.627747 0.030081 0.035759
5 0.392873 0.915313 0.046477 0.038229
1 0.747576 0.525001 0.014595 0.027474
5 0.357048 0.736812 0.030218 0.036264
5 0.210416 0.844304 0.127726 0.036644
5 0.484782 0.488769 0.079038 0.039370
1 0.777123 0.807574 0.011850 0.026426
1 0.777720 0.488749 0.014031 0.026479
5 0.357187 0.702415 0.029002 0.036260
5 0.543821 0.489093 0.041952 0.035843
5 0.661646 0.488802 0.074510 0.039062
5 0.392695 0.524425 0.047395 0.034603
1 0.715692 0.488971 0.014280 0.025569
5 0.485034 0.612879 0.079176 0.000000
1 0.808939 0.526144 0.013404 0.025807
1 0.431445 0.489673 0.016478 0.029399
5 0.357228 0.915189 0.029584 0.038477
1 0.777667 0.524749 0.013450 0.026655
1 0.777348 0.630263 0.012752 0.026650
1 0.716107 0.702515 0.013910 0.027234
1 0.431635 0.524310 0.015284 0.029199
5 0.329076 0.914176 0.028961 0.036977
5 0.662008 0.738465 0.076235 0.038221
5 0.484968 0.735923 0.079191 0.040283
5 0.485197 0.914798 0.079090 0.038083
5 0.543928 0.737262 0.041848 0.037534
1 0.716093 0.913160 0.012470 0.024339
5 0.485171 0.612594 0.079447 0.060967
1 0.777556 0.912935 0.012426 0.024474
1 0.009441 0.843900 0.012539 0.024689
5 0.355945 0.523558 0.028047 0.032265
5 0.209991 0.597717 0.130658 0.029268
5 0.544704 0.915687 0.042771 0.039091
5 0.661928 0.916298 0.073707 0.039979
1 0.777551 0.942549 0.012775 0.017783
5 0.082476 0.773458 0.129674 0.033531
1 0.778032 0.702440 0.013258 0.026577
1 0.747433 0.489260 0.015401 0.027006
1 0.610082 0.490771 0.010899 0.025601
5 0.392243 0.488457 0.046486 0.036862
5 0.211149 0.173296 0.135813 0.039710
3 0.279520 0.093337 0.076207 0.029839
1 0.009224 0.809071 0.012972 0.027335
1 0.008592 0.560597 0.013009 0.026528
1 0.009441 0.773800 0.012539 0.029098
1 0.009224 0.879171 0.012972 0.028216
1 0.009556 0.668185 0.013009 0.025546
1 0.009556 0.489364 0.013009 0.029476
1 0.009074 0.525717 0.013009 0.027511
5 0.083161 0.596674 0.129466 0.034516
1 0.008792 0.738089 0.013837 0.024689
5 0.327615 0.523408 0.029525 0.032574
1 0.009074 0.596951 0.013973 0.024563
1 0.009074 0.631831 0.012045 0.027511
5 0.211258 0.771250 0.129130 0.040318
1 0.809083 0.944670 0.011098 0.011080
1 0.008792 0.703260 0.013837 0.025571
1 0.009224 0.915764 0.013837 0.027335
1 0.430576 0.942334 0.016133 0.018588
1 0.611121 0.596978 0.012101 0.028158
5 0.210349 0.808011 0.129786 0.040318
1 0.809371 0.489228 0.013404 0.028627
5 0.294992 0.523292 0.039574 0.032985