0 0.051243 0.170438 0.021770 0.040878
0 0.020865 0.172202 0.020807 0.042908
0 0.979583 0.087821 0.040081 0.031928
3 0.037301 0.087692 0.037468 0.031219
3 0.160128 0.171792 0.017209 0.040911
0 0.074888 0.171167 0.020295 0.039766
0 0.120528 0.171112 0.021037 0.038995
0 0.188194 0.172021 0.022324 0.039479
0 0.936347 0.089467 0.035641 0.036467
0 0.143038 0.171288 0.017980 0.040465
0 0.097565 0.171036 0.020745 0.038806
0 0.249121 0.171682 0.018342 0.037044
0 0.210877 0.171489 0.017881 0.040670
3 0.227921 0.172111 0.017937 0.038778
1 0.016237 0.331779 0.013425 0.028177
1 0.015848 0.298613 0.013584 0.026463
1 0.016083 0.262698 0.013116 0.026463
1 0.928971 0.264589 0.012648 0.024573
1 0.928971 0.299085 0.011711 0.025518