0 0.448405 0.815190 0.019492 0.032485
0 0.510157 0.817720 0.017735 0.037121
0 0.448383 0.174539 0.019235 0.034464
0 0.424274 0.816596 0.019280 0.034081
0 0.140855 0.817338 0.019020 0.034361
0 0.467607 0.815301 0.019322 0.033696
5 0.165001 0.335296 0.118392 0.034421
5 0.165331 0.294248 0.118866 0.034049
0 0.531834 0.817397 0.023193 0.037766
0 0.491534 0.173963 0.019271 0.034635
0 0.491163 0.818219 0.019239 0.036123
5 0.122219 0.534364 0.030855 0.034190
0 0.424392 0.174405 0.019301 0.034431
0 0.467405 0.174239 0.019413 0.034196
5 0.066916 0.816897 0.068818 0.037004
0 0.910087 0.977675 0.058838 0.034262
5 0.141286 0.656360 0.070190 0.034260
0 0.510491 0.174063 0.017310 0.033974
0 0.970994 0.977582 0.052332 0.029325
5 0.208332 0.655927 0.046790 0.034182
5 0.134352 0.575275 0.057146 0.035316
5 0.464589 0.534947 0.026916 0.033868
5 0.121911 0.494843 0.031171 0.033539
5 0.165339 0.174573 0.119950 0.035049
3 0.035708 0.081017 0.067371 0.027003
0 0.498119 0.614976 0.017795 0.032750
5 0.464100 0.493619 0.025763 0.034682
5 0.288746 0.817778 0.252901 0.037004
0 0.974526 0.081647 0.044401 0.033084
3 0.171765 0.616630 0.129623 0.036168
5 0.465551 0.574041 0.030695 0.034522
3 0.094697 0.081127 0.032413 0.023895
0 0.240263 0.656138 0.018691 0.033458
5 0.015278 0.815495 0.012972 0.034522
5 0.189249 0.575656 0.033074 0.031215
0 0.121326 0.818219 0.019248 0.034361
0 0.461328 0.614203 0.019872 0.033800
0 0.478995 0.614436 0.017411 0.032580
0 0.033092 0.134457 0.025409 0.032384
5 0.320049 0.174140 0.190129 0.033432