5 0.327554 0.476554 0.486985 0.308023
5 0.248049 0.751978 0.123888 0.041280
5 0.715825 0.846432 0.049869 0.038431
5 0.739295 0.800459 0.095042 0.040685
5 0.333305 0.891773 0.054423 0.040435
0 0.954594 0.960616 0.073574 0.038945
0 0.024438 0.959511 0.031270 0.044102
3 0.962276 0.094642 0.032413 0.033830
5 0.773944 0.752681 0.163867 0.043154
5 0.739353 0.890913 0.096842 0.042828
5 0.215148 0.847363 0.059246 0.038977
5 0.245625 0.891753 0.117714 0.042130
5 0.311428 0.704888 0.249858 0.044615
5 0.233803 0.799638 0.096552 0.040436
0 0.777806 0.799303 0.018056 0.033101
3 0.729058 0.092316 0.109203 0.033588
0 0.070872 0.093208 0.102023 0.031831
3 0.443544 0.092449 0.103146 0.031682
3 0.311460 0.092176 0.130310 0.033812
3 0.585336 0.093035 0.148627 0.034349
0 0.184124 0.092469 0.091153 0.032374
0 0.351873 0.893155 0.015358 0.036843
0 0.779028 0.892686 0.016607 0.036095
0 0.272422 0.799047 0.016762 0.036712