0 0.770259 0.803640 0.017180 0.034705
5 0.460958 0.561916 0.066549 0.041088
5 0.768767 0.756641 0.162619 0.042518
5 0.224977 0.802103 0.092177 0.040679
5 0.241690 0.755027 0.123874 0.045423
5 0.209044 0.848553 0.059455 0.040912
0 0.771640 0.896851 0.017471 0.036115
5 0.353300 0.514270 0.043672 0.039808
5 0.325917 0.896746 0.055870 0.039148
0 0.947425 0.964257 0.075662 0.044019
5 0.708539 0.849041 0.048848 0.040183
0 0.635276 0.468139 0.070355 0.040674
5 0.371727 0.562128 0.082617 0.040730
0 0.701091 0.688425 0.023937 0.038429
0 0.018033 0.963609 0.031608 0.042506
0 0.064470 0.096823 0.103591 0.031978
5 0.239072 0.896274 0.118392 0.041469
0 0.416459 0.563614 0.016417 0.036798
3 0.435988 0.094459 0.103460 0.033863
0 0.176989 0.095905 0.089888 0.033157
3 0.577830 0.096270 0.146725 0.033271
5 0.465188 0.468602 0.262667 0.040116
3 0.722392 0.095352 0.106551 0.033711
3 0.302840 0.095449 0.129198 0.034789
3 0.955195 0.097678 0.032543 0.033846
5 0.731410 0.803098 0.093913 0.040939
0 0.265339 0.803814 0.015738 0.032307
5 0.732768 0.896046 0.097230 0.041016
1 0.337745 0.609746 0.014855 0.029449
0 0.754191 0.689766 0.069103 0.037170
0 0.344985 0.897300 0.017394 0.036161
0 0.229436 0.849856 0.017272 0.035465
0 0.079570 0.284420 0.112487 0.045038
0 0.784236 0.382344 0.018191 0.035537