0 0.113272 0.760314 0.021542 0.036518
0 0.905256 0.974861 0.068129 0.037025
0 0.139614 0.759939 0.021821 0.036957
0 0.091053 0.760358 0.020931 0.036767
0 0.083976 0.090396 0.063245 0.026354
0 0.162059 0.759940 0.021020 0.037282
0 0.064194 0.760419 0.021899 0.036674
0 0.189055 0.759756 0.023419 0.038534
0 0.042908 0.760064 0.019818 0.035146
0 0.021285 0.759893 0.021632 0.035333
5 0.357879 0.173659 0.257691 0.037520
5 0.181979 0.173844 0.091408 0.038254
0 0.972836 0.974820 0.054327 0.035352
5 0.217153 0.354857 0.159463 0.037874
0 0.028100 0.090915 0.033164 0.028364
0 0.159196 0.090542 0.068587 0.028549
0 0.978548 0.090875 0.042904 0.036791
3 0.302913 0.091345 0.032819 0.028130
0 0.078577 0.264174 0.091395 0.038994
0 0.321153 0.307857 0.023685 0.036431
5 0.021346 0.638934 0.014582 0.028569
5 0.021420 0.567658 0.013643 0.027731
5 0.315450 0.353091 0.035355 0.036171
5 0.217629 0.309307 0.160879 0.038729
3 0.240532 0.091421 0.078897 0.028762
5 0.021567 0.674027 0.015720 0.028201
5 0.021188 0.534002 0.015046 0.029492
5 0.623575 0.676295 0.140829 0.042940
5 0.624486 0.638734 0.140573 0.038990
5 0.094663 0.532422 0.076242 0.039997
5 0.371131 0.638477 0.186480 0.038613
5 0.765265 0.638627 0.143178 0.039817
5 0.021079 0.605461 0.014686 0.029077
0 0.922091 0.442816 0.014748 0.031590
5 0.371145 0.678598 0.187132 0.046336
5 0.094444 0.639152 0.076153 0.037179
5 0.764568 0.677536 0.142579 0.045543
5 0.528853 0.675956 0.051430 0.040771
5 0.243120 0.533755 0.077113 0.042280
5 0.242335 0.638765 0.077687 0.036721
5 0.242578 0.676584 0.077408 0.042557
5 0.528645 0.639184 0.051626 0.036837
5 0.095041 0.569693 0.075728 0.037678
5 0.484037 0.676165 0.040359 0.041566
5 0.168683 0.533228 0.074086 0.042875
5 0.168165 0.638835 0.072275 0.036900
5 0.625198 0.534498 0.142170 0.042880
5 0.044461 0.638905 0.028197 0.035487
5 0.094846 0.676369 0.076181 0.041789
5 0.483836 0.639094 0.039961 0.035918
5 0.044962 0.675422 0.028670 0.036287
5 0.044451 0.569025 0.028402 0.035071
5 0.095258 0.606682 0.076666 0.033731
5 0.624645 0.574641 0.143196 0.043294
5 0.168779 0.676859 0.075618 0.041777
5 0.044480 0.606014 0.028428 0.032946
5 0.242923 0.571114 0.077019 0.037681
5 0.044502 0.533373 0.027853 0.036519
5 0.878235 0.674100 0.086512 0.038663
5 0.877622 0.638775 0.086515 0.038608
5 0.242621 0.606768 0.076767 0.033468
5 0.624256 0.594869 0.143214 0.054039
5 0.168791 0.571048 0.074258 0.037772
5 0.168330 0.606248 0.073834 0.036109