5 0.327835 0.480290 0.483414 0.306432
5 0.246978 0.752527 0.124165 0.036592
5 0.714513 0.845852 0.048353 0.041333
5 0.737744 0.800115 0.096910 0.041445
5 0.773536 0.751393 0.166461 0.043688
0 0.023139 0.960055 0.029535 0.037560
3 0.960430 0.092296 0.032169 0.034881
0 0.953528 0.960886 0.075677 0.040638
5 0.331454 0.892482 0.053798 0.038370
5 0.213992 0.845773 0.060415 0.040209
3 0.727497 0.089502 0.109265 0.034068
5 0.737820 0.892184 0.096768 0.042176
5 0.309980 0.703807 0.249413 0.044448
0 0.069726 0.090864 0.103535 0.031939
0 0.776738 0.798211 0.018205 0.032899
3 0.442456 0.089796 0.103756 0.032116
5 0.243628 0.893844 0.117382 0.040974
5 0.232141 0.799100 0.095123 0.040718
3 0.309093 0.089536 0.130035 0.034221
3 0.584217 0.089978 0.148735 0.034981
0 0.182864 0.089743 0.091241 0.033434
0 0.777178 0.892866 0.016186 0.037210
5 0.775955 0.798833 0.018537 0.035903
0 0.270683 0.799607 0.015676 0.034612
0 0.083992 0.277305 0.111659 0.044780