0 0.666757 0.126149 0.026352 0.042266
0 0.637810 0.126946 0.025490 0.042304
0 0.213083 0.297783 0.092155 0.042926
0 0.328446 0.127011 0.026883 0.044070
0 0.358086 0.128236 0.026378 0.044383
0 0.088616 0.298843 0.126387 0.046383
0 0.732915 0.124506 0.025782 0.041134
0 0.421671 0.126927 0.026509 0.045196
3 0.151366 0.128598 0.188826 0.054311
0 0.387573 0.128370 0.026969 0.044781
0 0.704624 0.125985 0.024996 0.042742
0 0.292323 0.127311 0.027297 0.044435
0 0.481276 0.125733 0.028139 0.045262
5 0.356659 0.496098 0.123026 0.054014
0 0.343164 0.299933 0.131906 0.047284
0 0.451028 0.127052 0.022449 0.043012
5 0.324494 0.604587 0.054821 0.054239
0 0.514659 0.125296 0.031005 0.044407
0 0.263558 0.126122 0.023019 0.040362
0 0.600321 0.125818 0.027082 0.044322
5 0.323784 0.549295 0.053678 0.045702
0 0.572627 0.125617 0.023120 0.042344
0 0.037129 0.128818 0.027674 0.043718
0 0.544927 0.125324 0.025198 0.042737
0 0.025583 0.045214 0.019896 0.030723