1 0.025443 0.406748 0.013313 0.030118
0 0.670522 0.944068 0.049419 0.036990
3 0.055971 0.097025 0.090280 0.036684
0 0.727512 0.942050 0.048804 0.034637
1 0.025443 0.360202 0.013313 0.026467
0 0.960571 0.218086 0.044419 0.040805
0 0.780916 0.941498 0.042941 0.031193
0 0.792012 0.153133 0.016985 0.031516
0 0.013472 0.962776 0.026943 0.038020
0 0.942414 0.088154 0.095819 0.031665
5 0.657116 0.236721 0.287933 0.042716
3 0.349636 0.236489 0.290806 0.040759
3 0.348423 0.151218 0.289586 0.038044
5 0.657330 0.152917 0.289437 0.039868
0 0.884046 0.216670 0.094600 0.040866
5 0.085461 0.220412 0.143111 0.040157
0 0.793116 0.235818 0.015209 0.032311
1 0.026109 0.455119 0.012869 0.030118