0 0.424921 0.915081 0.022364 0.039590
0 0.377765 0.915030 0.021874 0.040109
5 0.529396 0.513918 0.084749 0.042208
0 0.295734 0.915073 0.022427 0.038950
5 0.494822 0.162860 0.046247 0.040365
0 0.132697 0.182212 0.021235 0.043354
5 0.764015 0.413497 0.086009 0.045480
0 0.400647 0.914901 0.021837 0.039591
5 0.771896 0.514517 0.100457 0.042807
5 0.771815 0.463984 0.099759 0.042324
5 0.472881 0.464838 0.198584 0.043460
5 0.416145 0.515864 0.083382 0.043106
0 0.273293 0.915242 0.021066 0.038706
3 0.732884 0.103358 0.039954 0.032539
1 0.255552 0.842163 0.015413 0.032480
0 0.194263 0.105040 0.154251 0.039405
5 0.544962 0.213821 0.311324 0.045504
0 0.066421 0.103631 0.085808 0.033685
0 0.249429 0.915388 0.022878 0.039134
0 0.331104 0.103968 0.100541 0.034774
5 0.431242 0.162687 0.082731 0.042673
3 0.439233 0.364542 0.130423 0.044005
0 0.289643 0.314947 0.057383 0.036936
1 0.256116 0.803125 0.015343 0.031358
0 0.009585 0.182415 0.019170 0.041467
0 0.979447 0.103846 0.040979 0.039253
1 0.363932 0.842455 0.013837 0.030534
5 0.439361 0.413683 0.130807 0.041705
1 0.256318 0.764888 0.015449 0.033520
0 0.557012 0.104243 0.109810 0.034334
0 0.529570 0.163110 0.025857 0.044176
0 0.440804 0.104991 0.104616 0.035974
3 0.663494 0.103965 0.083642 0.033945
5 0.690883 0.800985 0.440010 0.041228
1 0.363716 0.803839 0.015134 0.028738
1 0.363932 0.764325 0.013837 0.028738
3 0.101462 0.182958 0.019242 0.041966
5 0.113779 0.571136 0.227558 0.043230
5 0.113957 0.494217 0.227905 0.043727
5 0.113576 0.650127 0.227152 0.044471
5 0.113792 0.610404 0.227583 0.041103
5 0.114127 0.532372 0.227653 0.043966
0 0.033150 0.182986 0.020060 0.041310
5 0.426349 0.801971 0.094247 0.039864
5 0.691111 0.840944 0.439602 0.046881
5 0.427179 0.841128 0.094201 0.042186
0 0.082611 0.183410 0.020469 0.041666
5 0.113792 0.688699 0.227583 0.041555
3 0.051970 0.182775 0.017418 0.042684
5 0.113792 0.728538 0.227584 0.045295
5 0.114086 0.455096 0.228172 0.040916
0 0.469923 0.968802 0.072425 0.029634
5 0.113792 0.845450 0.227584 0.039876
5 0.113359 0.765632 0.226718 0.040105
5 0.113576 0.807292 0.227152 0.045827
5 0.427093 0.762947 0.093229 0.040762
5 0.115520 0.417897 0.224717 0.040678
5 0.941585 0.917143 0.046645 0.044005