0 0.070199 0.222751 0.023632 0.042244
0 0.069910 0.882373 0.022147 0.040031
0 0.459560 0.223253 0.107675 0.041640
0 0.024744 0.323584 0.022854 0.039604
0 0.281911 0.223213 0.023402 0.040788
0 0.353448 0.223331 0.107538 0.043606
0 0.703732 0.978979 0.061882 0.040190
0 0.531100 0.222969 0.024403 0.043052
0 0.772364 0.979917 0.060964 0.031767
0 0.577400 0.222586 0.023710 0.042177
0 0.847374 0.979323 0.072212 0.031993
0 0.554020 0.222913 0.022698 0.042054
1 0.094114 0.882215 0.014454 0.032278
5 0.167985 0.223762 0.160995 0.045347
0 0.973621 0.979189 0.051308 0.032602
0 0.915276 0.978643 0.048206 0.030649
0 0.047023 0.222803 0.022940 0.042141
0 0.258558 0.223180 0.022839 0.039079
5 0.198037 0.375783 0.084749 0.044356
3 0.148808 0.101448 0.084072 0.035131
0 0.056846 0.102220 0.086840 0.034991
0 0.047013 0.882465 0.022614 0.043883
0 0.975149 0.102807 0.047988 0.033508
5 0.342379 0.881832 0.037709 0.043194
5 0.204565 0.476249 0.097119 0.042790
3 0.218233 0.101064 0.038713 0.031560
0 0.372488 0.881719 0.021986 0.042213
0 0.074489 0.323592 0.034067 0.034435
0 0.486266 0.528155 0.038337 0.043041
0 0.275233 0.326704 0.054132 0.038013
0 0.914690 0.101998 0.060145 0.034685
0 0.244849 0.477227 0.018725 0.038128
0 0.121365 0.324473 0.022700 0.031607