0 0.557338 0.220664 0.021385 0.041381
0 0.581957 0.220613 0.020085 0.040389
0 0.780628 0.220739 0.021617 0.042110
0 0.527293 0.220696 0.021450 0.042419
0 0.918912 0.220387 0.019458 0.041091
0 0.604993 0.220450 0.020323 0.041094
0 0.628529 0.220977 0.021597 0.041413
0 0.323287 0.220993 0.020755 0.041413
0 0.942484 0.220180 0.021765 0.041198
0 0.873205 0.220368 0.018223 0.038830
0 0.442636 0.221554 0.018711 0.039375
3 0.889664 0.220819 0.015688 0.041059
0 0.974707 0.083559 0.045837 0.032654
3 0.844650 0.220128 0.032764 0.041023
0 0.353595 0.082708 0.057605 0.029112
0 0.735619 0.220563 0.019766 0.039398
3 0.460310 0.221524 0.016979 0.039590
3 0.752558 0.220317 0.016627 0.041162
0 0.280797 0.083458 0.073814 0.029733
0 0.383535 0.221992 0.081288 0.042363
0 0.480831 0.221817 0.018965 0.039557
3 0.498784 0.221351 0.017904 0.041555
0 0.696597 0.219968 0.019873 0.041343
0 0.651815 0.220471 0.019210 0.041170
0 0.055725 0.083132 0.082863 0.029991
3 0.810487 0.219995 0.030965 0.041417
0 0.169452 0.082897 0.128864 0.031174
3 0.527907 0.083649 0.033674 0.027652
0 0.446770 0.083591 0.113839 0.029686
4 0.106365 0.672769 0.095835 0.026082
1 0.318099 0.319666 0.012972 0.026461
4 0.123107 0.712702 0.128836 0.031580
4 0.113042 0.747015 0.108780 0.025702
4 0.125482 0.602591 0.138429 0.030837
4 0.103805 0.526598 0.090879 0.029974
4 0.095859 0.487986 0.074336 0.023404
1 0.318099 0.357533 0.012107 0.027373
4 0.098872 0.856120 0.105182 0.024290
4 0.101254 0.893562 0.112195 0.031151
4 0.101717 0.783300 0.086174 0.025614
4 0.099366 0.819935 0.089492 0.025237
4 0.092775 0.454561 0.069463 0.023281
4 0.126379 0.563230 0.141319 0.029480
4 0.123461 0.417797 0.131002 0.030180
4 0.061611 0.162014 0.028845 0.023411
4 0.064495 0.198067 0.034614 0.024348
4 0.071706 0.238003 0.047996 0.029198
4 0.074948 0.273588 0.053617 0.027373
4 0.079489 0.309630 0.063562 0.028286
4 0.090947 0.346127 0.065724 0.028286
4 0.107810 0.383081 0.098586 0.027373
4 0.082948 0.639174 0.049725 0.025548
3 0.669420 0.222643 0.015999 0.041060
3 0.713884 0.221731 0.015566 0.041060