0 0.077571 0.124186 0.092483 0.051267
0 0.166980 0.124352 0.090129 0.049780
0 0.459159 0.810620 0.026801 0.049497
0 0.694104 0.432053 0.026839 0.048947
0 0.458625 0.432437 0.025621 0.047739
5 0.890468 0.125492 0.145220 0.050754
0 0.255711 0.123675 0.090227 0.049212
4 0.045532 0.662828 0.087883 0.035521
4 0.321735 0.950657 0.155216 0.040867
4 0.107460 0.286714 0.210487 0.038574
4 0.078567 0.555790 0.153050 0.035662
4 0.109473 0.340928 0.213206 0.038555
4 0.038761 0.716116 0.074570 0.035007
4 0.109572 0.446604 0.213008 0.039646
4 0.061972 0.608515 0.119291 0.035983
4 0.049864 0.931838 0.096202 0.034242
4 0.077174 0.501695 0.149090 0.036610
4 0.045209 0.769738 0.085931 0.032377
4 0.058465 0.822888 0.112921 0.037502
4 0.109022 0.394201 0.211411 0.038331
4 0.064850 0.233635 0.126961 0.036212
4 0.044962 0.877803 0.086261 0.032356
0 0.975607 0.123650 0.025901 0.045817
4 0.038325 0.983613 0.068137 0.032774
4 0.352191 0.571958 0.213618 0.040388
4 0.337211 0.671675 0.100468 0.043045