5 0.436959 0.306352 0.118313 0.039747
0 0.026086 0.531164 0.019744 0.036100
5 0.176838 0.759557 0.118247 0.038050
5 0.467873 0.351536 0.180037 0.037964
5 0.491527 0.760282 0.117408 0.037463
5 0.259149 0.624618 0.282786 0.040795
5 0.224307 0.715304 0.212660 0.039061
0 0.902374 0.973905 0.072685 0.036517
3 0.218257 0.168441 0.132230 0.041128
5 0.252637 0.759483 0.034770 0.037283
5 0.183448 0.304645 0.077732 0.039612
0 0.026545 0.258487 0.021753 0.039399
5 0.622275 0.759499 0.076272 0.037692
5 0.203923 0.891231 0.145332 0.028292
5 0.348478 0.714620 0.034553 0.037692
5 0.183569 0.348661 0.078415 0.039830
0 0.082989 0.260036 0.051637 0.036681
5 0.519883 0.890770 0.143555 0.029765
3 0.081168 0.168187 0.133011 0.040240
0 0.967138 0.970883 0.045517 0.031456
5 0.259140 0.669970 0.282804 0.041740
0 0.912939 0.085754 0.055304 0.030789
0 0.968998 0.086011 0.042114 0.030626
5 0.567021 0.759280 0.035216 0.037734
3 0.156201 0.395671 0.132947 0.039718
0 0.055500 0.086140 0.077228 0.030464
0 0.077616 0.533824 0.040206 0.032933
3 0.202167 0.086537 0.034839 0.028485
1 0.076480 0.395184 0.014355 0.027861
3 0.139160 0.086065 0.076569 0.030730
5 0.789532 0.168633 0.027044 0.038784
5 0.810643 0.169199 0.015402 0.037570
0 0.042277 0.395551 0.012627 0.028219
0 0.134374 0.259970 0.015193 0.027728
5 0.125281 0.890240 0.014701 0.026311
5 0.440788 0.890133 0.015092 0.026695
0 0.131113 0.531126 0.032347 0.029321