5 0.130842 0.596804 0.039629 0.047028
5 0.578137 0.752205 0.162524 0.045626
5 0.130350 0.493953 0.040244 0.048821
5 0.129602 0.442690 0.039125 0.040980
5 0.130805 0.647928 0.041124 0.045306
5 0.531366 0.702074 0.071966 0.043059
5 0.515131 0.650118 0.042069 0.042086
5 0.188313 0.752338 0.155920 0.049190
5 0.186685 0.853844 0.159395 0.046201
5 0.208610 0.241644 0.152697 0.050168
5 0.878986 0.801709 0.165906 0.047376
5 0.574131 0.802822 0.156502 0.045784
5 0.129715 0.395069 0.037579 0.043473
5 0.187165 0.805172 0.157674 0.050333
5 0.123035 0.544731 0.026453 0.045828
5 0.119097 0.699426 0.020608 0.044177
5 0.860356 0.445461 0.161261 0.048908
5 0.877293 0.752369 0.167216 0.051780
0 0.028582 0.100800 0.032037 0.032127
5 0.553384 0.899497 0.117565 0.031604
5 0.185298 0.897541 0.155057 0.033151
5 0.311600 0.751551 0.036197 0.048881
3 0.124900 0.098449 0.040516 0.036837
5 0.312255 0.802841 0.037847 0.045845
5 0.154581 0.191159 0.044638 0.041235
0 0.977223 0.100642 0.045456 0.041244
0 0.077614 0.097798 0.043827 0.035535
5 0.879536 0.393998 0.199029 0.047738
0 0.320780 0.239741 0.032776 0.046245