5 0.318066 0.345185 0.100209 0.041704
5 0.288261 0.294580 0.039535 0.041632
5 0.339444 0.244508 0.151848 0.044321
5 0.342287 0.393814 0.149553 0.044532
5 0.478571 0.192097 0.041126 0.045651
0 0.169614 0.103296 0.097478 0.031224
5 0.284471 0.854544 0.031878 0.040216
5 0.285162 0.802571 0.032836 0.046244
5 0.280903 0.497954 0.024459 0.044990
5 0.287132 0.700514 0.037205 0.046052
5 0.508188 0.344193 0.098685 0.041181
5 0.319209 0.701454 0.037847 0.045172
5 0.534044 0.244350 0.148392 0.045646
5 0.343132 0.446458 0.150226 0.042831
5 0.479312 0.294504 0.040638 0.040968
0 0.965369 0.971298 0.053213 0.039074
5 0.302904 0.701055 0.070930 0.046032
3 0.570560 0.104716 0.086639 0.031415
0 0.060171 0.105190 0.103989 0.037069
5 0.277211 0.752388 0.018259 0.045332
0 0.620229 0.498989 0.029854 0.046297
4 0.966032 0.104717 0.053060 0.041816
5 0.471755 0.498184 0.025308 0.046745
5 0.532120 0.445692 0.146101 0.045549
3 0.619595 0.298148 0.031026 0.046015
3 0.298950 0.105055 0.142135 0.027782
4 0.115722 0.601719 0.215703 0.043329
3 0.444949 0.105244 0.129828 0.031032
5 0.301430 0.652327 0.066027 0.045077
0 0.662389 0.104158 0.074182 0.030633
5 0.313659 0.394645 0.090693 0.045560
3 0.661605 0.104371 0.072748 0.030613
5 0.283988 0.651806 0.030613 0.044048
3 0.619735 0.346821 0.031033 0.043451
3 0.618975 0.245498 0.031318 0.045416
5 0.620100 0.347687 0.031268 0.045330
5 0.315438 0.194079 0.018207 0.040809
3 0.785864 0.103098 0.039964 0.031311
5 0.619348 0.192700 0.031216 0.047720
5 0.292317 0.193146 0.045542 0.042029
5 0.286358 0.301305 0.037891 0.043294
0 0.619384 0.192397 0.031296 0.047560
5 0.619298 0.294780 0.030035 0.047230
0 0.300641 0.104218 0.138995 0.028527