5 0.144515 0.682704 0.037458 0.035482
5 0.159985 0.316375 0.067506 0.032959
0 0.971737 0.981473 0.050306 0.033204
0 0.920547 0.982333 0.049574 0.032839
5 0.365482 0.684323 0.034951 0.036088
5 0.379563 0.316197 0.061560 0.033349
5 0.377793 0.357716 0.058572 0.033987
5 0.145801 0.277997 0.039502 0.036638
1 0.131467 0.440886 0.011515 0.028823
0 0.403804 0.939298 0.031554 0.029247
5 0.366899 0.763931 0.035576 0.035436
5 0.152293 0.724447 0.052442 0.035197
5 0.143442 0.765721 0.034372 0.036008
5 0.373813 0.724568 0.051598 0.036277
5 0.158454 0.357855 0.065174 0.036636
5 0.168894 0.236207 0.084703 0.033958
5 0.224337 0.563363 0.199630 0.039654
5 0.368338 0.278057 0.040140 0.038378
5 0.445928 0.563993 0.197623 0.038742
5 0.391633 0.238190 0.083840 0.035260
5 0.141532 0.640543 0.030017 0.034766
1 0.131048 0.482014 0.012291 0.027904
1 0.131189 0.521025 0.011981 0.024875
3 0.984448 0.082261 0.028832 0.031990
5 0.362680 0.644901 0.027872 0.038790
5 0.395524 0.602140 0.096070 0.036288
2 0.194156 0.318693 0.012322 0.030218
5 0.174699 0.601831 0.099611 0.035882
2 0.193741 0.358127 0.012444 0.027534
1 0.130855 0.400445 0.012335 0.024972
5 0.167612 0.876003 0.068476 0.039586
2 0.416871 0.317320 0.010880 0.025056
2 0.416055 0.361738 0.012512 0.031889
0 0.425121 0.239875 0.014687 0.038723
0 0.202937 0.239102 0.012972 0.033496
0 0.156671 0.278935 0.013837 0.024443
0 0.379499 0.277879 0.012107 0.021727
0 0.162869 0.642256 0.010377 0.029874
0 0.184705 0.725995 0.011675 0.028969
0 0.166112 0.767638 0.010810 0.030780
0 0.230034 0.606346 0.011242 0.028064
0 0.330206 0.563345 0.010377 0.028969
0 0.552168 0.562892 0.013837 0.031685
0 0.450988 0.601367 0.013837 0.027159
0 0.383823 0.643010 0.013837 0.030780
0 0.407388 0.725844 0.009945 0.026253
0 0.390309 0.765676 0.012972 0.029874