0 0.888980 0.971388 0.068984 0.039376
0 0.069949 0.343620 0.023547 0.051137
0 0.928301 0.100145 0.015614 0.031002
0 0.227699 0.517907 0.022915 0.048523
0 0.961799 0.972085 0.061887 0.037786
3 0.014863 0.343977 0.029229 0.047964
0 0.044907 0.342457 0.021996 0.048544
0 0.272770 0.518335 0.022039 0.047667
0 0.398710 0.521133 0.021436 0.045728
0 0.969126 0.100276 0.048702 0.033923
0 0.250674 0.517922 0.021245 0.048492
0 0.572927 0.517980 0.044735 0.047805
0 0.103351 0.344592 0.022561 0.046734
0 0.353130 0.519221 0.022386 0.047724
0 0.325076 0.518518 0.022894 0.049130
0 0.301844 0.518976 0.024480 0.050042
0 0.443359 0.519034 0.023370 0.047925
0 0.902653 0.100219 0.017952 0.031797
0 0.376598 0.521136 0.022011 0.045722
0 0.991207 0.569144 0.017586 0.046875
0 0.200794 0.519313 0.016537 0.049369
0 0.554280 0.617228 0.023218 0.044289
0 0.949060 0.570163 0.026235 0.048913
5 0.539211 0.161373 0.110725 0.045357
0 0.738769 0.101092 0.025487 0.033636
0 0.578482 0.617454 0.020889 0.042617
0 0.215373 0.100550 0.028247 0.029745
1 0.405082 0.445965 0.014269 0.028902
1 0.405573 0.406310 0.016981 0.028240
1 0.375463 0.406025 0.015566 0.027670
4 0.844516 0.321950 0.084276 0.026707
0 0.355482 0.101301 0.048405 0.030707
0 0.411667 0.100296 0.047253 0.030811
4 0.858607 0.675722 0.111524 0.031875
0 0.431132 0.366584 0.019670 0.036580
0 0.488331 0.099537 0.089084 0.028701
1 0.007724 0.613076 0.015209 0.034745
1 0.007888 0.771504 0.015591 0.036710
0 0.692143 0.099978 0.048633 0.030401
1 0.007708 0.692425 0.015187 0.035421
0 0.268397 0.673441 0.076201 0.038549
0 0.868058 0.220849 0.138712 0.054993
1 0.007744 0.655032 0.015310 0.036667
4 0.713049 0.330759 0.149776 0.031350
5 0.511006 0.402308 0.138179 0.042616
1 0.007745 0.733405 0.015384 0.036967
1 0.008086 0.811609 0.016098 0.038253
1 0.007448 0.578080 0.014834 0.035141
4 0.860219 0.373105 0.115665 0.026204
3 0.696709 0.558171 0.203744 0.055231
0 0.717209 0.227585 0.163450 0.043182
4 0.857965 0.573596 0.110861 0.029929
3 0.371548 0.617496 0.307142 0.044940
0 0.353707 0.669635 0.062683 0.033650
5 0.509701 0.361743 0.139849 0.043883
1 0.007753 0.851902 0.013956 0.030746
1 0.008044 0.459582 0.015700 0.028286
1 0.008044 0.538292 0.014537 0.020907
1 0.008335 0.497092 0.016282 0.029516
0 0.110426 0.103891 0.173516 0.029095
0 0.280983 0.104361 0.081211 0.033788
0 0.601609 0.103422 0.117156 0.031911
3 0.779785 0.103422 0.043046 0.045051
4 0.667327 0.281744 0.054989 0.035665
3 0.868465 0.523289 0.126716 0.036684
3 0.867743 0.626209 0.128162 0.034646
1 0.376112 0.366584 0.014269 0.032922
1 0.405731 0.367499 0.015566 0.027435
1 0.376112 0.445689 0.015134 0.030178
5 0.675265 0.720167 0.055587 0.044912
5 0.298441 0.720167 0.135532 0.044912
5 0.299378 0.871415 0.136156 0.046233
5 0.379947 0.870754 0.031229 0.039628
5 0.298441 0.914345 0.138030 0.026419