1 0.478680 0.866859 0.017957 0.029603
1 0.478691 0.765687 0.018226 0.029718
0 0.040438 0.294044 0.019068 0.035482
3 0.013525 0.293680 0.026695 0.036418
0 0.898625 0.976931 0.065565 0.039231
1 0.224242 0.864877 0.016848 0.029377
0 0.062918 0.293781 0.020158 0.036567
1 0.478951 0.797777 0.018476 0.029832
1 0.224197 0.831388 0.016572 0.032129
1 0.478669 0.696313 0.018428 0.032440
1 0.478888 0.731352 0.017300 0.032474
1 0.224138 0.764721 0.017986 0.028887
1 0.205329 0.865242 0.013300 0.026954
1 0.478599 0.832880 0.018170 0.032886
1 0.478949 0.901210 0.017333 0.029127
1 0.205557 0.695165 0.014770 0.028553
1 0.224221 0.730267 0.016572 0.031969
1 0.205631 0.798066 0.014341 0.028373
1 0.224217 0.900501 0.016743 0.027913
0 0.966291 0.978743 0.061382 0.037200
0 0.092710 0.294062 0.019275 0.037418
1 0.205469 0.764875 0.013620 0.027228
1 0.224593 0.796451 0.016807 0.031116
5 0.621752 0.696589 0.095244 0.038791
5 0.739761 0.612616 0.259884 0.044204
3 0.616788 0.393705 0.107293 0.036235
1 0.224252 0.694812 0.017281 0.029802
1 0.205543 0.900845 0.013605 0.026985
0 0.933165 0.092758 0.015513 0.030178
0 0.968321 0.092849 0.041453 0.030561
1 0.205299 0.832556 0.014180 0.028526
5 0.539734 0.902076 0.074481 0.042841
2 0.832409 0.134108 0.079003 0.038657
5 0.540351 0.797139 0.071984 0.037079
5 0.539813 0.864681 0.071658 0.036461
0 0.203647 0.091702 0.026516 0.028310
5 0.540543 0.831166 0.072050 0.034611
5 0.621469 0.728510 0.094678 0.034161
5 0.620211 0.657747 0.096035 0.042363
0 0.187013 0.175642 0.021265 0.033979
0 0.186442 0.608975 0.021214 0.036574
1 0.207526 0.831899 0.013295 0.024955
1 0.205398 0.731007 0.014244 0.028750
1 0.478713 0.928191 0.016697 0.017193
5 0.686438 0.696888 0.038233 0.036209
5 0.380364 0.137701 0.077253 0.030154
0 0.585807 0.092223 0.020206 0.027895
5 0.540440 0.729722 0.071722 0.033767
5 0.621606 0.831397 0.095327 0.034715
5 0.540326 0.695930 0.073440 0.036740
5 0.540444 0.763617 0.073151 0.036012
1 0.224244 0.926593 0.016003 0.014989
5 0.621708 0.797761 0.096063 0.038950
5 0.621626 0.902887 0.094763 0.045132
3 0.737494 0.611464 0.256115 0.044368
5 0.761069 0.696498 0.026654 0.035053
0 0.387335 0.180453 0.027635 0.028661
3 0.809284 0.092595 0.032583 0.029432
5 0.781057 0.285520 0.437886 0.182324
0 0.104995 0.095061 0.156589 0.024562
0 0.263591 0.093219 0.074681 0.028246
0 0.328188 0.092937 0.041510 0.028215
0 0.379427 0.092937 0.041078 0.031742
0 0.462446 0.094700 0.106802 0.022924
0 0.543304 0.093818 0.044537 0.031742
0 0.653997 0.094259 0.098154 0.030860
3 0.748260 0.091173 0.070480 0.031742
0 0.911128 0.094259 0.010810 0.027333
1 0.007495 0.393159 0.011242 0.023806
1 0.006198 0.427986 0.012107 0.024688
1 0.007279 0.462373 0.011675 0.026451
1 0.007495 0.496760 0.011242 0.024688
1 0.006630 0.529824 0.012107 0.023806
1 0.006846 0.564652 0.010810 0.022924
1 0.006774 0.599038 0.011242 0.021161
1 0.007639 0.631221 0.012972 0.023806
1 0.006774 0.665607 0.012107 0.022043
1 0.006774 0.699994 0.012107 0.023806
1 0.007207 0.734822 0.012107 0.024688
3 0.380754 0.609636 0.155987 0.037252
5 0.622641 0.762736 0.094556 0.036843
5 0.622942 0.864054 0.096362 0.038071
5 0.688589 0.730805 0.037340 0.027018
5 0.687385 0.762736 0.037340 0.041755
5 0.688288 0.800193 0.035534 0.038071
5 0.687220 0.833426 0.038916 0.036150
5 0.686787 0.864727 0.036321 0.038795
5 0.686355 0.899554 0.037186 0.039677
5 0.727072 0.697643 0.043672 0.036150
5 0.727072 0.731148 0.045401 0.032623
5 0.726856 0.764653 0.044969 0.034387
5 0.727641 0.798349 0.042602 0.033482
5 0.727641 0.833188 0.043490 0.036197
5 0.726088 0.866670 0.043934 0.034387
5 0.726754 0.901509 0.044377 0.037101
5 0.762240 0.731295 0.027241 0.031742
5 0.762457 0.764359 0.026808 0.037914
5 0.762024 0.799627 0.027673 0.034387
5 0.761592 0.831369 0.028538 0.034387
5 0.761376 0.865755 0.030700 0.037914
5 0.760727 0.900583 0.028538 0.035268
5 0.254104 0.697790 0.038051 0.035268
5 0.291074 0.696467 0.038483 0.036150
5 0.254130 0.731629 0.038623 0.032168
5 0.253888 0.867078 0.039348 0.033505
5 0.291290 0.730854 0.038051 0.036150
5 0.386849 0.798305 0.111558 0.035268
5 0.253456 0.764800 0.041078 0.037032
5 0.253456 0.799627 0.041078 0.037914
5 0.253239 0.834455 0.041510 0.033505
5 0.291723 0.764800 0.038916 0.035268
5 0.291939 0.799186 0.037618 0.037032
5 0.291506 0.833573 0.037618 0.035268
5 0.291290 0.867519 0.038051 0.034387
5 0.291290 0.901906 0.039780 0.036150
5 0.252375 0.901465 0.038916 0.033505
5 0.386849 0.696908 0.111558 0.037032
5 0.385768 0.732176 0.112855 0.033505
5 0.387066 0.765681 0.111126 0.033505
5 0.386675 0.832886 0.110943 0.038006
5 0.387341 0.868178 0.112275 0.036197
5 0.387563 0.902565 0.111831 0.036197
5 0.810775 0.697602 0.072779 0.035292
5 0.810553 0.731989 0.071448 0.033482
5 0.810331 0.765470 0.071891 0.035292
5 0.810553 0.799405 0.071448 0.036197
5 0.810109 0.834244 0.070560 0.031672
5 0.810331 0.865916 0.070116 0.037101
5 0.810553 0.899850 0.070560 0.038006
5 0.971015 0.696761 0.056211 0.037914
5 0.971671 0.731589 0.056658 0.035268
5 0.971022 0.767298 0.057955 0.032623
5 0.971239 0.799480 0.057522 0.035268
5 0.971239 0.832544 0.057522 0.034387
5 0.971022 0.868254 0.057955 0.035268
5 0.970806 0.901759 0.058388 0.031742
5 0.894265 0.696761 0.097289 0.037914
5 0.894049 0.730707 0.096856 0.033505
5 0.893400 0.899554 0.094695 0.036150
5 0.893400 0.865609 0.095559 0.037032
5 0.894481 0.764653 0.096856 0.037914
5 0.894481 0.799480 0.097721 0.035268
5 0.893833 0.831663 0.096424 0.032623
5 0.623059 0.136104 0.189639 0.030767
3 0.272995 0.138366 0.140676 0.031672