0 0.616247 0.699753 0.050389 0.030828
0 0.418845 0.265557 0.078222 0.040071
0 0.505510 0.265732 0.091234 0.039073
0 0.577888 0.701890 0.017383 0.035263
0 0.594445 0.266193 0.069528 0.039201
0 0.347417 0.266033 0.058715 0.038457
0 0.281644 0.265658 0.067067 0.038103
0 0.932772 0.267088 0.048813 0.035685
1 0.026763 0.382994 0.014141 0.026784
5 0.470750 0.550295 0.048708 0.034295
1 0.027028 0.575764 0.013934 0.029247
0 0.621985 0.359195 0.014842 0.029090
1 0.026530 0.510218 0.013191 0.027043
3 0.509322 0.467851 0.123135 0.033745
0 0.862007 0.265334 0.082624 0.036942
1 0.026912 0.540963 0.013557 0.027609
0 0.195423 0.266520 0.099272 0.037311
1 0.026842 0.350359 0.014258 0.031296
5 0.471115 0.632671 0.047378 0.037549
5 0.471065 0.511046 0.048056 0.034897
0 0.969427 0.265984 0.017130 0.036512
1 0.026741 0.411464 0.014238 0.031469
3 0.974660 0.083667 0.025862 0.024905
5 0.480787 0.590911 0.066949 0.035232
5 0.379112 0.946546 0.391962 0.106908
1 0.026020 0.477386 0.013318 0.028584
1 0.027029 0.607982 0.014445 0.030590
1 0.026219 0.443728 0.014136 0.029340
1 0.027262 0.313445 0.015678 0.032294
1 0.026907 0.585616 0.014608 0.028397
1 0.027411 0.639877 0.014359 0.026964
0 0.505001 0.591967 0.014341 0.031025
0 0.642921 0.359450 0.012426 0.025023
3 0.537143 0.431566 0.180957 0.034343
0 0.486589 0.509493 0.011242 0.023811
0 0.486589 0.550247 0.012972 0.024727
0 0.486589 0.632823 0.012972 0.029306