5 0.249096 0.508927 0.246046 0.045961
5 0.163880 0.379901 0.079136 0.040809
3 0.248746 0.293157 0.246747 0.043928
0 0.145083 0.088249 0.082729 0.029749
0 0.060738 0.088874 0.075607 0.031135
0 0.974016 0.976622 0.027282 0.034890
5 0.246349 0.208546 0.243446 0.040468
5 0.157280 0.680911 0.064805 0.034895
0 0.210385 0.087695 0.036483 0.027212
5 0.246346 0.723232 0.246261 0.040107
0 0.968045 0.088494 0.043858 0.035816
0 0.251650 0.089154 0.031032 0.027088
0 0.376465 0.208093 0.014899 0.031946
3 0.251965 0.089036 0.030802 0.027902
4 0.968205 0.088280 0.043521 0.036701
3 0.248004 0.249229 0.250927 0.043928