1 0.813812 0.809604 0.018413 0.032840
1 0.289572 0.741101 0.016997 0.031593
1 0.813815 0.707395 0.018548 0.032659
1 0.289076 0.706891 0.018608 0.034044
1 0.289488 0.809809 0.016967 0.031532
1 0.814231 0.844423 0.019111 0.032426
1 0.813495 0.774294 0.017937 0.032942
0 0.938410 0.085981 0.015517 0.030693
1 0.813587 0.877218 0.018016 0.032397
1 0.814233 0.742684 0.019001 0.031838
5 0.446247 0.139264 0.074376 0.036264
0 0.265201 0.086001 0.075410 0.031532
1 0.288931 0.878581 0.015950 0.033917
0 0.903124 0.974656 0.064411 0.037828
0 0.589536 0.086438 0.022816 0.030502
0 0.382184 0.084589 0.042619 0.028367
0 0.206384 0.086166 0.029194 0.029023
0 0.547064 0.085945 0.043616 0.028644
5 0.418686 0.404408 0.085882 0.039507
5 0.691501 0.139750 0.191045 0.040926
1 0.289144 0.774961 0.015857 0.034544
0 0.331349 0.084152 0.040683 0.028563
0 0.975651 0.085999 0.045314 0.031525
3 0.802926 0.623063 0.259443 0.046004
0 0.916192 0.085917 0.018069 0.032702
5 0.579712 0.230418 0.344581 0.044940
1 0.269241 0.743113 0.014119 0.024991
0 0.063462 0.288675 0.022593 0.038465
0 0.969280 0.976602 0.058952 0.038969
5 0.580031 0.315361 0.343241 0.042484
1 0.813739 0.914388 0.019233 0.035862
1 0.269382 0.845665 0.012107 0.025070
0 0.092753 0.289063 0.021378 0.039945
5 0.355050 0.809658 0.039349 0.033146
0 0.753104 0.087206 0.072453 0.034304
5 0.354714 0.707464 0.038413 0.034533
0 0.465199 0.086461 0.102484 0.030240
1 0.268691 0.880973 0.013489 0.026755
1 0.269382 0.709904 0.013837 0.027504
0 0.106504 0.086539 0.154568 0.034349
0 0.041392 0.288095 0.020593 0.037801
1 0.269176 0.779173 0.014249 0.024646
5 0.876094 0.707378 0.074303 0.038252
5 0.317384 0.809578 0.039725 0.033281
0 0.814781 0.086588 0.033802 0.032164
3 0.446412 0.623071 0.160421 0.043745
5 0.901099 0.138491 0.076903 0.040948
5 0.480650 0.776318 0.128048 0.037275
5 0.875778 0.809103 0.073493 0.037133
5 0.481440 0.709604 0.125706 0.039277
5 0.605272 0.776228 0.126422 0.037231
5 0.317486 0.707310 0.038474 0.034075
5 0.384905 0.707264 0.023890 0.033448
0 0.250730 0.184302 0.021593 0.034453
5 0.721994 0.776251 0.111770 0.036354
1 0.288840 0.913691 0.015977 0.031837
5 0.955400 0.707980 0.088682 0.043043
0 0.250907 0.621783 0.020984 0.034174
0 0.657167 0.087442 0.100829 0.034919
0 0.165689 0.288647 0.020721 0.038216
5 0.606302 0.709224 0.126750 0.040285
5 0.874717 0.775585 0.072364 0.035859
5 0.955726 0.776467 0.088548 0.036664
3 0.014784 0.288667 0.029030 0.038850
5 0.721551 0.809917 0.108828 0.040095
5 0.721865 0.707985 0.110297 0.042171
5 0.124386 0.559250 0.223403 0.041053
5 0.354712 0.775578 0.039312 0.036056
5 0.480390 0.809869 0.126872 0.041299
5 0.354920 0.879413 0.040205 0.037986
5 0.124330 0.662622 0.222007 0.039970
5 0.606921 0.809750 0.127448 0.041433
5 0.123855 0.867976 0.222851 0.041876
5 0.392293 0.313979 0.032864 0.036977
5 0.406974 0.707446 0.021929 0.032715
5 0.955578 0.809684 0.088844 0.039103
5 0.317739 0.843019 0.039648 0.035696
5 0.124621 0.766868 0.223757 0.042615
5 0.125682 0.593463 0.224676 0.042733
5 0.317775 0.741112 0.038803 0.035658
5 0.805076 0.621669 0.260987 0.044573
5 0.610891 0.404186 0.298510 0.039063
5 0.355339 0.741772 0.039091 0.035301
5 0.876225 0.844426 0.074689 0.037728
5 0.875840 0.742757 0.074233 0.037587
5 0.384886 0.809515 0.024426 0.032476
5 0.607075 0.880175 0.128296 0.039709
0 0.445738 0.622327 0.158135 0.041194
5 0.355098 0.843801 0.039708 0.035130
5 0.125097 0.799435 0.224792 0.039971
5 0.480947 0.880262 0.127974 0.039820
5 0.875759 0.880381 0.074211 0.039256
5 0.722038 0.744477 0.109096 0.037963
5 0.480607 0.744841 0.127268 0.039055
5 0.126522 0.696057 0.226760 0.042212
5 0.126009 0.456718 0.219975 0.041945
5 0.955508 0.744268 0.088984 0.038352
5 0.955346 0.880908 0.089061 0.040638
5 0.723749 0.844429 0.107990 0.037461
5 0.316999 0.879691 0.040895 0.039059
5 0.789715 0.706575 0.027361 0.033826
5 0.480801 0.844217 0.128033 0.038218
5 0.384925 0.741291 0.024565 0.035418
1 0.270247 0.812804 0.013837 0.026512
5 0.316938 0.775790 0.040189 0.037456
5 0.127650 0.491165 0.224260 0.043377
5 0.125035 0.830877 0.224223 0.039070
5 0.607613 0.846115 0.128695 0.039659
5 0.605508 0.744676 0.126814 0.039170
5 0.125113 0.628476 0.225297 0.044000
5 0.721420 0.880480 0.111856 0.039604
5 0.124898 0.388780 0.221690 0.043247
5 0.125100 0.729707 0.223158 0.040086
5 0.354900 0.913252 0.038559 0.032257
1 0.269193 0.916667 0.014214 0.023908
5 0.790314 0.808479 0.029536 0.034424
5 0.125318 0.420924 0.221325 0.038310
5 0.385017 0.878741 0.023973 0.036239
5 0.384835 0.775641 0.023604 0.035587
5 0.124142 0.902847 0.222925 0.041836
1 0.007324 0.387699 0.014648 0.033222
5 0.955494 0.845623 0.089011 0.038516
5 0.125629 0.525547 0.224643 0.043228
3 0.337198 0.140232 0.141442 0.036895
5 0.407003 0.741353 0.022232 0.034487
5 0.606988 0.916119 0.124941 0.039608
5 0.429332 0.183677 0.113050 0.037587
5 0.384871 0.843268 0.024362 0.034732
5 0.790949 0.774471 0.029523 0.033262
5 0.407150 0.775331 0.023275 0.034457
5 0.385967 0.228845 0.023631 0.037817
5 0.790385 0.741237 0.029965 0.034483
5 0.385696 0.913992 0.023349 0.034466
5 0.722131 0.915258 0.110631 0.036976
5 0.790517 0.842923 0.029939 0.034388
5 0.481073 0.915702 0.128200 0.038792
5 0.407917 0.843735 0.022148 0.037117
5 0.125102 0.679768 0.225560 0.060249
5 0.407057 0.809917 0.022506 0.032364
5 0.317715 0.913713 0.039806 0.032904
3 0.138914 0.288912 0.014688 0.039030
0 0.122288 0.290318 0.019380 0.041031
1 0.288840 0.847354 0.014701 0.033749
5 0.407091 0.877937 0.023115 0.035824
5 0.790994 0.878211 0.029147 0.035023
5 0.407316 0.914434 0.021620 0.037117
5 0.791139 0.916201 0.029403 0.040652
5 0.875456 0.917085 0.073507 0.035349