1 0.017440 0.534891 0.010377 0.024419
0 0.428224 0.084085 0.058425 0.033475
5 0.140305 0.154944 0.068219 0.035836
0 0.144876 0.081854 0.067081 0.025529
1 0.017656 0.567710 0.011675 0.022837
1 0.018305 0.471382 0.012107 0.024765
0 0.057367 0.082391 0.096218 0.028343
1 0.017656 0.598463 0.011675 0.025968
1 0.017656 0.661544 0.011675 0.024765
1 0.017440 0.725668 0.010377 0.023881
0 0.370245 0.082689 0.046757 0.027494
0 0.316958 0.082014 0.052725 0.025844
1 0.016747 0.692453 0.012629 0.028567
1 0.017506 0.378104 0.011563 0.023051
1 0.017414 0.408557 0.013675 0.022851
0 0.771012 0.082556 0.051301 0.027500
1 0.017747 0.343418 0.012045 0.022668
0 0.232431 0.081821 0.096256 0.026358
5 0.085726 0.597874 0.049646 0.035385
5 0.289455 0.153629 0.032529 0.034326
5 0.140707 0.194743 0.067812 0.035325
0 0.582131 0.082120 0.043928 0.026185
0 0.915300 0.980641 0.059515 0.032653
0 0.650542 0.081014 0.079782 0.026904
1 0.017506 0.440715 0.011563 0.024092
0 0.718063 0.082049 0.040782 0.025997
1 0.017224 0.628818 0.012539 0.021227
0 0.507230 0.082836 0.091223 0.030053
5 0.086073 0.469668 0.050762 0.034681
5 0.085485 0.535077 0.049611 0.035433
5 0.480203 0.343827 0.101705 0.038792
0 0.979666 0.082945 0.040667 0.030493
0 0.929075 0.082668 0.034107 0.029224
5 0.451648 0.194255 0.038853 0.037113
5 0.086244 0.502012 0.050419 0.033153
5 0.659981 0.377145 0.038754 0.030992
5 0.085944 0.630804 0.049209 0.035851
5 0.408677 0.838033 0.036903 0.038247
0 0.854304 0.082524 0.105877 0.030645
5 0.086188 0.695301 0.049586 0.036263
5 0.730934 0.471194 0.055550 0.032904
5 0.887504 0.343522 0.097884 0.038940
5 0.691671 0.377582 0.024504 0.030960
5 0.085994 0.377417 0.049756 0.033119
1 0.017656 0.757899 0.010810 0.024660
0 0.974144 0.980291 0.051505 0.032927
1 0.017872 0.501454 0.012107 0.021227
5 0.597862 0.469241 0.086472 0.033457
5 0.659515 0.533600 0.039513 0.032666
5 0.467136 0.153313 0.070819 0.033968
5 0.772461 0.377688 0.031013 0.030825
1 0.018229 0.312356 0.010118 0.027562
5 0.480853 0.377452 0.099677 0.032975
5 0.598215 0.377743 0.085766 0.032996
5 0.659739 0.343742 0.040111 0.036922
5 0.239456 0.471095 0.155404 0.036289
5 0.086224 0.567160 0.049515 0.035037
5 0.731074 0.377964 0.054542 0.032617
5 0.690107 0.631643 0.025216 0.032404
5 0.801300 0.377750 0.029771 0.031640
5 0.479605 0.471663 0.102614 0.035740
5 0.239998 0.632340 0.156933 0.038211
5 0.086186 0.408010 0.048210 0.032820
5 0.801347 0.343627 0.030166 0.036144
5 0.597442 0.597283 0.085610 0.033708
0 0.153737 0.836998 0.019713 0.035416
5 0.692121 0.533820 0.024971 0.031969
5 0.772614 0.343505 0.030665 0.035667
5 0.480944 0.598050 0.101263 0.035965
5 0.374795 0.377982 0.116987 0.034915
5 0.659955 0.406266 0.039164 0.029726
5 0.659493 0.469032 0.040669 0.032976
0 0.913764 0.981402 0.064488 0.037195
5 0.480055 0.408649 0.101288 0.033159
5 0.480336 0.535475 0.101337 0.035699
5 0.690394 0.470505 0.024779 0.030661
5 0.659557 0.564289 0.040637 0.032279
5 0.136978 0.377654 0.055916 0.034536
5 0.596670 0.343848 0.084382 0.036693
5 0.888489 0.378035 0.098021 0.032868
5 0.772422 0.407411 0.030573 0.030599
5 0.598196 0.535248 0.086352 0.035015
5 0.086128 0.439017 0.049488 0.034865
5 0.597952 0.438655 0.086292 0.032959
5 0.731441 0.597128 0.056154 0.033396
5 0.136978 0.343793 0.055028 0.038331
5 0.240828 0.597449 0.153676 0.037251
5 0.659879 0.436611 0.040208 0.032345
5 0.659460 0.501432 0.039864 0.030496
5 0.373330 0.631850 0.115472 0.037548
5 0.659367 0.596702 0.040850 0.033619
5 0.801173 0.407529 0.029273 0.029771
5 0.730951 0.534856 0.053753 0.033626
5 0.691928 0.436422 0.026105 0.031091
3 0.929338 0.082781 0.034209 0.030094
5 0.692186 0.501736 0.025875 0.029431
5 0.596875 0.501631 0.085243 0.032877
5 0.691771 0.406577 0.024915 0.028804
5 0.481126 0.501825 0.101852 0.032979
0 0.050739 0.024286 0.026831 0.028447
5 0.691957 0.596341 0.027407 0.032980
5 0.888524 0.439393 0.097952 0.034495
5 0.543256 0.377546 0.025030 0.031099
5 0.597110 0.407515 0.086422 0.031251
5 0.479832 0.631963 0.102282 0.036920
5 0.731473 0.407928 0.053596 0.029714
5 0.373394 0.469869 0.115780 0.035126
5 0.085254 0.664703 0.050590 0.035917
5 0.801123 0.468891 0.029949 0.032289
5 0.374056 0.535755 0.117104 0.036329
5 0.085254 0.726258 0.051455 0.034495
5 0.239721 0.726879 0.156530 0.036475
5 0.240356 0.535337 0.156061 0.036279
5 0.691843 0.564018 0.026790 0.031179
5 0.597730 0.566584 0.086158 0.032888
5 0.731094 0.437626 0.054379 0.032552
5 0.372977 0.598047 0.117724 0.036012
5 0.802094 0.379486 0.027467 0.030702
5 0.690956 0.726631 0.023640 0.030068
5 0.657727 0.631497 0.036408 0.032550
5 0.691526 0.344620 0.023304 0.034564
5 0.731378 0.631422 0.056865 0.035394
5 0.480082 0.439257 0.101667 0.034808
5 0.801343 0.437424 0.030062 0.030510
1 0.017872 0.789793 0.011242 0.024765
5 0.085722 0.757171 0.051922 0.033587
5 0.084835 0.786219 0.051922 0.028140
5 0.085131 0.345506 0.051034 0.034495
5 0.136997 0.409468 0.054914 0.037148
5 0.137366 0.440111 0.055860 0.034495
5 0.136840 0.470294 0.054806 0.034495
5 0.136840 0.502633 0.054806 0.034495
5 0.240128 0.344712 0.155987 0.035572
5 0.239864 0.378129 0.154406 0.033417
5 0.240918 0.408851 0.155460 0.034495
5 0.888227 0.408671 0.097492 0.035572
5 0.887964 0.472270 0.096965 0.035572
5 0.888491 0.502992 0.095911 0.036650
5 0.888491 0.536409 0.095911 0.038806
5 0.889281 0.568208 0.095384 0.035572
5 0.888227 0.598930 0.096438 0.034495
5 0.888491 0.631269 0.095911 0.036650
5 0.887700 0.660912 0.095384 0.033417
5 0.888227 0.693431 0.095384 0.036650
5 0.888491 0.727925 0.095911 0.034495
5 0.888227 0.758108 0.094330 0.034495
5 0.889018 0.787752 0.094857 0.031261
5 0.801732 0.502043 0.031565 0.035379
5 0.801949 0.536096 0.031132 0.034495
5 0.801516 0.568379 0.030268 0.033610
5 0.801300 0.599041 0.031565 0.033610
5 0.802165 0.630882 0.030700 0.037148
5 0.801732 0.662723 0.030700 0.035379
5 0.801732 0.694564 0.029835 0.037148
5 0.802381 0.726405 0.031132 0.033610
5 0.801949 0.757362 0.030268 0.031841
5 0.801516 0.786992 0.031132 0.029188
5 0.731036 0.345049 0.056211 0.032726
5 0.772546 0.439835 0.028538 0.037148
5 0.772546 0.473298 0.028538 0.032726
5 0.772330 0.503370 0.028970 0.032726
5 0.772330 0.535211 0.029835 0.038032
5 0.772113 0.568379 0.031132 0.030072
5 0.772113 0.599778 0.031132 0.032726
5 0.772330 0.632061 0.028970 0.030072
5 0.772330 0.661691 0.030700 0.032726
5 0.773194 0.693974 0.029835 0.033610
5 0.772546 0.727585 0.030268 0.033610
5 0.772546 0.758541 0.030268 0.035379
5 0.772546 0.786402 0.030268 0.027419
5 0.731468 0.502928 0.056211 0.033610
5 0.731036 0.567495 0.055347 0.031841
5 0.730820 0.662723 0.055779 0.033610
5 0.731468 0.694564 0.055347 0.033610
5 0.730604 0.726847 0.055347 0.030957
5 0.730171 0.756477 0.055347 0.033610
5 0.730171 0.786107 0.056211 0.030957
5 0.597930 0.631177 0.086047 0.035379
5 0.598146 0.663902 0.085614 0.030072
5 0.659979 0.663018 0.039780 0.031841
5 0.690895 0.663018 0.025511 0.030072
5 0.690679 0.695301 0.025944 0.032726
5 0.690679 0.756772 0.024214 0.035379
5 0.691111 0.789056 0.024214 0.027419
5 0.659763 0.695743 0.038483 0.033610
5 0.659547 0.727142 0.040645 0.032726
5 0.659547 0.757214 0.038916 0.032726
5 0.659330 0.787287 0.040213 0.027419
5 0.373624 0.344705 0.113692 0.036720
5 0.373896 0.409243 0.115324 0.032269
5 0.373352 0.439843 0.115324 0.037833
5 0.373352 0.503268 0.115324 0.035607
5 0.543232 0.344312 0.025944 0.033610
5 0.542800 0.409321 0.025079 0.034495
5 0.542584 0.441604 0.025511 0.033610
5 0.543016 0.472561 0.025511 0.035379
5 0.543475 0.503152 0.025739 0.034495
5 0.543031 0.536738 0.024851 0.034495
5 0.543031 0.568510 0.024851 0.032679
5 0.543031 0.600281 0.024851 0.034495
5 0.543475 0.630691 0.023076 0.033587
5 0.480903 0.568964 0.102068 0.031771
5 0.598291 0.693237 0.086479 0.034495
5 0.597858 0.725079 0.085614 0.034495
5 0.597858 0.758246 0.085614 0.033610
5 0.598074 0.786550 0.085182 0.030072
5 0.542872 0.663608 0.023782 0.031841
5 0.542223 0.695006 0.025079 0.036263
5 0.542440 0.726405 0.023782 0.035379
5 0.542656 0.757362 0.025079 0.035379
5 0.543088 0.787876 0.025944 0.029188
5 0.135772 0.786402 0.057076 0.032726
5 0.135988 0.536096 0.054914 0.038032
5 0.136637 0.567495 0.056211 0.035379
5 0.137285 0.599778 0.056644 0.032726
5 0.136204 0.632503 0.053617 0.036263
5 0.136204 0.661691 0.053617 0.032726
5 0.136637 0.694417 0.054482 0.036263
5 0.135772 0.727142 0.054482 0.034495
5 0.136637 0.757657 0.054482 0.033610
5 0.240268 0.441015 0.155662 0.030072
5 0.240484 0.503370 0.153500 0.034495
5 0.240268 0.566905 0.153933 0.031841
5 0.240051 0.662281 0.155230 0.034495
5 0.240484 0.694564 0.154365 0.037148
5 0.240916 0.758246 0.154365 0.033610
5 0.240700 0.787434 0.154797 0.028303
5 0.373878 0.567642 0.115017 0.032726
5 0.374094 0.662870 0.115449 0.034495
5 0.481328 0.662428 0.101613 0.035379
5 0.374094 0.694269 0.115449 0.035379
5 0.480679 0.694712 0.099451 0.038032
5 0.374094 0.726110 0.114585 0.035379
5 0.481328 0.725668 0.100748 0.036263
5 0.374742 0.758836 0.115882 0.033610
5 0.481544 0.758836 0.102045 0.033610
5 0.374742 0.786255 0.115017 0.031841
5 0.480895 0.786697 0.100748 0.030957