5 0.207139 0.676923 0.110664 0.043516
5 0.460179 0.890853 0.111239 0.039282
5 0.208401 0.891611 0.107868 0.038526
5 0.437543 0.505315 0.069332 0.040921
0 0.049353 0.084279 0.050235 0.028959
5 0.420347 0.419038 0.032213 0.041362
0 0.390739 0.084625 0.048105 0.028753
0 0.318386 0.083396 0.090602 0.027138
0 0.226575 0.083539 0.082152 0.026783
0 0.129416 0.084403 0.099261 0.027262
5 0.166597 0.720111 0.026484 0.037164
5 0.210945 0.246673 0.249321 0.043606
5 0.417568 0.674723 0.026381 0.040503
0 0.437972 0.083451 0.030713 0.026573
5 0.166827 0.418103 0.024937 0.037931
0 0.956418 0.977108 0.057879 0.037010
5 0.164336 0.505285 0.022553 0.040167
0 0.967268 0.084174 0.039350 0.029682
0 0.495044 0.244455 0.024762 0.036274
5 0.417343 0.721093 0.027017 0.037491
5 0.103941 0.287611 0.029840 0.036506
5 0.211410 0.206964 0.250057 0.047144
0 0.469579 0.244966 0.023952 0.035911
5 0.165251 0.461308 0.025260 0.037514
5 0.163918 0.850053 0.022223 0.043132
5 0.164749 0.633995 0.020681 0.040093
5 0.419690 0.461338 0.030485 0.038932
0 0.470326 0.203583 0.025295 0.038002