0 0.947527 0.965721 0.079809 0.045828
5 0.249968 0.566071 0.127071 0.045946
0 0.028942 0.963309 0.032252 0.047788
5 0.815357 0.512337 0.254499 0.054526
3 0.525558 0.116787 0.158223 0.034780
5 0.279818 0.456546 0.185843 0.048237
3 0.205569 0.116759 0.141890 0.034915
5 0.216120 0.861578 0.057997 0.045338
5 0.720195 0.752763 0.062888 0.044285
5 0.741668 0.807599 0.108145 0.045679
5 0.218024 0.807842 0.063020 0.046220
0 0.070022 0.116565 0.097986 0.033734
5 0.821003 0.564650 0.266922 0.049882
3 0.955217 0.116425 0.034757 0.038998
5 0.736891 0.401214 0.100144 0.044775
2 0.274251 0.402875 0.019340 0.040436
5 0.228573 0.752863 0.083656 0.046678
5 0.314961 0.347368 0.252262 0.055814
5 0.320479 0.402315 0.071071 0.044732
3 0.362305 0.116026 0.135454 0.033903
5 0.235258 0.402639 0.097098 0.045199
3 0.777908 0.346531 0.183021 0.049358
0 0.362823 0.457723 0.017507 0.038657
0 0.092886 0.279154 0.122696 0.046706
2 0.776219 0.401256 0.018450 0.041128
0 0.081230 0.034901 0.029834 0.039761
0 0.262875 0.754882 0.017522 0.040761
0 0.949282 0.566058 0.019883 0.043489
0 0.786963 0.808870 0.019247 0.043853
0 0.240158 0.808180 0.016282 0.038531
0 0.234634 0.862365 0.018026 0.038531