3 0.488473 0.125525 0.131001 0.041785
3 0.651515 0.124696 0.156555 0.040772
3 0.334334 0.125350 0.138608 0.042404
3 0.803932 0.125567 0.116756 0.044158
5 0.446016 0.480355 0.487310 0.160353
0 0.953336 0.960114 0.080652 0.048435
5 0.872794 0.833601 0.246301 0.054581
3 0.961544 0.124620 0.036209 0.043839
0 0.028084 0.962382 0.030884 0.046466
0 0.075780 0.841013 0.034572 0.050278
0 0.196680 0.125578 0.098266 0.039225
5 0.293303 0.653347 0.250646 0.052888
3 0.840889 0.652997 0.180624 0.051641
0 0.076185 0.126466 0.109691 0.039413
5 0.254916 0.773787 0.177298 0.054960
0 0.037494 0.840472 0.038353 0.051018
5 0.213398 0.713876 0.093508 0.045600
5 0.797833 0.716152 0.098959 0.051872
5 0.299305 0.713140 0.068743 0.048354
2 0.253567 0.713551 0.015433 0.041376
0 0.083244 0.038580 0.035897 0.050372
0 0.340562 0.772541 0.020217 0.042501
5 0.882592 0.715007 0.068785 0.054164
2 0.837105 0.715007 0.014201 0.042127