0 0.979582 0.092366 0.040708 0.031641
0 0.366798 0.607769 0.105387 0.039548
0 0.295730 0.265769 0.119734 0.041691
0 0.472202 0.608253 0.104344 0.038563
0 0.061222 0.360337 0.053893 0.039024
5 0.235289 0.174259 0.220550 0.042360
0 0.462030 0.174720 0.020204 0.037889
0 0.441822 0.174677 0.020577 0.038212
0 0.399164 0.173262 0.021153 0.040028
0 0.420307 0.174421 0.018892 0.038818
5 0.171046 0.265998 0.093544 0.041274
0 0.483167 0.174223 0.020513 0.041175
0 0.942712 0.094297 0.016880 0.029719
5 0.170781 0.221417 0.093531 0.038565
3 0.157124 0.092835 0.034038 0.028711
0 0.075156 0.093010 0.115463 0.029508