4 0.082011 0.247294 0.145434 0.030256
0 0.328848 0.304066 0.019366 0.036347
4 0.062484 0.357769 0.107151 0.027864
5 0.923777 0.080001 0.103086 0.034324
4 0.081528 0.323826 0.148748 0.027839
4 0.057660 0.918389 0.099819 0.026364
4 0.047486 0.582702 0.078961 0.027134
4 0.032682 0.844758 0.047381 0.021091
4 0.063551 0.397718 0.107378 0.025500
4 0.049696 0.806835 0.083007 0.025434
0 0.983783 0.077137 0.018564 0.028689
4 0.034669 0.509510 0.052864 0.022530
4 0.038898 0.620527 0.061837 0.023346
4 0.063955 0.732632 0.110973 0.027641
4 0.079883 0.209979 0.143136 0.027702
4 0.051066 0.435137 0.083281 0.024645
4 0.080678 0.284784 0.143482 0.027128
4 0.042531 0.657967 0.069160 0.023097
4 0.027579 0.956078 0.039227 0.023210
4 0.056602 0.770052 0.096010 0.025253
4 0.034994 0.880762 0.054423 0.024918
0 0.509303 0.087748 0.062029 0.033144
4 0.037169 0.543757 0.059484 0.022029
4 0.037199 0.471800 0.060481 0.026406
4 0.052356 0.172733 0.088685 0.025509
0 0.572804 0.086926 0.062519 0.034369
4 0.074436 0.988064 0.129876 0.023872
0 0.445949 0.087570 0.063381 0.035292
4 0.029958 0.695448 0.048245 0.023698
0 0.064020 0.026998 0.020325 0.026858