5 0.476585 0.488661 0.085140 0.047173
0 0.131655 0.190628 0.024582 0.053008
5 0.541406 0.542470 0.050023 0.049861
3 0.051724 0.191086 0.019722 0.051256
5 0.477075 0.540596 0.083945 0.048252
0 0.743025 0.899031 0.060393 0.033259
5 0.542718 0.489368 0.050055 0.047644
5 0.544589 0.598241 0.052477 0.049493
0 0.582598 0.703140 0.023159 0.049108
5 0.476361 0.649371 0.083560 0.046955
5 0.545091 0.649599 0.054108 0.047124
0 0.009643 0.192783 0.019286 0.048269
5 0.477495 0.595543 0.084833 0.048744
5 0.938837 0.971675 0.049802 0.047231
0 0.033037 0.191747 0.020140 0.049525
0 0.528753 0.171099 0.023958 0.047121
0 0.081447 0.192139 0.020237 0.053300
5 0.477067 0.699639 0.084278 0.048496
0 0.378018 0.972559 0.022970 0.044182
0 0.295699 0.974685 0.022760 0.043052
5 0.484045 0.381901 0.098554 0.044949
0 0.324296 0.974898 0.022867 0.042976
0 0.423019 0.974589 0.022528 0.041688
0 0.192601 0.110144 0.153202 0.035893
5 0.476749 0.436822 0.085235 0.048700
0 0.400619 0.974470 0.019993 0.042544
0 0.272179 0.974208 0.022277 0.040994
5 0.541949 0.436891 0.049393 0.049350
0 0.689080 0.898154 0.027654 0.027823
5 0.430334 0.171701 0.085408 0.048955
0 0.348397 0.974383 0.024435 0.045347
3 0.894198 0.108890 0.040585 0.036869
5 0.261062 0.384457 0.015925 0.032492
5 0.260643 0.437793 0.014201 0.030857
0 0.839531 0.110288 0.051521 0.035876
0 0.978304 0.108624 0.043391 0.039262
5 0.260199 0.491122 0.014201 0.028553
5 0.494304 0.171165 0.047278 0.048688
0 0.329876 0.107496 0.096623 0.038018
0 0.557681 0.108611 0.108657 0.036769
1 0.582380 0.487600 0.024014 0.048021
0 0.249206 0.973979 0.020900 0.040753
5 0.545521 0.696655 0.053886 0.047852
0 0.737631 0.109315 0.133700 0.038237
0 0.440665 0.108075 0.105564 0.040368
0 0.527030 0.381996 0.016429 0.043298
1 0.581818 0.540412 0.027759 0.045952
5 0.528672 0.172025 0.024472 0.045867
5 0.260131 0.598115 0.014337 0.034461
0 0.064119 0.108449 0.086628 0.035244
0 0.583070 0.541764 0.026033 0.047577
1 0.577174 0.435059 0.018999 0.040924
0 0.527010 0.972139 0.147030 0.051537
0 0.582994 0.488612 0.025422 0.049382
3 0.100663 0.194429 0.019970 0.048245
0 0.779152 0.237245 0.014990 0.043651
5 0.260421 0.331781 0.015532 0.031507
5 0.260421 0.544783 0.011982 0.025600
5 0.260643 0.651776 0.013313 0.033476
5 0.260643 0.706257 0.013313 0.029538
5 0.260421 0.758441 0.011982 0.031507