0 0.570220 0.296310 0.021843 0.043415
1 0.043130 0.442105 0.015397 0.034845
0 0.082158 0.296394 0.023096 0.046973
0 0.622994 0.295662 0.024306 0.043378
3 0.506308 0.295630 0.019548 0.045676
1 0.042986 0.481426 0.016277 0.033542
1 0.042931 0.402191 0.015475 0.035113
5 0.242452 0.188998 0.083503 0.042769
0 0.596296 0.295958 0.024066 0.042998
0 0.537773 0.296682 0.024428 0.045085
5 0.196521 0.895238 0.086406 0.039564
3 0.220344 0.845875 0.132821 0.041798
0 0.386407 0.296805 0.023805 0.046598
0 0.157281 0.297169 0.023137 0.046183
0 0.897042 0.975784 0.071993 0.038128
3 0.295629 0.641671 0.314601 0.045273
0 0.352891 0.296524 0.023755 0.047212
0 0.209275 0.296097 0.024173 0.045426
3 0.280320 0.295451 0.019918 0.045572
0 0.236416 0.296260 0.025401 0.045924
1 0.042983 0.518128 0.016272 0.032664
0 0.049168 0.294776 0.024266 0.047825
5 0.196552 0.794237 0.085521 0.040463
0 0.309893 0.296111 0.021649 0.047780
3 0.120377 0.189148 0.165030 0.045960
0 0.969374 0.977212 0.061252 0.035845
0 0.261345 0.296250 0.020350 0.045150
5 0.356063 0.742236 0.053413 0.039930
0 0.182940 0.296504 0.024581 0.046462
3 0.693310 0.100667 0.087406 0.043442
0 0.108321 0.295732 0.022016 0.042528
0 0.488014 0.295163 0.019152 0.043223
0 0.089772 0.103526 0.156119 0.034205
5 0.567145 0.441844 0.057785 0.041483
5 0.212039 0.743065 0.117703 0.040797
5 0.241529 0.442396 0.082916 0.041402
5 0.109450 0.441936 0.042652 0.041272
3 0.417825 0.297273 0.032584 0.045774
0 0.977424 0.100887 0.044656 0.032459
3 0.457054 0.296154 0.033244 0.044315
0 0.022239 0.641995 0.025282 0.045166
0 0.274185 0.103010 0.114494 0.032315
0 0.484265 0.641659 0.022596 0.041210
5 0.293508 0.744013 0.048932 0.040736
5 0.109133 0.480987 0.043038 0.038074
0 0.362923 0.103208 0.049826 0.030582
0 0.441639 0.102680 0.091472 0.032651
0 0.586453 0.102759 0.114157 0.033749
5 0.148626 0.442242 0.036863 0.040425
4 0.718636 0.313244 0.121039 0.028355
5 0.070047 0.480816 0.038704 0.037519
5 0.475478 0.401487 0.058358 0.042506
0 0.509234 0.641288 0.023004 0.043004
5 0.890388 0.480153 0.051381 0.038157
5 0.109117 0.519890 0.042805 0.039330
5 0.069354 0.518538 0.039120 0.037891
0 0.192162 0.101162 0.031937 0.028382
5 0.364176 0.440564 0.166774 0.046081
5 0.566906 0.401849 0.058367 0.041185
5 0.183981 0.441975 0.036897 0.040988
0 0.508559 0.101588 0.026710 0.030086
4 0.716325 0.513947 0.115617 0.032491
5 0.475251 0.442537 0.057116 0.041414
5 0.632995 0.441077 0.036023 0.042055
5 0.242870 0.480961 0.082689 0.040712
5 0.148729 0.480652 0.037466 0.037986
5 0.184314 0.480686 0.036996 0.037838
0 0.022559 0.240473 0.023988 0.039349
4 0.687553 0.563440 0.056558 0.028357
0 0.021481 0.290435 0.024040 0.045217
5 0.148294 0.519796 0.036022 0.041268
3 0.764622 0.099003 0.041991 0.030536
5 0.633787 0.480370 0.036389 0.037471
5 0.890298 0.519576 0.049914 0.039169
5 0.566995 0.480793 0.058130 0.037519
5 0.521828 0.480421 0.036836 0.037472
5 0.183966 0.519044 0.036293 0.040661
5 0.363578 0.480911 0.166513 0.039914
4 0.692999 0.361194 0.068999 0.028407
4 0.701559 0.259620 0.087834 0.030059
5 0.830658 0.442019 0.068708 0.042082
5 0.521602 0.518410 0.035953 0.040562
5 0.831599 0.520477 0.069301 0.041285
5 0.890035 0.441846 0.049607 0.039713
5 0.566919 0.518514 0.057738 0.039982
5 0.241845 0.521071 0.084049 0.042420
3 0.724546 0.161579 0.145705 0.041290
5 0.521603 0.441107 0.035771 0.042782
5 0.364679 0.523853 0.168841 0.046611
5 0.148914 0.402570 0.036898 0.041088
5 0.070489 0.441741 0.038560 0.041824
5 0.184260 0.402607 0.037844 0.040912
5 0.831802 0.480637 0.069352 0.038143
4 0.683515 0.461022 0.047087 0.027593
0 0.935395 0.102443 0.017628 0.031904
5 0.109908 0.402202 0.042780 0.040939
4 0.719633 0.614655 0.122558 0.036290
5 0.633475 0.517228 0.036346 0.037456
5 0.474884 0.520135 0.057815 0.042140
5 0.242275 0.401506 0.082273 0.042532
5 0.475306 0.480487 0.057911 0.037884
4 0.674927 0.411741 0.029043 0.025871
1 0.043350 0.453326 0.016399 0.029414
0 0.061245 0.030225 0.028349 0.038071
3 0.328212 0.297831 0.017800 0.046710
3 0.126866 0.295885 0.019206 0.042817