1 0.046605 0.586723 0.015168 0.033813
1 0.047350 0.660132 0.017153 0.033998
0 0.357749 0.450490 0.022533 0.041479
5 0.478797 0.549636 0.059359 0.039886
3 0.125048 0.256864 0.162651 0.044275
5 0.571512 0.549702 0.057773 0.040197
1 0.046790 0.622752 0.017513 0.032045
0 0.888436 0.978999 0.071677 0.038469
0 0.390545 0.450919 0.024168 0.042350
0 0.214664 0.451081 0.023717 0.041468
0 0.025438 0.445063 0.024660 0.041539
0 0.161704 0.450717 0.024217 0.042875
0 0.188723 0.450774 0.022306 0.041036
0 0.025674 0.776798 0.024556 0.042214
0 0.240945 0.451070 0.023248 0.041694
5 0.525243 0.587405 0.036735 0.034094
0 0.053542 0.449387 0.025675 0.042995
0 0.542296 0.450436 0.022773 0.042176
5 0.572107 0.587113 0.058877 0.034543
1 0.045913 0.549621 0.015883 0.034934
3 0.332558 0.452568 0.017937 0.044200
5 0.245272 0.549744 0.081858 0.041392
0 0.628550 0.450388 0.023598 0.041232
0 0.576044 0.450406 0.023193 0.041616
0 0.085803 0.450670 0.023467 0.043370
5 0.479037 0.622419 0.059822 0.038549
5 0.245660 0.586835 0.078705 0.038559
0 0.602355 0.450257 0.024248 0.040602
5 0.479111 0.586962 0.059539 0.037479
0 0.963388 0.978482 0.064107 0.036881
0 0.278735 0.175281 0.114316 0.031547
5 0.660139 0.549738 0.081264 0.041395
5 0.525104 0.550389 0.036663 0.039034
0 0.513927 0.777020 0.023415 0.042916
0 0.092761 0.175330 0.155657 0.034474
5 0.571334 0.622344 0.057509 0.039093
5 0.661117 0.587321 0.079241 0.035369
5 0.244680 0.660506 0.079905 0.041953
5 0.478948 0.660568 0.058986 0.042078
5 0.186773 0.586249 0.037279 0.037012
0 0.489417 0.776600 0.024929 0.042584
3 0.283046 0.452840 0.020154 0.043656
5 0.247187 0.256597 0.085166 0.042077
5 0.244370 0.621779 0.081060 0.039337
0 0.314244 0.449868 0.021250 0.040210
0 0.195714 0.174403 0.030637 0.027372
5 0.524863 0.621519 0.036568 0.037426
5 0.366076 0.587003 0.168118 0.040011
3 0.299614 0.778875 0.313733 0.045545
5 0.571683 0.660239 0.058487 0.042471
5 0.661553 0.621723 0.080464 0.036188
5 0.153021 0.587099 0.036652 0.035624
5 0.113432 0.550992 0.042845 0.036606
5 0.740951 0.550485 0.083876 0.040768
5 0.661962 0.663264 0.082673 0.046368
5 0.741064 0.586731 0.083210 0.038335
0 0.367260 0.174101 0.049634 0.029442
5 0.113750 0.587748 0.041260 0.036013
0 0.928364 0.173969 0.017009 0.031967
0 0.446810 0.175243 0.092151 0.032128
5 0.525009 0.659562 0.038162 0.040346
3 0.130637 0.450848 0.015353 0.039695
5 0.826454 0.587016 0.091235 0.039017
0 0.512399 0.174183 0.025203 0.030398
5 0.187477 0.621672 0.038051 0.038171
5 0.186761 0.550119 0.037206 0.038647
0 0.776054 0.450785 0.022651 0.041152
0 0.550648 0.254809 0.026398 0.041842
5 0.186723 0.659951 0.037170 0.039996
3 0.767761 0.173155 0.038727 0.030293
5 0.826921 0.549596 0.090782 0.042401
0 0.592075 0.175505 0.115329 0.031874
0 0.264893 0.451791 0.020744 0.041421
5 0.741046 0.622638 0.082739 0.039894
0 0.491542 0.450757 0.020336 0.039826
0 0.706414 0.451035 0.109550 0.041708
5 0.366603 0.550894 0.169725 0.041344
5 0.152269 0.549640 0.034175 0.038341
5 0.741235 0.662861 0.082868 0.045980
0 0.025299 0.304276 0.023717 0.035992
5 0.610845 0.585701 0.022124 0.036811
5 0.368075 0.622052 0.169598 0.036684
5 0.366573 0.662316 0.168898 0.043721
5 0.153223 0.659973 0.036583 0.041160
5 0.825997 0.622483 0.091950 0.040323
5 0.113866 0.622345 0.042202 0.037808
0 0.968458 0.173264 0.046261 0.034429
5 0.825366 0.661711 0.092115 0.043867
0 0.112146 0.450861 0.020569 0.041100
5 0.610235 0.550618 0.021727 0.036774
5 0.113258 0.660140 0.043385 0.041127
5 0.152724 0.622256 0.036882 0.035973
5 0.611093 0.661780 0.021947 0.042294
5 0.611084 0.621862 0.024751 0.034178
3 0.698456 0.173795 0.082037 0.033122
5 0.886339 0.584757 0.031605 0.035127
5 0.885906 0.550675 0.032514 0.038456
5 0.885727 0.621805 0.031268 0.039992
1 0.332536 0.255220 0.017981 0.033852
0 0.026051 0.256514 0.024917 0.048284
0 0.065346 0.108677 0.029241 0.034527
3 0.423033 0.452816 0.031172 0.043705
3 0.460848 0.453313 0.032194 0.040725
3 0.510927 0.452319 0.017885 0.038739
5 0.887178 0.661216 0.033283 0.041405