5 0.198406 0.340247 0.085158 0.044990
1 0.066394 0.935835 0.020480 0.036895
0 0.897208 0.982794 0.068615 0.033025
1 0.044776 0.854976 0.018310 0.036974
0 0.192663 0.098534 0.029891 0.029823
3 0.124520 0.188117 0.159718 0.042746
1 0.045170 0.935020 0.017965 0.036552
1 0.066395 0.854582 0.017667 0.035581
0 0.392915 0.097807 0.049624 0.031353
0 0.936502 0.096451 0.015981 0.035375
0 0.968705 0.985118 0.061635 0.029764
0 0.050296 0.443290 0.030986 0.046848
0 0.335057 0.097575 0.047227 0.029664
5 0.197943 0.290419 0.082386 0.045568
0 0.259440 0.098547 0.084691 0.032262
0 0.090687 0.097364 0.156161 0.036624
5 0.418244 0.392821 0.084844 0.045831
3 0.767211 0.095853 0.036683 0.032960
0 0.678888 0.098836 0.051834 0.032375
1 0.045384 0.894121 0.018119 0.037624
0 0.023270 0.753235 0.022945 0.042292
0 0.471461 0.098648 0.090320 0.032425
0 0.976870 0.096635 0.045531 0.035126
0 0.584744 0.099179 0.120191 0.034599
1 0.066345 0.894652 0.019931 0.038849
0 0.023358 0.242381 0.023664 0.052586
5 0.245448 0.188747 0.084658 0.044006
0 0.726170 0.097653 0.024040 0.033779
0 0.909901 0.097000 0.017078 0.035889
5 0.239790 0.852728 0.144767 0.044333
5 0.758787 0.189481 0.087447 0.045475
5 0.519899 0.191164 0.220794 0.048841
5 0.238937 0.930890 0.143283 0.040175
0 0.247807 0.291205 0.017999 0.040533
5 0.513963 0.853823 0.124378 0.042264
5 0.240207 0.892684 0.145063 0.042027
5 0.514610 0.892692 0.123811 0.042946
0 0.813072 0.187541 0.024824 0.041594
5 0.514773 0.936099 0.122787 0.041250
5 0.590571 0.896521 0.032673 0.044595
5 0.591625 0.936099 0.030565 0.043480
5 0.664348 0.896521 0.082209 0.049054
5 0.664348 0.936656 0.083263 0.040135
5 0.912820 0.899866 0.027930 0.040135
5 0.913874 0.937771 0.027930 0.037905