5 0.155615 0.137317 0.062374 0.033447
5 0.306518 0.432447 0.219467 0.031129
5 0.192685 0.792251 0.114522 0.033585
5 0.166530 0.647615 0.061305 0.032503
5 0.166108 0.611124 0.061521 0.031450
5 0.166129 0.575723 0.060632 0.032412
5 0.355034 0.865147 0.060098 0.033141
0 0.187896 0.074523 0.045405 0.023762
0 0.142040 0.074075 0.036855 0.023526
0 0.063845 0.074200 0.103728 0.025154
0 0.274656 0.073836 0.045916 0.023497
5 0.193844 0.865562 0.113786 0.034913
5 0.165591 0.430704 0.060874 0.030377
5 0.353902 0.791797 0.060592 0.031152
0 0.452395 0.646471 0.019093 0.034250
0 0.232065 0.074029 0.029930 0.022570
3 0.414991 0.136572 0.126947 0.034829
0 0.362871 0.073736 0.114565 0.025551
5 0.193540 0.828559 0.113977 0.036116
0 0.452551 0.465652 0.017862 0.031473
0 0.979197 0.073774 0.038924 0.029326
5 0.336327 0.395157 0.043503 0.029972
0 0.444572 0.073091 0.036158 0.023285
0 0.388368 0.938268 0.147757 0.034436
5 0.147120 0.466555 0.022858 0.031922
3 0.558749 0.073105 0.028368 0.023374
3 0.200569 0.174730 0.152878 0.033201
0 0.044393 0.284326 0.029648 0.026699
0 0.485539 0.073582 0.035132 0.023864
5 0.226402 0.395277 0.177596 0.033620
3 0.193316 0.756699 0.114596 0.033730
5 0.389845 0.757342 0.143438 0.031968
0 0.274770 0.173033 0.016371 0.029489
0 0.449248 0.792657 0.022712 0.030647
0 0.449152 0.828440 0.022119 0.033282
0 0.523800 0.073660 0.029606 0.023046
5 0.331017 0.466844 0.022553 0.030291
5 0.297934 0.903562 0.324749 0.032160
0 0.449341 0.864924 0.022987 0.031395
0 0.449210 0.900718 0.022003 0.030863