3 0.198005 0.174340 0.150169 0.034658
5 0.154966 0.136041 0.062011 0.033079
0 0.063194 0.071580 0.104119 0.025139
5 0.166443 0.965289 0.061492 0.032308
5 0.243069 0.426946 0.225163 0.034728
5 0.332425 0.857280 0.022775 0.031723
0 0.455491 0.856186 0.019843 0.032759
5 0.243121 0.460925 0.226042 0.037990
5 0.225389 0.786293 0.182778 0.034355
5 0.147180 0.856870 0.023015 0.032488
5 0.270295 0.533795 0.281410 0.034527
5 0.304155 0.642349 0.117205 0.031899
0 0.276158 0.072056 0.047667 0.023331
0 0.367293 0.072134 0.119717 0.026378
0 0.140691 0.072884 0.036259 0.023938
0 0.187296 0.072748 0.045490 0.023924
0 0.985304 0.071447 0.029096 0.030028
0 0.041511 0.284084 0.028633 0.026242
3 0.417704 0.136672 0.125551 0.033642
5 0.241934 0.389793 0.226209 0.033539
0 0.448300 0.072040 0.036329 0.023427
0 0.231729 0.072747 0.028990 0.023765
5 0.243321 0.498726 0.226972 0.036095
5 0.187652 0.642349 0.116292 0.033957
0 0.490528 0.072116 0.034995 0.022376
5 0.165823 0.820540 0.062558 0.031991
0 0.528689 0.072442 0.029296 0.023059
3 0.563673 0.071940 0.028772 0.023749
0 0.275856 0.173213 0.016857 0.028774
5 0.309164 0.821526 0.226300 0.030788
3 0.215089 0.354059 0.170708 0.034352
5 0.338265 0.787095 0.045150 0.033957