5 0.313178 0.497716 0.086276 0.044457
5 0.503889 0.497911 0.085728 0.045160
5 0.503115 0.291230 0.083665 0.047913
5 0.344065 0.343451 0.146836 0.044812
0 0.967883 0.973468 0.052447 0.041257
5 0.313322 0.292622 0.083078 0.049413
5 0.344608 0.548066 0.146617 0.045017
5 0.534492 0.342893 0.146701 0.045815
5 0.535602 0.239396 0.146936 0.045339
5 0.345252 0.239962 0.146011 0.046109
5 0.290516 0.188703 0.037901 0.045023
5 0.291435 0.394272 0.040512 0.045242
5 0.481563 0.394495 0.040087 0.045420
5 0.345072 0.598547 0.147155 0.045935
5 0.536028 0.597430 0.149733 0.046643
0 0.969557 0.100497 0.052075 0.042337
0 0.088481 0.099493 0.149761 0.036408
5 0.535559 0.548958 0.145475 0.046926
5 0.279547 0.443580 0.017553 0.044221
3 0.194554 0.098293 0.040054 0.032549
0 0.623128 0.599104 0.029968 0.044024
0 0.623273 0.239920 0.031539 0.044465
0 0.623505 0.394262 0.031093 0.045881
5 0.470129 0.446627 0.018655 0.046543
0 0.623309 0.446008 0.031813 0.047122
0 0.623206 0.292099 0.031689 0.048774
0 0.623247 0.547362 0.031174 0.046560
0 0.318488 0.188889 0.016595 0.042235
0 0.623233 0.496614 0.032752 0.045683
0 0.623244 0.343258 0.031203 0.044308