3 0.428508 0.111987 0.095313 0.033411
3 0.189633 0.499448 0.135904 0.031629
5 0.191653 0.299917 0.142049 0.032515
3 0.188843 0.539049 0.137484 0.029208
0 0.211131 0.731266 0.018937 0.032795
0 0.039623 0.111408 0.037861 0.026534
5 0.153550 0.182597 0.067952 0.030498
0 0.186388 0.730880 0.017810 0.030754
0 0.124224 0.730895 0.018128 0.031386
0 0.148208 0.730667 0.017346 0.030576
5 0.152760 0.222530 0.066372 0.028741
5 0.153814 0.260453 0.066372 0.031128
0 0.121913 0.111543 0.101578 0.027421
0 0.085496 0.730414 0.018757 0.031220
0 0.221217 0.111301 0.070695 0.027299
5 0.136215 0.617223 0.031620 0.028432
0 0.105098 0.730664 0.017272 0.030703
0 0.167314 0.730726 0.016731 0.029496
0 0.273780 0.730889 0.018208 0.030943
0 0.042043 0.730040 0.016100 0.029167
0 0.966795 0.110568 0.021664 0.026800
3 0.507035 0.110405 0.037969 0.026115
0 0.235814 0.731133 0.018466 0.030745
0 0.022966 0.730306 0.016659 0.029747
0 0.061235 0.730322 0.016493 0.030390
0 0.417999 0.731540 0.018768 0.031447
0 0.254978 0.731134 0.016357 0.029002
5 0.136024 0.575981 0.031017 0.027572
4 0.582829 0.503857 0.087745 0.024959
1 0.022622 0.875291 0.012856 0.024152
4 0.586391 0.619085 0.093215 0.029187
4 0.565321 0.580742 0.050519 0.022851
1 0.022541 0.905984 0.013584 0.025329
4 0.577815 0.542456 0.076920 0.026337
4 0.595479 0.385649 0.113755 0.027376
1 0.022422 0.809128 0.013096 0.026230
1 0.022599 0.844614 0.012975 0.024602
4 0.557272 0.464720 0.036083 0.025102
0 0.946392 0.010566 0.015688 0.021132
0 0.962415 0.010556 0.015152 0.021111
0 0.046366 0.376477 0.029005 0.029263
5 0.179888 0.422916 0.066898 0.029565
4 0.568445 0.427049 0.059220 0.023967
4 0.397036 0.385097 0.056741 0.023184
0 0.319538 0.111104 0.098944 0.027923
5 0.132686 0.654254 0.024254 0.029035
1 0.126983 0.420234 0.013733 0.030826
0 0.984325 0.010465 0.026424 0.020930
4 0.617171 0.703701 0.168870 0.037035
5 0.050563 0.875042 0.040838 0.031833
4 0.445229 0.503401 0.156022 0.028590
1 0.127254 0.459944 0.013366 0.026300
0 0.953127 0.053560 0.014583 0.023328
4 0.405713 0.229176 0.072774 0.026328
5 0.906069 0.875305 0.068915 0.033288
5 0.343988 0.906007 0.112170 0.033600
4 0.388496 0.345999 0.043068 0.032828
5 0.343761 0.875286 0.112390 0.033174
4 0.389326 0.307748 0.040228 0.026524
1 0.433321 0.843757 0.014100 0.023892
0 0.926109 0.052561 0.012574 0.023620
4 0.387149 0.423688 0.034970 0.026374
4 0.391647 0.267489 0.043844 0.027452
4 0.616814 0.661655 0.171681 0.034281
4 0.584091 0.347576 0.096714 0.027757
5 0.050509 0.905295 0.041166 0.032185
4 0.381396 0.462504 0.023405 0.025102
4 0.390262 0.189314 0.040110 0.024923
5 0.308799 0.694521 0.376343 0.029988
5 0.411939 0.875119 0.026201 0.031524
4 0.384960 0.151066 0.033514 0.027558
5 0.522894 0.876332 0.148422 0.033843
5 0.906377 0.906576 0.066723 0.034290
5 0.411876 0.905299 0.025898 0.031403
5 0.177811 0.875766 0.216535 0.033879
5 0.949284 0.875249 0.019844 0.031433
5 0.178484 0.909090 0.215093 0.030608
4 0.731858 0.662797 0.051327 0.029710
4 0.732982 0.703801 0.051440 0.031729
5 0.393234 0.538200 0.066134 0.027646
5 0.437210 0.906717 0.025987 0.031288
5 0.437210 0.875428 0.021773 0.036730
5 0.523248 0.908077 0.147493 0.031288
5 0.692513 0.875428 0.191038 0.031288
5 0.692513 0.906717 0.188229 0.028568
5 0.802781 0.876788 0.028094 0.034009
5 0.801377 0.908077 0.029499 0.028568
5 0.836143 0.876108 0.040034 0.032649
5 0.836143 0.908757 0.038629 0.029928
5 0.948518 0.908077 0.017559 0.031288
5 0.864939 0.878149 0.014749 0.031288
5 0.865641 0.909437 0.017559 0.031288
0 0.110619 0.375306 0.075087 0.036359
0 0.190400 0.374656 0.057656 0.037657
0 0.267163 0.374656 0.077098 0.035060
0 0.337892 0.374656 0.044248 0.040255