0 0.265963 0.087841 0.017377 0.028026
0 0.496450 0.087647 0.018836 0.029661
0 0.286760 0.087990 0.018814 0.029464
3 0.113912 0.089234 0.137066 0.038933
0 0.475903 0.087555 0.017524 0.029221
0 0.525511 0.086585 0.017249 0.028660
3 0.644413 0.489369 0.169499 0.031368
0 0.245015 0.087774 0.017657 0.028669
0 0.405717 0.086844 0.017102 0.027248
3 0.505686 0.261197 0.227007 0.033210
0 0.446947 0.087296 0.018045 0.026970
0 0.384986 0.086905 0.018212 0.027229
0 0.215690 0.087973 0.018139 0.030149
0 0.426335 0.087499 0.017354 0.026825
0 0.357008 0.087620 0.019000 0.029521
0 0.248193 0.204064 0.019913 0.029966
0 0.195135 0.088253 0.018571 0.031248
0 0.314677 0.087735 0.019528 0.030797
0 0.179347 0.203316 0.089960 0.028346
0 0.335353 0.087992 0.016624 0.029544
3 0.421454 0.748658 0.248221 0.033200
0 0.750615 0.489023 0.030218 0.034379
5 0.702592 0.391471 0.124054 0.032248
0 0.296306 0.202511 0.052643 0.028209
0 0.362138 0.203182 0.062479 0.028139
0 0.546388 0.085826 0.016483 0.026911
0 0.784048 0.326770 0.016143 0.026699
5 0.600583 0.750182 0.081785 0.030379
5 0.905393 0.260907 0.133839 0.030065
0 0.648620 0.974201 0.028648 0.046986
5 0.498944 0.619412 0.167560 0.031628
0 0.298928 0.974942 0.020335 0.033946
0 0.800814 0.326758 0.016287 0.026676
1 0.647718 0.456601 0.014144 0.024610
0 0.717601 0.749110 0.036188 0.033583
0 0.022233 0.921236 0.015941 0.024806
0 0.767359 0.327094 0.016393 0.027976
5 0.582207 0.456127 0.044159 0.032043
0 0.330411 0.975055 0.023753 0.037230
0 0.484452 0.202777 0.016165 0.028394
0 0.933115 0.016576 0.015841 0.029451
0 0.677191 0.974982 0.021538 0.037596
0 0.866367 0.976144 0.015298 0.022584
5 0.581738 0.522355 0.336358 0.030224
0 0.973641 0.923126 0.019584 0.029753
5 0.600597 0.586586 0.373878 0.032793
0 0.951629 0.017259 0.015999 0.029623
0 0.916173 0.017458 0.015999 0.027687
0 0.072786 0.205113 0.096856 0.026149
0 0.506479 0.201268 0.027673 0.029225
0 0.300442 0.294326 0.022917 0.033839
0 0.340655 0.330088 0.081723 0.033070
0 0.415171 0.328550 0.072210 0.031532
0 0.475923 0.327781 0.051023 0.031532
0 0.527666 0.328165 0.051887 0.030763
0 0.603335 0.328550 0.101180 0.029994
0 0.699976 0.328165 0.093830 0.032301
5 0.454519 0.392127 0.079993 0.029994
5 0.454519 0.423659 0.080858 0.028456
5 0.477004 0.456729 0.124962 0.033070
5 0.476355 0.489415 0.124530 0.032301
0 0.486733 0.686812 0.102910 0.029225
0 0.366959 0.687581 0.135772 0.030763
5 0.670717 0.749876 0.043672 0.032301
0 0.502299 0.390461 0.015566 0.029225