5 0.616555 0.707077 0.177209 0.041522
5 0.903096 0.589378 0.177323 0.041836
5 0.903644 0.708107 0.177212 0.039494
5 0.902967 0.628364 0.176742 0.042893
5 0.616236 0.628686 0.177095 0.042732
5 0.748908 0.550397 0.091782 0.041296
5 0.902866 0.746837 0.176943 0.042122
5 0.616406 0.746708 0.176875 0.043273
5 0.749033 0.589111 0.091683 0.040003
5 0.616230 0.589325 0.177158 0.041771
5 0.903213 0.825063 0.176250 0.041936
5 0.749102 0.628343 0.092108 0.041505
5 0.616586 0.667807 0.176990 0.042777
5 0.903134 0.670059 0.177272 0.038229
5 0.749252 0.667562 0.091728 0.041655
5 0.616842 0.786025 0.176795 0.043067
5 0.616490 0.825170 0.176933 0.042077
5 0.749210 0.707057 0.092489 0.041421
5 0.749298 0.746410 0.092034 0.042062
5 0.903143 0.785804 0.175525 0.042943
5 0.902640 0.864244 0.176531 0.043490
5 0.749314 0.825084 0.092444 0.041674
5 0.749285 0.785654 0.091932 0.042113
5 0.616241 0.864672 0.177249 0.043407
5 0.749333 0.864542 0.092107 0.042206
5 0.399420 0.628759 0.219500 0.043319
5 0.399375 0.667864 0.219837 0.043185
5 0.902610 0.943218 0.174861 0.042788
5 0.902984 0.551130 0.175842 0.039509
5 0.399173 0.589613 0.219093 0.042728
3 0.112201 0.092310 0.145114 0.043343
5 0.749316 0.943015 0.092546 0.041669
5 0.902864 0.903366 0.176948 0.037416
5 0.749336 0.903699 0.091913 0.041987
5 0.616827 0.903951 0.176760 0.043332
5 0.399402 0.785630 0.220364 0.043770
5 0.616112 0.550927 0.177299 0.040783
5 0.399459 0.746565 0.220054 0.043869
5 0.399157 0.706974 0.219794 0.042847
5 0.616072 0.943367 0.176424 0.042926
5 0.749462 0.980526 0.091887 0.037541
5 0.903503 0.982113 0.176534 0.035486
5 0.398822 0.550471 0.218978 0.042090
5 0.399632 0.864275 0.220225 0.044115
5 0.399537 0.903490 0.220356 0.044327
0 0.230040 0.210551 0.021985 0.031995
5 0.399439 0.824996 0.220201 0.043548
0 0.257622 0.095340 0.020628 0.036460
0 0.258149 0.211583 0.020410 0.037777
0 0.283350 0.095260 0.020078 0.036690
0 0.286773 0.211374 0.020219 0.036704
5 0.805027 0.588651 0.023452 0.038824
0 0.223020 0.027257 0.055408 0.025303
5 0.804855 0.550049 0.023131 0.039480
5 0.399774 0.942940 0.219132 0.044106
0 0.172077 0.212135 0.022092 0.035496
5 0.616965 0.979982 0.175843 0.039641
5 0.399336 0.979583 0.218750 0.040242
0 0.224657 0.095172 0.022186 0.040603
0 0.200739 0.212910 0.021030 0.036427
5 0.805241 0.706289 0.023938 0.039621
0 0.166285 0.027127 0.030612 0.024264
5 0.270981 0.589293 0.040732 0.039864
5 0.805149 0.628315 0.023709 0.039972
5 0.805286 0.824295 0.024045 0.039533
5 0.805186 0.667592 0.023715 0.039645
5 0.805302 0.785917 0.024056 0.040016
5 0.805235 0.746333 0.023851 0.040439
0 0.123530 0.027248 0.026558 0.026846
0 0.309037 0.095222 0.019886 0.037390
5 0.270889 0.706879 0.041068 0.040183
5 0.270941 0.550056 0.041019 0.040456
0 0.315515 0.211738 0.022424 0.037496
5 0.805338 0.942286 0.024083 0.039388
5 0.805294 0.904043 0.024021 0.039893
5 0.805229 0.864368 0.023839 0.040695
5 0.270971 0.628368 0.041153 0.040948
5 0.271116 0.745948 0.041282 0.040979
5 0.518830 0.589026 0.023227 0.039376
5 0.518436 0.550513 0.022934 0.038519
0 0.288780 0.025603 0.046020 0.026052
5 0.271077 0.942108 0.041132 0.040254
5 0.270822 0.824459 0.041217 0.040352
5 0.805411 0.980189 0.023326 0.037161
5 0.270857 0.785647 0.041387 0.040738
0 0.049810 0.025256 0.090165 0.032784
5 0.995165 0.588073 0.009670 0.040015
5 0.519009 0.628201 0.023070 0.040112
5 0.270814 0.903300 0.041496 0.040818
5 0.270927 0.667742 0.041326 0.040213
5 0.995061 0.549570 0.009877 0.039943
0 0.345009 0.212604 0.022792 0.033336
5 0.270997 0.863863 0.041292 0.041415
5 0.995105 0.667193 0.009789 0.039793
5 0.995118 0.784948 0.009764 0.040205
5 0.518873 0.667672 0.023431 0.040320
0 0.346816 0.026729 0.046979 0.025969
5 0.995108 0.902706 0.009784 0.040648
5 0.995166 0.627419 0.009668 0.040218
5 0.995298 0.706383 0.009403 0.039965
5 0.518929 0.785543 0.023616 0.040714
5 0.519003 0.706709 0.024010 0.039960
5 0.995185 0.941533 0.009629 0.040280
5 0.271127 0.979685 0.040976 0.038352
5 0.995191 0.823643 0.009618 0.040267
0 0.020345 0.096319 0.022144 0.039180
5 0.995170 0.862891 0.009659 0.040331
0 0.200731 0.094324 0.021296 0.039920
5 0.519022 0.824494 0.024194 0.040172
5 0.995193 0.745082 0.009613 0.040209
5 0.519064 0.746075 0.023083 0.040600
5 0.518991 0.903347 0.023620 0.040771
5 0.518950 0.942152 0.023531 0.039768
5 0.519099 0.864065 0.023165 0.040784
0 0.561087 0.096838 0.024562 0.042000
5 0.519119 0.979853 0.023394 0.037448
0 0.594373 0.096065 0.021853 0.041043
5 0.995174 0.979707 0.009651 0.040586
0 0.397695 0.028482 0.030620 0.029218
0 0.618843 0.095265 0.023520 0.040905
0 0.535857 0.096518 0.022632 0.041740
0 0.502352 0.096935 0.020414 0.040905
0 0.477057 0.096935 0.021301 0.044244
0 0.452353 0.098187 0.022189 0.040070
0 0.425283 0.098605 0.021301 0.039235
0 0.392888 0.094848 0.020414 0.040070
0 0.367371 0.096518 0.020857 0.038401
0 0.341632 0.095265 0.024408 0.045914
0 0.022558 0.211302 0.019970 0.039235
0 0.374027 0.211998 0.021745 0.038401
4 0.088015 0.305495 0.089642 0.028383
4 0.131061 0.337217 0.176622 0.030053
4 0.131727 0.369774 0.176178 0.030053
4 0.063608 0.400661 0.040827 0.030053
4 0.136830 0.433218 0.165084 0.030053
4 0.142821 0.463688 0.154877 0.029218
5 0.804975 0.355683 0.021620 0.040670
5 0.804759 0.394726 0.022052 0.040670
5 0.805192 0.433769 0.023782 0.039043
5 0.804759 0.473218 0.022917 0.039856
5 0.804975 0.511854 0.022485 0.035789
5 0.995236 0.355683 0.009527 0.040670
5 0.995020 0.395133 0.009959 0.038229
5 0.995453 0.433362 0.009094 0.039856
5 0.995453 0.474438 0.009094 0.037416
5 0.995020 0.511447 0.009959 0.038229