5 0.293884 0.394348 0.039780 0.042509
3 0.080693 0.157529 0.131801 0.041858
5 0.290209 0.492559 0.031565 0.041606
5 0.293884 0.442946 0.039780 0.040228
0 0.321763 0.344958 0.017750 0.040308
0 0.216268 0.158726 0.112744 0.034673
3 0.514670 0.158638 0.052442 0.034920
0 0.399901 0.159190 0.148250 0.036121
5 0.292708 0.344579 0.037886 0.042164
0 0.300033 0.159411 0.019290 0.032924
0 0.024508 0.083287 0.018887 0.042626
0 0.169282 0.159317 0.016567 0.036277
0 0.019449 0.022555 0.020911 0.031800
0 0.062619 0.023191 0.047892 0.038160
0 0.112198 0.023191 0.026981 0.033072
0 0.151321 0.023827 0.035076 0.029256
0 0.197864 0.024463 0.044519 0.030528
0 0.245756 0.024463 0.029680 0.030528