5 0.255193 0.640223 0.039828 0.042361
5 0.251446 0.443277 0.032248 0.041954
3 0.080087 0.157672 0.131238 0.039913
5 0.255008 0.688745 0.040652 0.039484
5 0.286400 0.590947 0.103216 0.039411
3 0.184622 0.157746 0.050595 0.031758
5 0.270995 0.346399 0.068336 0.038554
5 0.254441 0.394624 0.038560 0.039644
0 0.314131 0.345490 0.017813 0.039421
1 0.242934 0.837050 0.012539 0.022831
0 0.019916 0.023537 0.018398 0.029950
0 0.055491 0.024651 0.034592 0.030985
0 0.095487 0.023020 0.026376 0.030985
0 0.134187 0.022612 0.031132 0.030169
0 0.195947 0.023835 0.072210 0.032616
0 0.264338 0.024107 0.051023 0.032616
0 0.321414 0.025330 0.044104 0.035062
0 0.368329 0.023699 0.035889 0.033431