5 0.724551 0.290709 0.032864 0.039467
5 0.811916 0.935201 0.209901 0.039407
5 0.769268 0.888004 0.121951 0.038920
5 0.221751 0.336975 0.072285 0.037768
5 0.297667 0.384281 0.220334 0.043356
5 0.733359 0.382487 0.053256 0.038706
3 0.987124 0.091895 0.025751 0.037846
5 0.266481 0.245905 0.161511 0.043257
0 0.158482 0.092083 0.080299 0.031107
3 0.407075 0.092973 0.097027 0.032746
5 0.724766 0.245645 0.033294 0.041449
5 0.199857 0.290652 0.028649 0.039449
3 0.278626 0.091613 0.129931 0.030775
0 0.975655 0.981832 0.047996 0.036336
5 0.294124 0.887805 0.030167 0.042371
0 0.058130 0.091739 0.089881 0.032631
0 0.058610 0.892161 0.029372 0.036346
4 0.128476 0.725884 0.110050 0.031010
5 0.247272 0.839360 0.123516 0.039004
0 0.027549 0.892687 0.031670 0.039240
0 0.751119 0.384249 0.017623 0.035128
5 0.327900 0.841750 0.032862 0.038686
4 0.113490 0.635384 0.142042 0.032947
0 0.018538 0.982221 0.025069 0.032120
4 0.146229 0.588917 0.073925 0.031231
4 0.098632 0.793103 0.188143 0.031047
1 0.714561 0.339145 0.014202 0.027617
0 0.264061 0.893826 0.013524 0.024937
4 0.128061 0.679871 0.112855 0.032780
1 0.192776 0.431707 0.012539 0.026712