5 0.518374 0.568037 0.039793 0.043130
0 0.652227 0.250597 0.022561 0.043772
1 0.027163 0.436899 0.015828 0.033198
0 0.477514 0.249704 0.022433 0.043069
0 0.393350 0.249904 0.024320 0.045796
0 0.426512 0.250821 0.024206 0.044330
1 0.027411 0.475539 0.016084 0.032165
0 0.452888 0.250344 0.022255 0.042679
3 0.546729 0.250519 0.019474 0.044916
3 0.771569 0.249814 0.018898 0.042755
0 0.360557 0.250170 0.023568 0.043887
0 0.298958 0.250945 0.091693 0.044167
0 0.687566 0.704079 0.061675 0.032097
0 0.503186 0.249974 0.023704 0.043352
1 0.027954 0.515372 0.017162 0.032683
0 0.190622 0.251157 0.116069 0.047821
1 0.026871 0.396575 0.015856 0.030891
0 0.619834 0.250028 0.023999 0.044875
0 0.528489 0.251212 0.020928 0.045563
0 0.795054 0.249743 0.024105 0.044679
3 0.722778 0.249386 0.031678 0.043631
0 0.753619 0.249909 0.021115 0.043082
0 0.578555 0.250130 0.018511 0.044391
5 0.569806 0.516897 0.142808 0.045560
3 0.686016 0.249383 0.032772 0.043979
0 0.076724 0.250897 0.106463 0.046028
3 0.155784 0.103195 0.038607 0.028520
0 0.976777 0.102928 0.046446 0.034141
0 0.073236 0.105857 0.106643 0.035370
0 0.633728 0.703293 0.029591 0.030250
5 0.657594 0.518702 0.033135 0.041794
5 0.570117 0.466500 0.143768 0.044804
1 0.027869 0.356352 0.016796 0.035235
0 0.713428 0.378603 0.017871 0.028853
3 0.596001 0.251629 0.016382 0.044729
5 0.658235 0.466971 0.031318 0.041679