4 0.105883 0.365437 0.199287 0.034733
0 0.257054 0.110029 0.092427 0.045832
4 0.105752 0.314084 0.200389 0.035626
4 0.106517 0.415494 0.202071 0.033808
0 0.078469 0.111042 0.093202 0.046678
0 0.168892 0.110437 0.091322 0.044380
4 0.105064 0.263697 0.203113 0.035369
4 0.079470 0.465515 0.155488 0.036924
4 0.046951 0.820319 0.086725 0.033852
4 0.051903 0.870191 0.095062 0.031379
4 0.060623 0.767490 0.113862 0.036347
4 0.039803 0.667942 0.073321 0.033342
0 0.460786 0.793265 0.028348 0.046624
4 0.079618 0.516408 0.155512 0.034537
4 0.328273 0.924086 0.160478 0.040380
4 0.045477 0.618128 0.088583 0.035586
4 0.062698 0.566617 0.121665 0.034354
4 0.046165 0.719000 0.086953 0.031818
4 0.037903 0.917545 0.066673 0.032076
4 0.382482 0.664360 0.189541 0.042119
0 0.460800 0.436742 0.029113 0.049073
5 0.882771 0.112365 0.127597 0.045501
4 0.081696 0.970642 0.155363 0.041514
4 0.066903 0.214817 0.126565 0.034315
4 0.304650 0.568922 0.117373 0.037645
4 0.309200 0.211411 0.122461 0.040341
0 0.977634 0.112042 0.014201 0.029770
0 0.953004 0.111112 0.011982 0.033491