0 0.955748 0.960722 0.074390 0.041841
0 0.764875 0.353504 0.024015 0.042940
0 0.792051 0.352696 0.025114 0.044970
0 0.023757 0.961749 0.031746 0.043220
0 0.739377 0.353817 0.023485 0.042827
0 0.771465 0.942903 0.062767 0.037913
1 0.763942 0.637540 0.015755 0.029755
0 0.721066 0.943213 0.025248 0.037734
1 0.763959 0.600112 0.016049 0.031385
3 0.963973 0.096544 0.032777 0.033318
0 0.805866 0.119571 0.020470 0.035319
0 0.778945 0.119997 0.019371 0.034087
0 0.340800 0.353625 0.127198 0.040552
1 0.763493 0.861367 0.015095 0.033956
1 0.763561 0.749977 0.014775 0.031584
1 0.763454 0.786805 0.014610 0.029212
5 0.454640 0.253307 0.067802 0.039963
5 0.132624 0.478189 0.098019 0.309723
1 0.763592 0.712792 0.013783 0.030021
1 0.763760 0.675879 0.013443 0.028372
3 0.229363 0.352576 0.068106 0.034946
0 0.069927 0.096013 0.102653 0.029443
5 0.839894 0.752688 0.037949 0.044497
0 0.485560 0.353292 0.148148 0.041700
0 0.160391 0.096937 0.041641 0.029457
5 0.372232 0.253486 0.093761 0.045474