0 0.660062 0.178416 0.024165 0.047142
0 0.637891 0.178414 0.023245 0.044861
0 0.691060 0.178818 0.025965 0.050267
3 0.375490 0.178592 0.146036 0.049578
0 0.067905 0.196201 0.023842 0.045850
5 0.338912 0.392077 0.083742 0.048525
0 0.977338 0.113511 0.045314 0.039514
0 0.227264 0.289389 0.056737 0.043196
0 0.068851 0.112482 0.091010 0.036392
5 0.613652 0.341107 0.126043 0.050329
0 0.101293 0.195447 0.023315 0.047161
0 0.165814 0.284690 0.021104 0.044684
3 0.162956 0.111644 0.082890 0.035509
0 0.010290 0.194893 0.020536 0.047866
3 0.232654 0.111035 0.038083 0.033319
0 0.915652 0.112415 0.063297 0.038494
5 0.337663 0.340665 0.083599 0.044833
4 0.058513 0.360945 0.060420 0.028971
4 0.054398 0.486172 0.047645 0.027357
3 0.225676 0.178966 0.145240 0.048038
0 0.035728 0.196071 0.024155 0.044756
4 0.042875 0.569825 0.025446 0.026608
5 0.502637 0.178872 0.100441 0.049773
1 0.220222 0.446866 0.014687 0.032987
3 0.307544 0.448613 0.144725 0.048058
4 0.042287 0.530159 0.081662 0.030650
4 0.054640 0.612861 0.105189 0.035053
5 0.607565 0.178863 0.038603 0.047322
4 0.060211 0.402915 0.070273 0.031017
4 0.070046 0.318872 0.137652 0.037039
5 0.629862 0.391225 0.157095 0.048010
4 0.028479 0.445122 0.053903 0.031174
0 0.283529 0.288465 0.016323 0.032813
0 0.182497 0.446200 0.014792 0.032947