0 0.939203 0.091256 0.014691 0.029275
0 0.916080 0.090371 0.016757 0.029453
0 0.977746 0.090399 0.044041 0.032954
0 0.238953 0.090470 0.015805 0.030877
0 0.262016 0.090088 0.015692 0.031156
0 0.191242 0.089945 0.017481 0.031040
0 0.168174 0.090050 0.017116 0.030630
0 0.215675 0.089706 0.015871 0.030179
0 0.144226 0.090389 0.016054 0.027833
0 0.312932 0.089733 0.069533 0.029389
0 0.120900 0.091447 0.016447 0.026109
0 0.394746 0.089867 0.077140 0.030253
0 0.097196 0.090191 0.016849 0.028068
0 0.026997 0.090133 0.017327 0.027377
0 0.072632 0.089957 0.015091 0.029269
0 0.476405 0.089246 0.069816 0.029279
0 0.892577 0.089706 0.016209 0.029582
3 0.626968 0.089000 0.035120 0.028690
0 0.560036 0.089826 0.083184 0.029471
1 0.029547 0.362202 0.012107 0.028616
1 0.029763 0.477114 0.013404 0.024145
1 0.029547 0.593367 0.012972 0.025933
1 0.029547 0.630926 0.012107 0.025933
1 0.029547 0.747030 0.012107 0.028616
1 0.029115 0.863284 0.012972 0.026828
1 0.029979 0.900842 0.012107 0.026828