0 0.685849 0.655273 0.076081 0.034255
0 0.607063 0.655499 0.075997 0.029888
0 0.433026 0.326212 0.080394 0.035019
0 0.515490 0.326795 0.083686 0.036334
4 0.160220 0.476264 0.109815 0.021548
4 0.144615 0.428570 0.076769 0.018452
4 0.143869 0.407211 0.078032 0.018680
5 0.089016 0.226540 0.020217 0.024941
0 0.658749 0.500931 0.132517 0.032558
5 0.358771 0.226233 0.225255 0.036309
0 0.515871 0.227581 0.088705 0.036553
4 0.148932 0.452594 0.086321 0.015719
4 0.127684 0.387512 0.043825 0.014042
3 0.657526 0.198913 0.132841 0.030919
4 0.222949 0.141897 0.298488 0.028633
0 0.657040 0.198799 0.133472 0.031659