0 0.059967 0.717610 0.022434 0.040060
5 0.146984 0.310843 0.028955 0.042811
0 0.102068 0.717752 0.022756 0.042285
0 0.212300 0.716794 0.020374 0.038143
0 0.192127 0.716696 0.022346 0.038338
0 0.136296 0.717444 0.022754 0.040084
0 0.081106 0.717690 0.020088 0.040273
0 0.025474 0.716910 0.023883 0.043278
5 0.444872 0.720502 0.043653 0.040625
0 0.158228 0.716911 0.021654 0.039776
5 0.274519 0.223641 0.285661 0.040183
0 0.233762 0.717591 0.022568 0.040307
0 0.898705 0.976563 0.067216 0.038014
5 0.500725 0.720502 0.043504 0.042391
0 0.047026 0.094146 0.075871 0.029809
0 0.971897 0.094386 0.046415 0.034285
0 0.161555 0.093976 0.137405 0.031226
0 0.966498 0.977050 0.059445 0.033556
1 0.024156 0.598250 0.013673 0.025134
3 0.394570 0.093502 0.036128 0.028381
0 0.303221 0.093625 0.136077 0.031234
1 0.024156 0.562928 0.013673 0.027100
1 0.024611 0.491664 0.013673 0.026065
1 0.024156 0.527199 0.012761 0.026387
1 0.024384 0.634030 0.013217 0.027808