0 0.590859 0.097559 0.081595 0.044618
0 0.509698 0.097763 0.079461 0.041022
0 0.430117 0.097797 0.080581 0.041659
4 0.092905 0.331000 0.180528 0.032004
0 0.412742 0.363330 0.026314 0.047625
4 0.074166 0.881561 0.144960 0.034106
0 0.980593 0.088846 0.022018 0.039009
4 0.071828 0.468450 0.140396 0.032426
4 0.095881 0.376635 0.186639 0.033379
4 0.069303 0.421173 0.135935 0.033171
4 0.042325 0.742073 0.080800 0.031471
4 0.040496 0.649900 0.078243 0.030154
4 0.044967 0.788582 0.088739 0.028629
4 0.091227 0.283097 0.179750 0.033077
4 0.033601 0.834198 0.060874 0.028132
4 0.052181 0.697074 0.101593 0.032319
4 0.055201 0.514360 0.108571 0.033150
5 0.902892 0.088476 0.131446 0.046770
4 0.053767 0.972183 0.104766 0.033832
4 0.063029 0.926248 0.117882 0.030489
4 0.090738 0.237811 0.178783 0.033292
4 0.041863 0.560248 0.080540 0.031220
4 0.059355 0.193225 0.117393 0.032036
4 0.035436 0.606232 0.068103 0.029802
4 0.335488 0.242802 0.164543 0.042070