0 0.059886 0.718184 0.021694 0.037777
0 0.136686 0.717104 0.022264 0.039000
0 0.192469 0.717308 0.021064 0.037602
0 0.102668 0.717523 0.022836 0.039949
0 0.026109 0.717619 0.022921 0.041198
0 0.081045 0.717693 0.020805 0.038069
0 0.234448 0.717028 0.022506 0.038620
0 0.212983 0.716960 0.021917 0.036907
0 0.901231 0.978172 0.066216 0.039671
0 0.158201 0.716778 0.021810 0.038150
5 0.502590 0.717739 0.042929 0.038830
1 0.024502 0.597485 0.012972 0.023884
5 0.446649 0.718502 0.044417 0.038282
0 0.046867 0.089496 0.075614 0.029947
5 0.146985 0.307435 0.029808 0.039442
0 0.975830 0.089739 0.046867 0.037787
1 0.024502 0.561217 0.012972 0.025653
0 0.968842 0.977987 0.062316 0.037952
0 0.161779 0.089725 0.137302 0.031787
1 0.024935 0.633312 0.013837 0.026538
5 0.275588 0.217079 0.285311 0.037701
3 0.396587 0.090210 0.035836 0.030527
0 0.304833 0.089005 0.139081 0.031767
1 0.024719 0.489122 0.012539 0.026538
5 0.092845 0.597720 0.119410 0.037614
1 0.025367 0.526275 0.012972 0.026538
5 0.092907 0.526820 0.119801 0.037064
5 0.495644 0.596774 0.040570 0.035063
5 0.093066 0.561619 0.119847 0.040762
5 0.461800 0.597463 0.030102 0.034991
5 0.409372 0.597021 0.034308 0.034979
5 0.436756 0.597074 0.023184 0.034209
5 0.495545 0.561169 0.040591 0.038102
5 0.092672 0.489211 0.118141 0.041692
5 0.093410 0.631045 0.119303 0.036217
5 0.461569 0.561581 0.030381 0.036613
5 0.409304 0.561157 0.034306 0.037368
5 0.436700 0.561341 0.022998 0.036422
5 0.409657 0.524998 0.032688 0.037758
5 0.461801 0.526467 0.030366 0.035454
0 0.426295 0.218276 0.015496 0.036364