0 0.510789 0.102651 0.077597 0.042578
0 0.590360 0.106319 0.084459 0.042229
0 0.429977 0.103153 0.081931 0.044873
4 0.039204 0.788429 0.078352 0.029523
0 0.413820 0.380650 0.025702 0.045444
4 0.092662 0.357498 0.183693 0.036922
4 0.033782 0.642927 0.067563 0.030846
4 0.092264 0.402375 0.180101 0.034219
4 0.043812 0.838360 0.087375 0.030740
4 0.091222 0.259615 0.181390 0.034708
4 0.092285 0.308759 0.183453 0.037009
0 0.919462 0.093737 0.154064 0.043062
4 0.050869 0.739349 0.100783 0.030168
4 0.073883 0.934136 0.146674 0.026103
4 0.055005 0.548527 0.108977 0.033242
4 0.040177 0.691970 0.079906 0.032442
4 0.058069 0.212193 0.110154 0.031211
4 0.068512 0.451946 0.132413 0.032599
4 0.066062 0.979828 0.128967 0.033634
4 0.041123 0.597044 0.079443 0.031272
4 0.069914 0.501528 0.138605 0.032465
0 0.245321 0.264410 0.019581 0.043664
4 0.031207 0.884848 0.059608 0.032758