0 0.983619 0.350356 0.017080 0.032703
5 0.284516 0.828886 0.380219 0.237690
0 0.137285 0.350054 0.017468 0.031893
0 0.963416 0.349987 0.018655 0.033598
0 0.156872 0.349928 0.017995 0.032359
5 0.085882 0.498108 0.059390 0.032284
5 0.085131 0.530304 0.058155 0.034047
5 0.085655 0.467230 0.057959 0.033765
0 0.965199 0.972371 0.056440 0.033634
3 0.235433 0.083824 0.100858 0.028264
3 0.970667 0.084456 0.027043 0.027603
0 0.012908 0.973029 0.023764 0.033834
5 0.906970 0.531166 0.019703 0.034371
0 0.098237 0.349940 0.054060 0.033433
0 0.136449 0.087295 0.069086 0.032536
5 0.157504 0.498341 0.031444 0.033008
5 0.158126 0.466208 0.030582 0.034620
0 0.311916 0.350344 0.084247 0.035839
0 0.942610 0.349539 0.018541 0.033798
3 0.577549 0.084136 0.082011 0.028212
5 0.182425 0.530028 0.021135 0.034594
5 0.487658 0.530454 0.050163 0.034556
3 0.347290 0.083664 0.097773 0.028121
5 0.046302 0.498381 0.021829 0.031256
5 0.525741 0.498492 0.028529 0.032128
0 0.221197 0.350876 0.091330 0.034269
5 0.438678 0.498279 0.049451 0.032516
5 0.488201 0.498354 0.049984 0.032372
5 0.340881 0.498112 0.050869 0.032265
5 0.487773 0.466583 0.050170 0.035399
5 0.438674 0.530651 0.049945 0.034213
3 0.465059 0.084021 0.113070 0.028771
5 0.340869 0.466692 0.051121 0.034501
5 0.026096 0.498130 0.020723 0.030221
5 0.907224 0.498364 0.020924 0.032680
5 0.206544 0.466350 0.030562 0.034685
5 0.157511 0.564331 0.031469 0.035369
5 0.389565 0.530520 0.050648 0.034377
5 0.340883 0.432967 0.051247 0.033005
5 0.906931 0.564359 0.019782 0.035218
5 0.085393 0.563812 0.059986 0.035416
5 0.340925 0.530234 0.049662 0.034404
5 0.526219 0.531108 0.028690 0.034111
5 0.157489 0.531235 0.030919 0.034467
5 0.438840 0.564334 0.049415 0.034883
5 0.525876 0.466645 0.028875 0.034173
5 0.439388 0.466734 0.050873 0.034449
5 0.389913 0.498628 0.050628 0.033131
5 0.389828 0.467131 0.051211 0.034654
5 0.206430 0.498379 0.028605 0.032972
5 0.046766 0.562966 0.021957 0.033482
5 0.869244 0.497670 0.021401 0.031117
5 0.525749 0.564490 0.027882 0.034908
5 0.887604 0.498184 0.018450 0.031518
5 0.046451 0.530716 0.021862 0.032555
5 0.046629 0.466685 0.021716 0.032386
5 0.128197 0.531242 0.030071 0.033299
5 0.240453 0.529975 0.041697 0.035146
5 0.240071 0.498631 0.041934 0.032395
5 0.182667 0.563784 0.020651 0.034194
5 0.287572 0.531849 0.057861 0.034618
5 0.288101 0.498616 0.056377 0.033373
5 0.128704 0.498234 0.028664 0.032243
5 0.888363 0.529182 0.018276 0.033449
5 0.438550 0.432260 0.050067 0.032842
5 0.487724 0.564531 0.049587 0.036969
5 0.241575 0.431835 0.042271 0.034802
5 0.340678 0.563856 0.049322 0.034537
5 0.389960 0.432968 0.051554 0.033478
5 0.888517 0.465932 0.018107 0.032622
0 0.049242 0.086919 0.079216 0.030977
5 0.660917 0.530661 0.069409 0.033790
5 0.026112 0.530600 0.020102 0.030721
5 0.389747 0.564086 0.050212 0.035569
5 0.025594 0.562935 0.020858 0.032013
5 0.182219 0.498585 0.021163 0.033304
0 0.032131 0.349646 0.059746 0.030151
5 0.287499 0.563112 0.056901 0.033481
5 0.869101 0.530206 0.021499 0.032437
5 0.241339 0.466706 0.041824 0.035034
5 0.907574 0.466466 0.020225 0.033321
5 0.661138 0.466674 0.069932 0.034041
5 0.660796 0.563469 0.069314 0.034671
5 0.239427 0.562158 0.040253 0.032954
5 0.182223 0.466618 0.019809 0.034739
5 0.128213 0.564098 0.029257 0.034210
5 0.582220 0.529957 0.088342 0.034961
5 0.662040 0.433314 0.069811 0.034808
5 0.129100 0.466395 0.030366 0.033511
5 0.487906 0.432862 0.049960 0.034179
5 0.887655 0.564314 0.018634 0.035615
5 0.289134 0.467286 0.054913 0.034305
5 0.907760 0.433731 0.021583 0.031852
1 0.010364 0.532491 0.010926 0.024108
5 0.025967 0.467150 0.021722 0.031266
5 0.787103 0.434724 0.030268 0.031203
5 0.887328 0.433067 0.018473 0.032363
1 0.009667 0.466674 0.012127 0.025323
5 0.582724 0.432470 0.089235 0.034035
5 0.869255 0.465806 0.020368 0.031773
5 0.583017 0.564645 0.089123 0.036381
5 0.868511 0.433648 0.021006 0.031161
5 0.196743 0.432806 0.048217 0.033030
5 0.582251 0.466128 0.088232 0.035747
5 0.869646 0.563294 0.020803 0.033784
5 0.660628 0.499170 0.067886 0.033153
5 0.046278 0.434086 0.021449 0.030683
5 0.786887 0.466386 0.030700 0.028449
1 0.009559 0.435589 0.011911 0.025190
1 0.010003 0.500466 0.011069 0.021968
5 0.583662 0.499110 0.089792 0.032739
1 0.010355 0.563052 0.011774 0.025392
0 0.060515 0.649761 0.077113 0.030788
5 0.526146 0.433863 0.027521 0.032540
0 0.933718 0.159842 0.013238 0.026281
5 0.786772 0.530345 0.030470 0.031856
5 0.157911 0.433624 0.030152 0.031690
5 0.086353 0.433636 0.059494 0.031084
5 0.026321 0.434467 0.022957 0.030399
0 0.402685 0.246739 0.091699 0.037685
5 0.289323 0.433339 0.054942 0.034290
5 0.786183 0.562341 0.030158 0.032931
1 0.010178 0.398148 0.011420 0.026654
5 0.786339 0.498417 0.029604 0.030539
5 0.129845 0.433992 0.027709 0.030095
5 0.205748 0.531085 0.027241 0.034873
5 0.205316 0.563206 0.027241 0.034873
5 0.927415 0.436101 0.020323 0.033956
5 0.927199 0.467304 0.020755 0.033956
5 0.926983 0.499424 0.020323 0.032120
5 0.926983 0.531085 0.019458 0.034873
5 0.927415 0.561829 0.020323 0.032120