0 0.060557 0.907335 0.024841 0.033940
0 0.319905 0.907028 0.024523 0.035401
0 0.520976 0.075797 0.018774 0.026674
5 0.381217 0.301855 0.049893 0.033610
5 0.198548 0.300791 0.090671 0.031482
0 0.470492 0.076886 0.022134 0.028243
0 0.222562 0.181438 0.043280 0.025845
0 0.264250 0.077847 0.019425 0.027551
5 0.259558 0.403031 0.213352 0.031559
5 0.222612 0.436704 0.139976 0.032790
0 0.285031 0.077416 0.018309 0.027960
0 0.110171 0.907870 0.025206 0.034662
0 0.139614 0.907076 0.024276 0.033754
5 0.222718 0.369499 0.139013 0.030343
0 0.345069 0.906981 0.025200 0.034142
3 0.269333 0.796845 0.062314 0.033629
0 0.311244 0.076614 0.022817 0.029835
0 0.279533 0.907331 0.025685 0.034515
0 0.215383 0.907339 0.026481 0.033777
5 0.882566 0.826707 0.126680 0.027537
5 0.705839 0.335249 0.262126 0.034892
5 0.704504 0.437449 0.260830 0.034593
0 0.492766 0.076368 0.020542 0.028025
0 0.085229 0.907682 0.024161 0.032818
0 0.213573 0.076722 0.017683 0.026820
0 0.242537 0.077549 0.017891 0.027403
0 0.254069 0.906336 0.025395 0.035651
0 0.176628 0.906813 0.047979 0.034364
0 0.144877 0.181854 0.104418 0.028523
5 0.883344 0.795373 0.129707 0.030958
0 0.289105 0.180708 0.065764 0.024515
0 0.394611 0.031397 0.043449 0.020966
0 0.163998 0.906955 0.023834 0.032666
0 0.380587 0.075242 0.018743 0.027146
5 0.198517 0.335269 0.090611 0.031845
0 0.444837 0.076568 0.020151 0.027932
0 0.026819 0.076186 0.017473 0.025955
1 0.953437 0.733399 0.015165 0.020559
0 0.072242 0.236161 0.070344 0.030551
0 0.027404 0.907659 0.026783 0.034551
0 0.540797 0.074855 0.016360 0.024921
3 0.269495 0.731473 0.062639 0.031294
5 0.425454 0.669413 0.248264 0.032514
0 0.424917 0.076914 0.019743 0.027178
0 0.156192 0.031951 0.029527 0.022094
3 0.270150 0.701118 0.062986 0.032677
0 0.257491 0.031689 0.045184 0.021270
0 0.137536 0.236134 0.055139 0.030146
0 0.401996 0.076637 0.020768 0.027490
3 0.269803 0.764070 0.062135 0.030345
5 0.424577 0.827799 0.250018 0.031336
5 0.883074 0.763992 0.129420 0.033219
0 0.202535 0.032520 0.034462 0.021031
0 0.353654 0.075846 0.020378 0.028370
5 0.882398 0.669145 0.127651 0.032296
0 0.437620 0.181925 0.097275 0.026497
0 0.063300 0.032081 0.057180 0.022365
0 0.354587 0.181285 0.043983 0.025156
5 0.883188 0.731607 0.127362 0.029321
5 0.882587 0.700784 0.127852 0.033322
0 0.332657 0.076648 0.017404 0.028289
0 0.326464 0.032137 0.069422 0.021589
0 0.049327 0.182206 0.062652 0.027048
5 0.425344 0.795815 0.248745 0.031569
1 0.953506 0.670768 0.015860 0.022875
5 0.425761 0.701641 0.248615 0.034297
3 0.112396 0.077545 0.139672 0.032936
0 0.115815 0.032179 0.024590 0.021616
1 0.953027 0.702199 0.014644 0.024007
1 0.952999 0.765303 0.012972 0.022635
5 0.109005 0.764944 0.087336 0.031404
5 0.108723 0.825853 0.087543 0.032205
1 0.953785 0.797541 0.014545 0.021263
5 0.425520 0.764339 0.248133 0.032696
5 0.425279 0.733026 0.247651 0.029808
5 0.108513 0.794737 0.089111 0.032794
5 0.808616 0.794761 0.022076 0.031752
5 0.808624 0.701278 0.022048 0.031371
0 0.195186 0.076751 0.019731 0.025813
0 0.443120 0.032823 0.027418 0.022937
0 0.018426 0.027070 0.015628 0.020984
1 0.954407 0.826521 0.014435 0.021607
5 0.808746 0.731493 0.021621 0.029754
5 0.808440 0.826514 0.022222 0.030107
5 0.808681 0.763853 0.021872 0.030621
3 0.270098 0.668582 0.062882 0.030254
1 0.051055 0.765319 0.030852 0.031029
5 0.108866 0.732768 0.087534 0.034897
3 0.269759 0.826934 0.061462 0.029606
5 0.971797 0.669522 0.020345 0.031746
1 0.050662 0.826272 0.030119 0.029240
5 0.970548 0.733751 0.022126 0.032238
1 0.051250 0.796500 0.030675 0.030925
5 0.808803 0.669018 0.021887 0.030074
1 0.050937 0.668472 0.028953 0.028676
5 0.970974 0.764618 0.021126 0.032238
5 0.970656 0.794612 0.021949 0.030892
1 0.051233 0.700798 0.027945 0.032101
1 0.051233 0.732899 0.027945 0.030572
3 0.970943 0.827721 0.022052 0.029494
5 0.970943 0.701171 0.022052 0.034296