0 0.521482 0.076351 0.018130 0.026495
5 0.198082 0.302482 0.089909 0.032354
0 0.060074 0.910991 0.024858 0.034963
0 0.320643 0.910917 0.025238 0.036021
5 0.222176 0.369946 0.139260 0.031046
3 0.269665 0.829384 0.063983 0.031866
5 0.222878 0.437313 0.138844 0.033072
5 0.381769 0.302620 0.050235 0.033244
0 0.470501 0.077334 0.021135 0.029578
0 0.264913 0.078627 0.019201 0.027084
0 0.345327 0.911203 0.025105 0.035396
0 0.109685 0.911416 0.025712 0.034646
0 0.493549 0.076898 0.021537 0.028226
5 0.707166 0.438027 0.261806 0.037437
0 0.215389 0.911576 0.027235 0.034480
0 0.140649 0.911196 0.024622 0.034797
5 0.259376 0.403980 0.214008 0.030783
3 0.269851 0.797695 0.063424 0.033661
5 0.884750 0.829217 0.128358 0.033495
5 0.198095 0.337041 0.091098 0.032560
0 0.280113 0.910943 0.026010 0.035165
0 0.254949 0.910533 0.025453 0.036085
0 0.312211 0.077017 0.021638 0.029168
0 0.084991 0.911446 0.023970 0.033612
0 0.285919 0.078408 0.017511 0.027386
5 0.706628 0.337041 0.259978 0.035408
0 0.137223 0.236761 0.056159 0.030341
0 0.176828 0.911408 0.047025 0.035278
0 0.242566 0.077970 0.017696 0.026822
0 0.139331 0.180820 0.098399 0.024816
0 0.027597 0.911411 0.026920 0.035557
0 0.222932 0.181979 0.043197 0.024288
0 0.290253 0.181931 0.066955 0.025010
0 0.381456 0.075790 0.019855 0.026343
0 0.444636 0.076781 0.019799 0.028133
5 0.885052 0.798516 0.130106 0.031830
3 0.269884 0.766400 0.062046 0.029866
3 0.269770 0.704357 0.062513 0.030592
0 0.214137 0.076763 0.016834 0.026149
0 0.541264 0.074996 0.016741 0.025476
0 0.072772 0.236601 0.068315 0.030502
1 0.954753 0.736805 0.015229 0.021479
0 0.394750 0.030915 0.042724 0.020516
0 0.026728 0.077225 0.017515 0.027063
0 0.328227 0.031439 0.070654 0.020895
0 0.355191 0.076642 0.020292 0.028567
0 0.423176 0.076767 0.016450 0.024825
5 0.884353 0.671609 0.130392 0.032087
5 0.425659 0.672077 0.252426 0.034420
5 0.425615 0.830517 0.251954 0.034032
1 0.955079 0.766832 0.015241 0.022841
3 0.112633 0.078224 0.139979 0.033239
0 0.444010 0.181343 0.084094 0.023925
3 0.269431 0.671767 0.064058 0.030662
0 0.203207 0.032217 0.036222 0.020178
0 0.156675 0.032283 0.029202 0.021487
0 0.403503 0.076302 0.018374 0.025454
0 0.342475 0.181245 0.017631 0.024524
0 0.333809 0.076575 0.017930 0.028304
0 0.257529 0.031945 0.044868 0.021164
5 0.885365 0.767133 0.129354 0.032463
5 0.426381 0.798799 0.249021 0.033769
0 0.355625 0.181804 0.042588 0.023422
5 0.885402 0.702749 0.129277 0.034275
5 0.973403 0.672638 0.022898 0.033151
0 0.063632 0.032074 0.057087 0.022672
5 0.108392 0.671462 0.088760 0.032726
0 0.195726 0.076783 0.018536 0.023863
1 0.955288 0.830139 0.014159 0.022747
0 0.050097 0.182653 0.060682 0.025020
0 0.116211 0.032127 0.026185 0.022628
0 0.018293 0.028087 0.016201 0.019561
5 0.885137 0.735294 0.129515 0.035514
5 0.108811 0.702748 0.088697 0.033611
0 0.443102 0.031765 0.027812 0.021068
3 0.269434 0.734231 0.063438 0.031078
5 0.809667 0.829468 0.021802 0.031276
5 0.109106 0.829525 0.087164 0.033302
5 0.425649 0.704321 0.251020 0.032960
1 0.954819 0.799195 0.014602 0.021287
1 0.955281 0.703748 0.015230 0.021287
5 0.109386 0.797876 0.088128 0.034971
5 0.108950 0.736581 0.088420 0.034800
5 0.427022 0.767463 0.249140 0.031525
5 0.108749 0.767879 0.087749 0.032132
5 0.973180 0.702380 0.022847 0.030452
5 0.809912 0.798165 0.021231 0.032489
5 0.426975 0.735082 0.249234 0.034611
1 0.051033 0.767909 0.031622 0.030578
1 0.051450 0.736652 0.031252 0.031135
5 0.810144 0.734218 0.020633 0.031346
1 0.051086 0.704428 0.031108 0.030854
5 0.810130 0.703800 0.021537 0.030293
1 0.955240 0.671475 0.015148 0.021287
1 0.051230 0.799166 0.030292 0.031124
0 0.397038 0.182686 0.013545 0.023817
5 0.972809 0.799167 0.022285 0.031519
5 0.972962 0.768972 0.022050 0.030626
1 0.050870 0.829678 0.030949 0.030399
0 0.596676 0.980718 0.032775 0.026430
0 0.590981 0.859807 0.015091 0.023681
5 0.973052 0.735221 0.022735 0.034333
5 0.810300 0.767029 0.020647 0.029894
1 0.050932 0.672230 0.030654 0.030189
5 0.810121 0.672963 0.020982 0.031587
5 0.973177 0.829294 0.021620 0.027467