0 0.589597 0.119542 0.023976 0.041865
0 0.623292 0.119296 0.022469 0.041747
0 0.564484 0.120144 0.022952 0.041569
0 0.648575 0.117177 0.020908 0.038530
0 0.316001 0.121319 0.022308 0.044216
0 0.340791 0.120940 0.022665 0.046120
3 0.134293 0.120651 0.167004 0.048173
0 0.373774 0.119661 0.023757 0.045333
0 0.290684 0.120560 0.023773 0.044004
0 0.173889 0.282815 0.108470 0.039993
0 0.426738 0.119651 0.024215 0.044905
0 0.257119 0.120303 0.022082 0.042634
0 0.399794 0.119940 0.020005 0.044554
5 0.618150 0.417965 0.049094 0.049121
5 0.374278 0.470854 0.050623 0.052013
5 0.647512 0.365546 0.108965 0.053396
0 0.291922 0.282001 0.112428 0.043065
0 0.457040 0.118600 0.024137 0.041993
5 0.403333 0.366349 0.107822 0.050823
0 0.482396 0.118957 0.021857 0.044303
0 0.532104 0.119760 0.025661 0.044969
0 0.798222 0.365181 0.040406 0.051519
5 0.373962 0.419525 0.049992 0.049882
0 0.798198 0.420004 0.038502 0.051944
0 0.080570 0.285310 0.020440 0.046171
5 0.364462 0.523839 0.029169 0.050193
0 0.055491 0.283928 0.019426 0.044705
0 0.506632 0.119511 0.023208 0.044666
0 0.104058 0.284955 0.018199 0.041665
0 0.408778 0.282772 0.083375 0.038295
0 0.030537 0.281884 0.024680 0.043875
0 0.233104 0.120155 0.021488 0.039766
1 0.026913 0.578011 0.015330 0.032713