0 0.956783 0.198316 0.048542 0.044328
0 0.937366 0.301352 0.023330 0.041450
0 0.958717 0.692291 0.026776 0.045182
0 0.962647 0.300932 0.023911 0.041322
0 0.851889 0.302535 0.019619 0.037836
0 0.730017 0.301083 0.026257 0.045697
0 0.913015 0.301226 0.026175 0.043489
0 0.873827 0.692368 0.024014 0.044696
0 0.903980 0.692022 0.023875 0.043113
5 0.413507 0.198316 0.150959 0.042519
3 0.929031 0.692251 0.024806 0.043927
0 0.881680 0.302854 0.017647 0.036891
0 0.844033 0.692471 0.025503 0.044975
0 0.915175 0.099443 0.024201 0.044704
0 0.821946 0.301413 0.017672 0.036507
0 0.760588 0.302191 0.018265 0.038164
0 0.818258 0.691900 0.024333 0.041611
0 0.940698 0.098413 0.025142 0.042344
5 0.250265 0.199024 0.151109 0.045771
3 0.070680 0.105034 0.100137 0.047632
0 0.316959 0.197641 0.016222 0.032057
0 0.791530 0.302707 0.018781 0.036458
0 0.627935 0.299601 0.035391 0.030876
0 0.971114 0.096507 0.019897 0.038612
5 0.086419 0.198547 0.150658 0.042910
0 0.480337 0.196942 0.017640 0.032919
0 0.152794 0.197988 0.019919 0.038350
0 0.682624 0.300648 0.052852 0.034790
0 0.873782 0.198337 0.103758 0.046549
0 0.502102 0.248977 0.019028 0.042519