0 0.258298 0.116362 0.088879 0.042737
0 0.460434 0.762574 0.027124 0.046611
5 0.903518 0.116930 0.170886 0.046767
4 0.079915 0.470936 0.149432 0.036313
0 0.168625 0.115986 0.090130 0.043844
0 0.460636 0.404606 0.027474 0.049776
4 0.104429 0.268148 0.196668 0.036631
4 0.065072 0.570504 0.120271 0.033781
4 0.047737 0.824366 0.083142 0.028508
4 0.080055 0.520295 0.150930 0.035396
4 0.109476 0.420319 0.204230 0.037087
4 0.053628 0.875047 0.095736 0.031941
4 0.107423 0.370377 0.201340 0.036342
4 0.107290 0.317555 0.203655 0.040440
4 0.039759 0.672979 0.073254 0.032572
0 0.080802 0.116396 0.090090 0.043726
4 0.038956 0.925441 0.068898 0.032765
4 0.047738 0.621260 0.086816 0.034386
4 0.059457 0.773879 0.107685 0.034584
4 0.047385 0.722057 0.088473 0.030486
4 0.067048 0.217629 0.125832 0.035070
4 0.309656 0.535621 0.117381 0.031678
4 0.305089 0.894449 0.112750 0.037989
4 0.083499 0.976255 0.158689 0.039761
4 0.381929 0.983520 0.190086 0.032960
4 0.378386 0.630720 0.181750 0.034171
4 0.377930 0.273551 0.190922 0.041860