0 0.460428 0.766091 0.027312 0.048559
0 0.077697 0.114314 0.088795 0.048135
0 0.460869 0.406364 0.028236 0.049149
0 0.166565 0.114294 0.088242 0.044773
5 0.906437 0.114030 0.169253 0.047430
4 0.077235 0.472418 0.150337 0.036470
0 0.256527 0.113592 0.091252 0.046588
4 0.106502 0.422063 0.206835 0.038956
4 0.078056 0.522826 0.153879 0.036463
4 0.063017 0.574451 0.123331 0.035088
4 0.106204 0.369979 0.206644 0.041265
4 0.102730 0.268900 0.198931 0.037271
4 0.105449 0.318114 0.206997 0.040875
4 0.045143 0.624597 0.088255 0.035047
4 0.037229 0.676405 0.073133 0.032610
4 0.044847 0.727359 0.087571 0.031896
4 0.050603 0.881343 0.095065 0.030272
4 0.045812 0.828279 0.089796 0.036401
4 0.036887 0.931551 0.071793 0.034582
4 0.065183 0.217722 0.127733 0.033955
4 0.057188 0.777171 0.111767 0.033579
4 0.302586 0.536529 0.109283 0.034686
4 0.081501 0.981784 0.161709 0.036432
4 0.362455 0.649959 0.151122 0.064241
0 0.980298 0.113193 0.020429 0.041650
4 0.362964 0.287871 0.153995 0.064724
4 0.323587 0.179452 0.151060 0.045907