0 0.057009 0.101116 0.094498 0.032966
1 0.325089 0.256694 0.013404 0.029755
1 0.325089 0.849134 0.014269 0.029831
0 0.163366 0.100878 0.102975 0.033410
1 0.325089 0.652617 0.014269 0.028125
0 0.502635 0.946153 0.046630 0.032078
1 0.325089 0.455182 0.013404 0.028190
0 0.626558 0.946765 0.079907 0.033699
0 0.979886 0.972877 0.035262 0.043140
5 0.219646 0.240246 0.165174 0.049126
1 0.325657 0.810010 0.014539 0.029127
1 0.325089 0.494597 0.014269 0.027672
0 0.972266 0.100330 0.050755 0.036639
1 0.325431 0.770650 0.014954 0.027952
1 0.325625 0.296572 0.014476 0.028359
4 0.387763 0.850271 0.105917 0.028096
1 0.325089 0.415539 0.014269 0.027050
0 0.246918 0.100151 0.046292 0.031435
1 0.325163 0.691794 0.015282 0.028935
1 0.325096 0.731347 0.015148 0.028693
1 0.325305 0.337362 0.014701 0.028789
1 0.325305 0.613837 0.013837 0.028712
1 0.325089 0.375715 0.013404 0.029755
1 0.324657 0.573790 0.013404 0.026162
1 0.325305 0.533509 0.013837 0.027952
1 0.325089 0.888319 0.013404 0.030657
0 0.419488 0.946828 0.104309 0.036295
4 0.400295 0.810200 0.130481 0.027962
4 0.412282 0.495598 0.151651 0.030761
4 0.399872 0.770784 0.128973 0.028376
0 0.542046 0.945241 0.017810 0.031713
4 0.400168 0.731320 0.129887 0.029010
0 0.689314 0.121523 0.019392 0.039446
4 0.412422 0.454870 0.152037 0.029119
0 0.567671 0.944979 0.016971 0.031296
4 0.412063 0.612584 0.151201 0.033692
4 0.410873 0.376668 0.148189 0.028604
4 0.368572 0.889267 0.066998 0.028667
4 0.410414 0.415157 0.147655 0.029984
4 0.405145 0.653175 0.138462 0.028366
0 0.289902 0.100706 0.022198 0.029252
4 0.400523 0.692196 0.129772 0.028485
4 0.411496 0.337333 0.147793 0.030357
4 0.354725 0.572686 0.037501 0.028154
4 0.362705 0.533474 0.053173 0.027750
4 0.384334 0.296328 0.096367 0.028896
0 0.682834 0.945402 0.018597 0.032249
4 0.384334 0.256437 0.097098 0.036908