0 0.415822 0.651202 0.020082 0.038610
5 0.150127 0.329317 0.030902 0.036710
0 0.024468 0.647442 0.022825 0.040189
0 0.446408 0.651398 0.018522 0.037501
5 0.150320 0.364851 0.030718 0.032581
0 0.468373 0.651566 0.019708 0.037568
0 0.049584 0.650142 0.020702 0.038512
3 0.387164 0.652417 0.013880 0.039410
5 0.150950 0.398362 0.029181 0.034217
0 0.280859 0.653806 0.018155 0.042226
0 0.492386 0.650579 0.022110 0.037710
0 0.078014 0.652783 0.022740 0.041479
5 0.220913 0.165297 0.077878 0.040140
0 0.623530 0.651211 0.020660 0.039940
0 0.372117 0.651737 0.017493 0.034401
0 0.561716 0.652140 0.098979 0.041337
0 0.102352 0.651501 0.021383 0.035730
0 0.175656 0.087775 0.026835 0.029857
0 0.303411 0.654210 0.017318 0.041417
0 0.084802 0.093381 0.137815 0.035388
0 0.234246 0.091022 0.069198 0.025951
0 0.328740 0.091022 0.100017 0.023592
0 0.397550 0.091022 0.023260 0.025951
0 0.467911 0.091022 0.101180 0.028310
3 0.564149 0.090432 0.073850 0.027131
3 0.626369 0.088073 0.040123 0.022412
3 0.113295 0.166516 0.144793 0.040106
3 0.271074 0.428975 0.109903 0.043645
0 0.125216 0.655849 0.019771 0.041286
0 0.171445 0.655259 0.019189 0.042465
0 0.213894 0.655849 0.020352 0.041286
3 0.187727 0.654669 0.015700 0.038926
3 0.231630 0.655259 0.016282 0.037747
3 0.318757 0.654866 0.012211 0.037747
3 0.344343 0.653686 0.031982 0.040106