1 0.032181 0.669268 0.015647 0.046098
0 0.136651 0.130105 0.075171 0.033202
1 0.031696 0.621540 0.017483 0.047813
0 0.305057 0.129318 0.055937 0.036971
0 0.202235 0.129682 0.029680 0.034789
0 0.081774 0.428779 0.126877 0.057223
1 0.030419 0.766922 0.019612 0.045914
0 0.055881 0.130746 0.067454 0.046189
0 0.249314 0.123048 0.047614 0.041057
0 0.256258 0.428407 0.210297 0.066717
0 0.389677 0.239803 0.018847 0.069283
0 0.451675 0.125614 0.037695 0.056453
0 0.383725 0.123048 0.084317 0.046189
1 0.500281 0.129463 0.039679 0.048755
1 0.031493 0.721959 0.012539 0.032437
1 0.032358 0.821508 0.012539 0.036912
1 0.031709 0.868486 0.012972 0.036912
1 0.031925 0.919566 0.014269 0.036912
1 0.032358 0.969340 0.012539 0.033556