5 0.293229 0.455664 0.273888 0.039251
5 0.233082 0.415332 0.146715 0.037598
5 0.500176 0.332573 0.149692 0.035450
5 0.236105 0.288536 0.161319 0.037740
5 0.204548 0.331851 0.097535 0.036419
5 0.231313 0.539262 0.148621 0.039628
5 0.727742 0.164943 0.283175 0.043048
5 0.204593 0.373001 0.097697 0.036454
0 0.214429 0.091715 0.071181 0.026951
0 0.602251 0.092024 0.043274 0.025903
0 0.705144 0.092218 0.101793 0.028029
0 0.581062 0.092276 0.016661 0.025021
3 0.432669 0.539558 0.200526 0.039516
3 0.090106 0.088933 0.144342 0.037330
1 0.020877 0.925825 0.020316 0.029061
0 0.521894 0.092476 0.061161 0.025704
1 0.020636 0.827517 0.019352 0.027747
0 0.326216 0.092638 0.118233 0.025992
5 0.358073 0.583268 0.403178 0.036464
5 0.505186 0.455351 0.057482 0.038214
3 0.802019 0.091612 0.056939 0.027030
0 0.430068 0.092490 0.054775 0.030541
1 0.020943 0.892658 0.020565 0.027081
1 0.020576 0.862038 0.019584 0.026476
0 0.484213 0.092739 0.018170 0.023257
1 0.020411 0.787298 0.020164 0.029486
0 0.020717 0.786872 0.019483 0.028258
5 0.435168 0.289208 0.021860 0.037382
3 0.308109 0.165079 0.199908 0.037414
0 0.044699 0.211499 0.071505 0.032327
1 0.048444 0.926313 0.032755 0.034517
3 0.281257 0.827388 0.067174 0.029018
1 0.048885 0.826323 0.032363 0.030906
3 0.281537 0.860322 0.068606 0.030673
5 0.111588 0.859163 0.094248 0.036500
5 0.932767 0.827089 0.134465 0.034821
1 0.048968 0.891822 0.033039 0.031278
5 0.932767 0.859816 0.134465 0.036667
1 0.049635 0.860312 0.031323 0.031958
0 0.187794 0.092321 0.017171 0.023960
0 0.650815 0.093034 0.016024 0.023031
1 0.338949 0.496816 0.012219 0.020861
3 0.281489 0.895817 0.067109 0.034318
3 0.281264 0.928516 0.068460 0.036260
5 0.111124 0.827182 0.094583 0.033023
5 0.111800 0.894684 0.094583 0.032051
5 0.110786 0.927707 0.093907 0.035936
5 0.932430 0.895655 0.135140 0.035936
5 0.932756 0.928192 0.134443 0.033023
5 0.446218 0.828153 0.267534 0.034965
5 0.448244 0.927221 0.266183 0.038850
5 0.448244 0.894198 0.268886 0.031080
5 0.448582 0.861662 0.266859 0.037879