0 0.747997 0.835616 0.125864 0.045994
0 0.492771 0.835349 0.112173 0.046024
0 0.898606 0.972818 0.064610 0.035773
0 0.145858 0.835989 0.019185 0.035268
0 0.078723 0.834938 0.018566 0.035015
0 0.051405 0.834787 0.022883 0.038305
5 0.361608 0.225270 0.349307 0.044844
3 0.274744 0.923526 0.283185 0.045840
5 0.389269 0.310835 0.296891 0.042394
0 0.119022 0.835962 0.018498 0.034454
1 0.596628 0.716973 0.015284 0.031246
5 0.172122 0.223352 0.033771 0.039773
3 0.227271 0.528848 0.153432 0.039530
0 0.098572 0.835615 0.019326 0.034924
5 0.198344 0.310275 0.087569 0.035639
1 0.596604 0.650374 0.015188 0.031321
0 0.971341 0.088237 0.044948 0.031813
0 0.441397 0.921604 0.020108 0.037691
0 0.965797 0.974414 0.058781 0.033077
0 0.185914 0.836502 0.020207 0.035903
1 0.596553 0.682760 0.014786 0.031378
1 0.068351 0.616293 0.018994 0.034701
0 0.166674 0.835944 0.017596 0.034985
0 0.260460 0.836004 0.021524 0.037200
0 0.933746 0.089113 0.013906 0.030627
0 0.030982 0.921537 0.020076 0.039733
0 0.301669 0.836061 0.019531 0.034599
0 0.212776 0.835656 0.020197 0.036056
0 0.281200 0.836040 0.018468 0.035998
0 0.526087 0.088714 0.045391 0.028630
0 0.233156 0.834396 0.019744 0.035731
1 0.068077 0.682789 0.018543 0.033313
1 0.068324 0.717825 0.018722 0.033534
1 0.596524 0.615239 0.015462 0.032746
0 0.732185 0.088173 0.073900 0.031166
1 0.050311 0.719354 0.017025 0.033689
0 0.342078 0.834971 0.018174 0.035559
0 0.031114 0.527303 0.020331 0.040550
1 0.596158 0.753502 0.015112 0.031192
0 0.182144 0.087791 0.028421 0.029894
0 0.320662 0.835752 0.017937 0.035314
5 0.274711 0.922274 0.282288 0.044498
3 0.794190 0.087319 0.033414 0.028830
0 0.092388 0.087433 0.137555 0.029684
1 0.068404 0.649855 0.018237 0.031230
0 0.463374 0.921133 0.021341 0.038060
1 0.050198 0.683175 0.015975 0.033029
1 0.068988 0.753078 0.018201 0.030761
5 0.579358 0.529687 0.257414 0.043534
0 0.240637 0.088062 0.074725 0.030150
1 0.050201 0.648917 0.016625 0.031252
0 0.567250 0.088077 0.023337 0.027340
0 0.635986 0.087829 0.102989 0.029092
3 0.579272 0.529456 0.257479 0.042492
1 0.050595 0.616266 0.016695 0.031526
5 0.361403 0.137866 0.344360 0.046452
5 0.166419 0.137425 0.023058 0.040648
5 0.098660 0.683463 0.037810 0.036159
0 0.911127 0.088332 0.014914 0.031399
5 0.166761 0.612933 0.024237 0.034525
5 0.136396 0.613639 0.039814 0.035215
5 0.136264 0.715917 0.039910 0.033701
5 0.165254 0.572021 0.025823 0.039598
5 0.136242 0.648568 0.039776 0.036358
0 0.359780 0.086854 0.041094 0.026413
5 0.136450 0.683760 0.039699 0.036984
5 0.098103 0.648646 0.039509 0.036152
5 0.259949 0.648250 0.131509 0.038629
5 0.227282 0.528582 0.156972 0.040847
5 0.098163 0.716687 0.040025 0.035841
5 0.166608 0.648811 0.022761 0.035905
5 0.503412 0.648386 0.114691 0.038560
0 0.307905 0.086638 0.041905 0.027236
1 0.049989 0.670377 0.015876 0.033847
5 0.136157 0.752225 0.039165 0.037429
1 0.049740 0.752742 0.015956 0.030612
0 0.150565 0.836003 0.020473 0.035822
5 0.098566 0.614287 0.039878 0.035933
5 0.166564 0.683552 0.023615 0.035325
5 0.260043 0.614304 0.131352 0.038413
3 0.446970 0.089467 0.115976 0.030200
1 0.166530 0.137718 0.022652 0.040026