0 0.428198 0.098102 0.081541 0.042729
0 0.508605 0.098437 0.078284 0.042290
0 0.587129 0.098725 0.080975 0.045944
4 0.073055 0.891315 0.143699 0.030816
4 0.062129 0.938585 0.119190 0.028731
4 0.041639 0.571415 0.078191 0.028806
4 0.055423 0.525970 0.107550 0.030160
4 0.044587 0.800974 0.087147 0.025375
4 0.053258 0.707356 0.099900 0.026679
0 0.411541 0.362676 0.025096 0.047475
4 0.036058 0.616904 0.066693 0.027378
4 0.041103 0.753609 0.078184 0.026740
4 0.095206 0.386139 0.184434 0.030226
4 0.042111 0.662221 0.078544 0.027491
4 0.070648 0.480112 0.136927 0.026475
4 0.069423 0.432010 0.135504 0.030719
4 0.031260 0.845765 0.062012 0.025182
4 0.091947 0.294804 0.178287 0.031282
4 0.055496 0.985583 0.102128 0.027475
0 0.411828 0.687029 0.024849 0.042404
4 0.094263 0.248778 0.181546 0.034622
5 0.913795 0.089391 0.154116 0.041509
4 0.093621 0.342926 0.179860 0.030666
0 0.955210 0.085722 0.022229 0.042303
0 0.975139 0.084908 0.017630 0.040676
4 0.059277 0.202596 0.111912 0.027659