5 0.273169 0.457938 0.399826 0.291825
5 0.290550 0.679945 0.207145 0.042322
5 0.236261 0.861323 0.098635 0.038953
0 0.972381 0.973362 0.054995 0.038479
5 0.772662 0.725197 0.137597 0.041032
0 0.019588 0.970863 0.026152 0.041667
5 0.239116 0.726510 0.104801 0.039185
5 0.238282 0.908912 0.102765 0.036763
3 0.408330 0.089878 0.128496 0.034405
5 0.725022 0.817624 0.042656 0.040232
3 0.164537 0.089294 0.112441 0.032084
5 0.310070 0.862546 0.047464 0.037390
5 0.744956 0.860942 0.082192 0.039320
5 0.743806 0.770118 0.081055 0.036579
0 0.055200 0.089757 0.078223 0.032892
5 0.227721 0.770395 0.081086 0.039607
5 0.212420 0.816561 0.052375 0.039657
3 0.983352 0.091470 0.029057 0.034264
3 0.284702 0.088100 0.093141 0.033824
0 0.326088 0.862918 0.016793 0.035448
0 0.777504 0.863240 0.014282 0.034281
0 0.775717 0.770513 0.017407 0.035342
0 0.076852 0.024994 0.030053 0.033848
0 0.257797 0.770077 0.017445 0.034528
0 0.230467 0.816320 0.013956 0.030829
0 0.738182 0.817296 0.015231 0.029993