3 0.678688 0.124261 0.114359 0.038546
3 0.361896 0.124501 0.134767 0.038067
5 0.230445 0.545019 0.125982 0.050608
3 0.524967 0.123976 0.161339 0.038273
3 0.208312 0.123158 0.142025 0.037466
0 0.036430 0.901376 0.038227 0.047786
3 0.955959 0.123756 0.035389 0.043589
5 0.260204 0.430044 0.186150 0.049157
0 0.076309 0.902327 0.035310 0.045261
5 0.246553 0.744679 0.084192 0.048202
5 0.234899 0.853059 0.061910 0.043738
5 0.235230 0.801457 0.062140 0.046244
5 0.816731 0.801692 0.107999 0.046436
5 0.793792 0.744206 0.061121 0.044547
0 0.069472 0.123404 0.096404 0.036300
0 0.386940 0.898662 0.027079 0.053698
0 0.113623 0.902775 0.035414 0.048407
0 0.355436 0.904217 0.014714 0.034479
5 0.872189 0.547511 0.236317 0.051419
0 0.081066 0.039881 0.031208 0.038560
0 0.091913 0.352607 0.120189 0.049504
0 0.863477 0.803064 0.016394 0.042017
5 0.873337 0.489248 0.236088 0.052641