5 0.397035 0.623711 0.093042 0.045028
0 0.720902 0.814871 0.092494 0.043965
5 0.374211 0.566964 0.045880 0.046158
3 0.097944 0.194448 0.018396 0.048696
0 0.792093 0.814736 0.043166 0.041679
0 0.639850 0.814243 0.062429 0.043433
5 0.392733 0.514393 0.085818 0.040681
5 0.509424 0.674536 0.321425 0.046445
0 0.246082 0.969900 0.021671 0.044009
0 0.128814 0.194432 0.023339 0.051457
3 0.725115 0.110903 0.038498 0.033228
0 0.080371 0.193649 0.022121 0.048601
0 0.292259 0.970177 0.021783 0.044320
5 0.374743 0.728836 0.047906 0.043411
3 0.048967 0.193453 0.021126 0.049317
5 0.373574 0.463209 0.044071 0.043638
0 0.268578 0.970854 0.021476 0.042908
0 0.419008 0.970696 0.021879 0.041110
0 0.008197 0.193407 0.016394 0.046426
0 0.373699 0.971191 0.020945 0.040312
0 0.395958 0.970681 0.021836 0.041828
0 0.030480 0.193242 0.019646 0.049125
3 0.974456 0.111205 0.048588 0.033963
0 0.191186 0.113127 0.152417 0.033982
0 0.406349 0.461997 0.018922 0.042046
0 0.435504 0.111045 0.105788 0.034795
3 0.655116 0.111600 0.080409 0.035393
1 0.358804 0.239756 0.015686 0.035167
4 0.097254 0.650495 0.108502 0.031037
0 0.070741 0.038389 0.030337 0.033894
4 0.095961 0.567258 0.105901 0.031015
1 0.358455 0.199042 0.016143 0.033346
0 0.063017 0.113249 0.084357 0.030574
0 0.551166 0.112547 0.110616 0.034398
1 0.252604 0.238912 0.017021 0.031812
0 0.326140 0.110895 0.096567 0.034429
1 0.252801 0.198630 0.017414 0.032521
4 0.097239 0.608249 0.105521 0.032507
4 0.098147 0.732780 0.110854 0.031348
0 0.820686 0.322230 0.013741 0.030352