1 0.039644 0.292740 0.014201 0.022233
1 0.039200 0.258647 0.015088 0.024934
0 0.019848 0.159381 0.022560 0.038894
1 0.039422 0.363144 0.011982 0.028355
1 0.039200 0.327337 0.012426 0.024084
0 0.020308 0.469770 0.022696 0.040760
0 0.348540 0.163975 0.020772 0.038233
0 0.045082 0.163297 0.020744 0.038360
0 0.485824 0.163887 0.020837 0.037850
0 0.515257 0.163490 0.020456 0.037214
0 0.143039 0.164618 0.020285 0.036105
0 0.189272 0.164544 0.020316 0.037118
5 0.165939 0.287341 0.033403 0.034443
5 0.428923 0.256433 0.054024 0.034815
0 0.438374 0.465509 0.022028 0.036517
5 0.216596 0.288212 0.072225 0.035771
0 0.903232 0.970985 0.067208 0.037375
5 0.327709 0.289574 0.149868 0.035858
0 0.074182 0.163773 0.020607 0.038684
5 0.134211 0.357537 0.033444 0.034767
5 0.176157 0.641775 0.076166 0.038502
5 0.166111 0.361619 0.032425 0.041020
0 0.166434 0.164555 0.019664 0.035810
0 0.562181 0.163897 0.020591 0.038441
3 0.456205 0.164716 0.016662 0.037562
5 0.427887 0.288779 0.054670 0.033916
3 0.266899 0.467386 0.284303 0.041628
5 0.165937 0.255017 0.033638 0.035899
0 0.318236 0.164677 0.020979 0.038642
5 0.097769 0.287597 0.041411 0.034672
0 0.977401 0.078753 0.043274 0.026406
5 0.470257 0.358106 0.034303 0.035075
0 0.538504 0.163449 0.021589 0.038224
5 0.470061 0.321894 0.034069 0.036904
0 0.459514 0.080515 0.023447 0.025232
0 0.247124 0.080342 0.103817 0.025294
3 0.198615 0.601067 0.121624 0.042336
0 0.970473 0.973102 0.057358 0.034845
0 0.631666 0.164953 0.098070 0.038352
5 0.470117 0.287831 0.033452 0.033397
5 0.216145 0.361818 0.071948 0.042727
5 0.321560 0.556666 0.051485 0.041347
5 0.098157 0.357536 0.038473 0.035658
5 0.165847 0.321655 0.033929 0.037375
3 0.253118 0.166556 0.017261 0.040716
0 0.695671 0.164287 0.020416 0.038803
0 0.328469 0.079638 0.045073 0.026742
5 0.592407 0.288101 0.072892 0.034341
0 0.459905 0.465661 0.021279 0.035604
5 0.133895 0.286887 0.033886 0.034505
5 0.133693 0.322046 0.034181 0.037829
0 0.212698 0.164185 0.021295 0.038688
5 0.427554 0.358262 0.052457 0.036087
0 0.280078 0.164003 0.018063 0.037362
5 0.591425 0.358802 0.074963 0.035523
5 0.427690 0.322238 0.053593 0.038109
0 0.084009 0.080437 0.139011 0.029261
0 0.399741 0.081107 0.081381 0.029721
5 0.511873 0.287828 0.052978 0.033963
0 0.174947 0.079570 0.028207 0.023930
5 0.218139 0.323064 0.074543 0.035051
0 0.529706 0.080519 0.099633 0.025995
5 0.063346 0.357067 0.031889 0.032828
0 0.440248 0.165100 0.019303 0.037197
5 0.098353 0.254363 0.040581 0.036892
3 0.296338 0.165063 0.017578 0.035727
3 0.377775 0.164593 0.030329 0.037392
5 0.098813 0.322757 0.041887 0.034891
5 0.328951 0.358686 0.149112 0.036229
5 0.327999 0.322950 0.148339 0.038960
5 0.591087 0.323111 0.073829 0.033783
3 0.115340 0.164168 0.017228 0.037573
5 0.511654 0.322161 0.053491 0.036971
5 0.191204 0.555125 0.104758 0.037199
3 0.411237 0.165188 0.029374 0.037058
5 0.135218 0.255508 0.030877 0.035359
0 0.236305 0.166787 0.021603 0.040255
5 0.512654 0.357980 0.053598 0.034996
5 0.511646 0.255411 0.053699 0.036837
5 0.547358 0.255506 0.017917 0.035958
5 0.062283 0.322375 0.030966 0.031420
0 0.939325 0.080104 0.014970 0.023892
0 0.097727 0.163869 0.018026 0.037308
5 0.063134 0.288007 0.031614 0.033957
5 0.265045 0.552883 0.044968 0.040766
3 0.688571 0.080737 0.033726 0.026019
5 0.665322 0.287872 0.074992 0.036285
5 0.217177 0.254949 0.072617 0.037047
5 0.664884 0.359192 0.073932 0.036795
5 0.133799 0.383398 0.034025 0.021544
5 0.664870 0.322500 0.074073 0.037883
5 0.097814 0.384008 0.040200 0.021418
5 0.469935 0.255601 0.031192 0.035292
5 0.740348 0.288311 0.080423 0.033333
3 0.626658 0.081373 0.077901 0.027007
5 0.546957 0.287953 0.017870 0.030808
5 0.546745 0.322206 0.018660 0.036543
5 0.547226 0.358460 0.018286 0.032811
5 0.591752 0.255879 0.071306 0.033899
5 0.739948 0.359063 0.081360 0.037160
5 0.064084 0.254533 0.027458 0.035099
5 0.740208 0.322531 0.081124 0.038115
5 0.740909 0.257708 0.081723 0.034966
5 0.813132 0.259544 0.068508 0.034724
5 0.949621 0.261649 0.068508 0.032619
5 0.991779 0.261122 0.015809 0.033671
5 0.814186 0.294268 0.069562 0.041037
5 0.813659 0.327939 0.067454 0.036828
5 0.813659 0.361610 0.068508 0.038933
5 0.901527 0.260210 0.030620 0.034557
5 0.867134 0.261539 0.039940 0.035444
5 0.866247 0.295210 0.038165 0.038988
5 0.901748 0.292995 0.032839 0.032785
5 0.950342 0.294767 0.067010 0.036330
5 0.991480 0.296096 0.017040 0.037216
5 0.991036 0.328882 0.017928 0.037216
5 0.991036 0.363439 0.017928 0.033671
5 0.950120 0.328882 0.065679 0.035444
5 0.949676 0.362553 0.066566 0.033671
5 0.901305 0.327995 0.031952 0.037216
5 0.901748 0.363882 0.031064 0.034557
5 0.866468 0.328882 0.040383 0.035444
5 0.866247 0.362996 0.040827 0.038102