5 0.167074 0.213031 0.029361 0.037524
1 0.016788 0.881214 0.013929 0.029225
0 0.697053 0.720531 0.022526 0.040349
1 0.017127 0.593894 0.013209 0.027860
5 0.197052 0.259636 0.094322 0.039558
0 0.720362 0.720760 0.020979 0.040345
0 0.447048 0.167145 0.021114 0.037475
0 0.425694 0.167193 0.019255 0.038337
1 0.016750 0.661513 0.013429 0.028914
1 0.784927 0.879064 0.012110 0.026726
1 0.016816 0.771078 0.013501 0.027497
1 0.017030 0.557563 0.013009 0.029308
0 0.743659 0.720824 0.021358 0.040149
0 0.971195 0.088773 0.047820 0.033979
0 0.672750 0.719685 0.021914 0.039361
1 0.016687 0.842625 0.013482 0.028854
0 0.107319 0.088878 0.078257 0.029916
1 0.016783 0.523829 0.013287 0.029409
1 0.722212 0.878534 0.013031 0.029378
1 0.016629 0.701540 0.013916 0.030413
0 0.469602 0.168162 0.021230 0.038586
0 0.034931 0.088434 0.052637 0.031416
0 0.966720 0.975848 0.060127 0.034150
0 0.406149 0.167200 0.019368 0.039522
5 0.219744 0.169745 0.133807 0.038526
0 0.385433 0.167199 0.020976 0.039468
0 0.238953 0.463819 0.022232 0.041046
1 0.016523 0.485808 0.014491 0.028212
1 0.016857 0.735258 0.013877 0.029794
0 0.897297 0.974347 0.065765 0.042112
0 0.265599 0.463491 0.026168 0.041011
1 0.016726 0.808181 0.013716 0.029604
0 0.293406 0.463758 0.023414 0.039609
1 0.820118 0.879418 0.014621 0.026827
3 0.286744 0.088355 0.074574 0.030151
1 0.016890 0.628616 0.013505 0.029182
1 0.016745 0.915020 0.014297 0.031699
1 0.784634 0.845210 0.011730 0.026857
0 0.319110 0.463811 0.024539 0.041178
0 0.197453 0.088762 0.082822 0.030598
1 0.721970 0.843983 0.012951 0.029729
1 0.819343 0.845021 0.014020 0.027946
1 0.720516 0.912950 0.014197 0.030208
1 0.784022 0.913247 0.012853 0.028848
1 0.755036 0.879419 0.014604 0.026317
1 0.818848 0.592557 0.013879 0.024087
1 0.818985 0.807239 0.015330 0.029282
0 0.767316 0.720381 0.020945 0.041458
1 0.819206 0.700482 0.014420 0.026217
1 0.439694 0.881627 0.013923 0.029898
1 0.818638 0.558452 0.013484 0.026199
1 0.620527 0.879921 0.013769 0.024978
3 0.399122 0.465416 0.130662 0.043436
1 0.818717 0.771852 0.014558 0.025129
1 0.784774 0.807581 0.014285 0.028861
5 0.192281 0.304405 0.078547 0.034289
1 0.755008 0.846320 0.013016 0.026579
1 0.818636 0.662318 0.013918 0.026097
0 0.179259 0.398073 0.036742 0.034508
1 0.818541 0.735965 0.014322 0.027997
1 0.820918 0.915110 0.016818 0.030821
0 0.784258 0.339282 0.017769 0.035236
1 0.438851 0.843386 0.013457 0.029651
1 0.588685 0.879163 0.013719 0.026124
3 0.348819 0.087456 0.032022 0.029897
1 0.721867 0.807760 0.015456 0.029600
1 0.819173 0.523315 0.013933 0.029069
5 0.552562 0.880207 0.042448 0.035077
1 0.756212 0.913883 0.017681 0.030005
5 0.088576 0.878128 0.134905 0.040037
5 0.090057 0.521304 0.132085 0.040259
5 0.552290 0.915423 0.040963 0.035359
5 0.090183 0.627369 0.131969 0.037491
1 0.818748 0.626302 0.014584 0.026479
5 0.087872 0.557497 0.136416 0.037482
5 0.091218 0.915121 0.129519 0.039353
1 0.816177 0.843788 0.012152 0.027970
1 0.620213 0.915614 0.017273 0.032807