0 0.874491 0.969830 0.073333 0.042195
5 0.480007 0.480869 0.201271 0.038913
0 0.298700 0.901982 0.022110 0.037507
5 0.783399 0.481274 0.102111 0.040066
5 0.536790 0.527265 0.086360 0.038312
0 0.276020 0.902606 0.021770 0.035753
0 0.429499 0.903354 0.021955 0.036008
0 0.949517 0.969273 0.061838 0.035593
5 0.551304 0.245347 0.318243 0.038909
5 0.502426 0.198372 0.046733 0.041249
0 0.133946 0.169304 0.024630 0.043949
5 0.436909 0.151370 0.085721 0.039720
1 0.258208 0.762930 0.016108 0.030574
5 0.774803 0.433995 0.085497 0.041174
0 0.382336 0.902642 0.023472 0.036055
1 0.258117 0.799180 0.015752 0.031135
0 0.406459 0.903285 0.022388 0.034900
5 0.783715 0.527057 0.103694 0.039562
1 0.368253 0.800799 0.014984 0.028898
0 0.335724 0.092350 0.101854 0.029643
5 0.437019 0.197906 0.087048 0.040022
0 0.064605 0.092144 0.088433 0.030882
5 0.421072 0.526511 0.087778 0.039949
5 0.445465 0.432353 0.131175 0.038988
0 0.252179 0.903773 0.022625 0.034865
0 0.293066 0.342025 0.057041 0.037046
1 0.367896 0.838505 0.014269 0.028147
3 0.843345 0.093458 0.039253 0.029925
0 0.566846 0.093960 0.111606 0.033255
1 0.258450 0.837183 0.016099 0.030110
0 0.195605 0.093922 0.156042 0.034234
1 0.367782 0.764177 0.015362 0.028505
0 0.676960 0.093919 0.088105 0.030786
0 0.448361 0.093358 0.107568 0.031095
0 0.008506 0.169357 0.017011 0.046227
3 0.444638 0.386650 0.132030 0.041164
1 0.861980 0.150557 0.013404 0.028147
5 0.111642 0.834110 0.219731 0.041198
0 0.537237 0.198911 0.023808 0.040717
3 0.051206 0.169886 0.020226 0.043195
5 0.110845 0.796716 0.219217 0.042072
4 0.099676 0.501357 0.106213 0.028179
0 0.032508 0.169710 0.020392 0.042992
4 0.099125 0.538508 0.103178 0.028126
4 0.099137 0.575807 0.102463 0.028048
4 0.098901 0.389565 0.105428 0.025854
5 0.111620 0.758586 0.219776 0.042983
5 0.111727 0.867628 0.219561 0.035197
4 0.099793 0.461718 0.104792 0.027117
0 0.082287 0.169830 0.020924 0.043129
3 0.772980 0.093904 0.086111 0.032135
4 0.119423 0.277479 0.202040 0.037252
4 0.101421 0.424970 0.110907 0.026541
0 0.957081 0.092359 0.049609 0.034060
4 0.099597 0.611230 0.103657 0.027960
5 0.111666 0.723321 0.219684 0.040147
5 0.174994 0.894694 0.122538 0.026162
4 0.098085 0.649738 0.107026 0.031460
3 0.101328 0.169954 0.017751 0.041632
5 0.956082 0.903827 0.048391 0.039305