5 0.354969 0.445234 0.060457 0.037606
0 0.250639 0.616088 0.126340 0.041552
5 0.334050 0.400805 0.019838 0.038408
0 0.249894 0.273810 0.128304 0.035783
0 0.515415 0.916022 0.023663 0.038412
5 0.649741 0.357035 0.031187 0.037883
0 0.433899 0.088334 0.028438 0.027010
0 0.490830 0.916259 0.021050 0.038205
0 0.467006 0.915882 0.023321 0.038895
0 0.122429 0.088077 0.073145 0.029124
1 0.514496 0.229007 0.013855 0.031368
0 0.486521 0.088454 0.063487 0.029343
0 0.250704 0.788609 0.127176 0.038344
0 0.549437 0.087950 0.049919 0.028078
5 0.354978 0.359403 0.060730 0.037745
0 0.007973 0.158519 0.015946 0.040522
0 0.250516 0.703448 0.127725 0.040174
0 0.363151 0.088543 0.099397 0.031391
3 0.414041 0.533368 0.181060 0.039538
3 0.386984 0.187082 0.151152 0.037002
0 0.970542 0.088436 0.038504 0.031496
0 0.235204 0.088036 0.143743 0.032574
0 0.053632 0.088531 0.053334 0.029259
0 0.607771 0.088266 0.056156 0.027732
0 0.250921 0.744587 0.126889 0.040478
3 0.383137 0.917173 0.101705 0.038733
0 0.250900 0.831350 0.125933 0.038777
3 0.731537 0.088779 0.030777 0.028900
0 0.936578 0.090885 0.014710 0.031612
5 0.324650 0.229260 0.025250 0.036787
1 0.515045 0.189093 0.013839 0.029968
5 0.369181 0.144263 0.115260 0.037597
3 0.415356 0.487268 0.179634 0.037342
0 0.032614 0.158018 0.016450 0.040720
5 0.549523 0.144580 0.244998 0.040002
3 0.047257 0.157920 0.016462 0.040361
0 0.251163 0.660196 0.126743 0.040631
0 0.071603 0.158395 0.019692 0.041358
5 0.640857 0.401989 0.015379 0.038250
3 0.106793 0.157839 0.015663 0.040519
4 0.072711 0.763026 0.092171 0.025335
4 0.055051 0.796159 0.056201 0.022162
3 0.676375 0.088573 0.065961 0.029871
4 0.100759 0.627746 0.149708 0.026981
0 0.091921 0.158174 0.016835 0.039659
4 0.101653 0.694622 0.150234 0.027867
4 0.101161 0.593160 0.149784 0.027617
4 0.098462 0.525223 0.143500 0.029449
4 0.101482 0.661868 0.148688 0.027867
4 0.100974 0.458274 0.150357 0.027321
4 0.101448 0.423294 0.150915 0.028962
4 0.102243 0.729661 0.149054 0.028225
4 0.100202 0.491381 0.148642 0.025151
4 0.071687 0.832923 0.092663 0.027931
4 0.069889 0.256816 0.083193 0.031668
4 0.069820 0.287921 0.086980 0.024001
4 0.101772 0.324423 0.148220 0.027001
4 0.101106 0.356924 0.151327 0.022001
4 0.101550 0.390426 0.148664 0.023001
4 0.101772 0.560102 0.149996 0.023001
4 0.074258 0.863118 0.096743 0.027001