0 0.873881 0.973606 0.073051 0.039910
0 0.276393 0.907067 0.021513 0.036903
0 0.300249 0.906720 0.023020 0.037567
0 0.538624 0.907615 0.145172 0.042992
5 0.536877 0.527047 0.086190 0.038711
5 0.783168 0.480593 0.102312 0.040644
5 0.481251 0.479358 0.201123 0.040905
0 0.948204 0.974482 0.059126 0.035341
1 0.258913 0.801855 0.016159 0.030873
1 0.368894 0.805235 0.016034 0.027029
5 0.552907 0.244668 0.318567 0.040378
0 0.353292 0.906754 0.023732 0.037356
0 0.430122 0.907849 0.021921 0.036640
5 0.437125 0.147200 0.085762 0.040198
5 0.503034 0.195339 0.047303 0.040505
0 0.135341 0.165138 0.024165 0.043797
0 0.382908 0.906884 0.023561 0.036611
0 0.406902 0.907553 0.022649 0.035945
0 0.328835 0.907142 0.024375 0.038406
5 0.774777 0.432676 0.085934 0.041937
5 0.437220 0.196852 0.087124 0.041858
0 0.065531 0.087052 0.088608 0.031321
5 0.783434 0.526871 0.103296 0.040115
0 0.336897 0.086853 0.101971 0.029789
0 0.294147 0.338789 0.056622 0.038000
1 0.259495 0.765524 0.014770 0.029664
0 0.658578 0.087432 0.052273 0.028911
1 0.368184 0.842871 0.015739 0.028296
0 0.252771 0.907915 0.023546 0.037360
1 0.367904 0.768311 0.016299 0.027187
5 0.421774 0.527405 0.085864 0.039449
5 0.446990 0.434441 0.130647 0.045219
0 0.566031 0.088069 0.114694 0.032351
1 0.259421 0.840217 0.017136 0.030854
0 0.198079 0.088506 0.156351 0.034405
3 0.766067 0.088059 0.040370 0.029104
0 0.009045 0.169383 0.018090 0.044678
0 0.449106 0.088521 0.106902 0.031743
4 0.100376 0.576283 0.106816 0.027698
0 0.956404 0.088145 0.049957 0.035425
3 0.446143 0.384912 0.130927 0.041692
0 0.537731 0.196852 0.024263 0.041858
1 0.861978 0.145360 0.016102 0.031619
4 0.100219 0.538234 0.105255 0.028496
4 0.100114 0.500703 0.106720 0.028222
5 0.111972 0.837420 0.221331 0.041862
0 0.715682 0.088764 0.043249 0.029948
4 0.101069 0.460673 0.103753 0.027038
4 0.100055 0.387517 0.105333 0.026118
4 0.102043 0.423782 0.106669 0.026610
0 0.033553 0.167400 0.020030 0.046927
4 0.100630 0.611870 0.104769 0.028052
5 0.112871 0.760959 0.221941 0.043647
5 0.112416 0.799565 0.222851 0.042517
3 0.052585 0.167665 0.019382 0.046396
0 0.084660 0.166241 0.022391 0.042811
4 0.100321 0.650892 0.102846 0.029829
5 0.112108 0.871554 0.221059 0.035784
0 0.418120 0.907977 0.011892 0.037320
5 0.955414 0.907832 0.046343 0.035616
4 0.124946 0.274489 0.192140 0.038863
0 0.009841 0.274545 0.016969 0.030778
5 0.173842 0.898753 0.117157 0.026481
5 0.431639 0.802886 0.094226 0.039771
5 0.112980 0.725325 0.221724 0.040493
3 0.102660 0.168954 0.016863 0.043819
5 0.431703 0.842327 0.095559 0.044621
5 0.560744 0.806028 0.165607 0.038510
5 0.560312 0.842863 0.164743 0.040184
5 0.707687 0.769193 0.130583 0.038510
5 0.707687 0.805610 0.129719 0.037672
5 0.708551 0.842026 0.130583 0.038510
5 0.788544 0.805610 0.032862 0.039347
5 0.788328 0.842026 0.030700 0.038510
5 0.859745 0.767519 0.112423 0.038510
5 0.859313 0.805191 0.111558 0.040184
5 0.859529 0.842863 0.111990 0.038510
5 0.971448 0.804772 0.025079 0.039347
5 0.971448 0.842026 0.025079 0.035161