0 0.907876 0.973861 0.055580 0.035623
0 0.470729 0.912135 0.023935 0.034340
0 0.518114 0.912947 0.021944 0.034021
0 0.494531 0.911828 0.021649 0.035666
0 0.252149 0.272120 0.127287 0.037314
5 0.356004 0.441238 0.062234 0.039089
5 0.335734 0.398745 0.020559 0.038534
0 0.252581 0.612159 0.127825 0.042415
0 0.435733 0.087279 0.028799 0.027803
5 0.651982 0.353889 0.030042 0.038173
5 0.356882 0.354849 0.061326 0.037965
0 0.965297 0.974835 0.050962 0.034975
0 0.123848 0.087016 0.073784 0.028927
3 0.416265 0.486023 0.181198 0.037869
3 0.416205 0.529433 0.182817 0.037117
3 0.389853 0.185228 0.151865 0.039575
0 0.971659 0.087785 0.038900 0.034603
5 0.549221 0.142380 0.248557 0.041195
0 0.238842 0.086757 0.143050 0.033424
0 0.008416 0.155035 0.016832 0.040876
0 0.476900 0.087669 0.041620 0.027626
0 0.253305 0.782654 0.126713 0.039418
0 0.600756 0.085890 0.048895 0.028559
0 0.056048 0.086345 0.055258 0.027949
0 0.364864 0.088484 0.100294 0.030928
0 0.664240 0.087510 0.065807 0.030489
0 0.536211 0.087808 0.063078 0.028678
5 0.371151 0.142969 0.112527 0.039392
3 0.720059 0.087091 0.030833 0.030183
5 0.326604 0.227569 0.025441 0.039248
0 0.252014 0.740897 0.128707 0.039546
0 0.938446 0.087168 0.016174 0.031345
1 0.515895 0.227415 0.012823 0.029657
0 0.252559 0.827421 0.126683 0.039043
3 0.383618 0.914323 0.102253 0.038715
0 0.033885 0.154456 0.016739 0.041002
0 0.252548 0.655428 0.128624 0.041011
0 0.073072 0.155893 0.020038 0.040797
3 0.048680 0.156748 0.016285 0.037667
5 0.643700 0.400132 0.015624 0.037270
0 0.093692 0.155108 0.016543 0.039862
0 0.252598 0.697911 0.127859 0.041496
3 0.108389 0.155916 0.015627 0.037944
4 0.103316 0.624135 0.151508 0.028641
4 0.099579 0.588679 0.142491 0.026817
4 0.103672 0.793036 0.154196 0.028633
4 0.101899 0.454861 0.149162 0.028097
4 0.103617 0.825532 0.155733 0.026819
4 0.102667 0.657322 0.151245 0.025205
1 0.515637 0.185592 0.013077 0.030186
4 0.101155 0.487764 0.144947 0.026906
4 0.070625 0.420744 0.085741 0.027425
4 0.102693 0.352759 0.151561 0.026695
4 0.101448 0.521283 0.148612 0.024708
4 0.102283 0.756790 0.147410 0.027124
4 0.102049 0.556014 0.149248 0.028644
4 0.102378 0.691351 0.150525 0.026142
4 0.102535 0.724832 0.149929 0.028313
4 0.052438 0.321233 0.049702 0.026159
4 0.102622 0.860657 0.149609 0.023304
4 0.068679 0.386327 0.077399 0.024275
4 0.048789 0.286315 0.041078 0.022333