5 0.586726 0.603968 0.255457 0.030033
5 0.586726 0.450849 0.254277 0.028617
5 0.586726 0.527382 0.256637 0.030844
5 0.585841 0.373692 0.253687 0.027425
5 0.586136 0.412544 0.254277 0.031996
5 0.586431 0.565282 0.256047 0.031225
5 0.586136 0.488534 0.254277 0.030853
5 0.587316 0.643371 0.256637 0.029710
5 0.587453 0.257991 0.255183 0.030285
0 0.728424 0.944381 0.034783 0.025727
5 0.586367 0.181899 0.256174 0.030075
5 0.586136 0.297130 0.253097 0.029710
5 0.488833 0.112253 0.455120 0.026527
5 0.587421 0.219893 0.254067 0.025507
5 0.585939 0.335480 0.253884 0.030716
0 0.692365 0.944214 0.016254 0.023903
0 0.723365 0.181187 0.015462 0.028485
0 0.722900 0.563830 0.015796 0.028309
0 0.723342 0.604568 0.015769 0.031762
0 0.727981 0.111233 0.021070 0.030608
0 0.723659 0.220867 0.017018 0.028568
0 0.723848 0.258958 0.015884 0.030033
0 0.721957 0.297780 0.017397 0.030033
0 0.722903 0.335138 0.017775 0.031498
0 0.722525 0.372130 0.018531 0.029300
0 0.722714 0.411685 0.016640 0.033695
0 0.722336 0.450142 0.016640 0.028568
0 0.722147 0.489331 0.017775 0.027835
0 0.722714 0.527055 0.016640 0.031498
0 0.723470 0.642791 0.015884 0.030033