3 0.226776 0.475540 0.140441 0.031660
0 0.911768 0.086177 0.016680 0.026923
0 0.861418 0.086605 0.064741 0.027395
5 0.068431 0.400621 0.119238 0.032452
3 0.228890 0.183123 0.140000 0.028568
0 0.936765 0.086811 0.016154 0.028050
5 0.066171 0.475156 0.115713 0.030892
5 0.068985 0.256834 0.119472 0.033151
3 0.046915 0.086268 0.081028 0.031637
3 0.175942 0.638686 0.069097 0.035136
0 0.784227 0.086691 0.070690 0.027534
5 0.068809 0.328316 0.119823 0.033278
0 0.931592 0.603992 0.020817 0.027137
5 0.499836 0.316259 0.252376 0.027257
1 0.378907 0.746469 0.012131 0.022798
5 0.483558 0.243621 0.219820 0.034342
5 0.218892 0.256350 0.120005 0.034780
0 0.285812 0.533560 0.021029 0.030831
5 0.069434 0.184875 0.119914 0.032073
5 0.793456 0.604894 0.252923 0.031057
5 0.795641 0.459224 0.257293 0.029626
5 0.500382 0.388513 0.254561 0.032101
5 0.217908 0.328709 0.120633 0.031467
0 0.957915 0.086087 0.015026 0.027959
5 0.795709 0.243379 0.258248 0.029626
5 0.227173 0.400642 0.138307 0.035090
0 0.924917 0.964003 0.028440 0.026745
5 0.794978 0.387276 0.256433 0.031742
5 0.795174 0.315327 0.258227 0.027510
5 0.795368 0.533094 0.256746 0.033469
5 0.510374 0.677474 0.274545 0.032320
5 0.501202 0.458695 0.256200 0.028568
0 0.931888 0.241573 0.016045 0.029006
5 0.795914 0.677336 0.256746 0.032044
0 0.234798 0.530725 0.068407 0.030482
5 0.509797 0.604179 0.274483 0.027510
0 0.638242 0.242102 0.018973 0.031305
0 0.148988 0.569710 0.019683 0.026449
5 0.502567 0.530643 0.256746 0.028568
2 0.639169 0.529437 0.017413 0.033095
0 0.931811 0.530394 0.016868 0.029224
2 0.638199 0.458774 0.016074 0.030526
0 0.170646 0.569123 0.019700 0.027471
0 0.931943 0.314269 0.015791 0.029626
0 0.956904 0.023077 0.015476 0.024713
0 0.932342 0.458047 0.016843 0.030605
0 0.932719 0.385161 0.016700 0.031324
0 0.932438 0.674251 0.015551 0.028499
0 0.138777 0.183772 0.018772 0.029866
0 0.139112 0.255840 0.020783 0.028568
0 0.138442 0.326611 0.019442 0.029866
0 0.139112 0.399978 0.020783 0.036359
0 0.137101 0.473994 0.023465 0.028568
0 0.288281 0.256490 0.020113 0.032463
0 0.288616 0.326611 0.019442 0.035060
3 0.500109 0.026475 0.145854 0.038090
5 0.613460 0.241792 0.029499 0.030684
0 0.636676 0.314798 0.019119 0.028568
0 0.637496 0.388334 0.019666 0.029626
5 0.803562 0.749134 0.273134 0.029626
0 0.408063 0.142334 0.099421 0.032800
3 0.495193 0.137043 0.047525 0.030684
0 0.558833 0.139159 0.057905 0.037032
0 0.628756 0.140746 0.054627 0.035974
0 0.701136 0.138630 0.061728 0.033858