5 0.082877 0.263281 0.102542 0.031327
5 0.082174 0.191067 0.102542 0.031097
0 0.938537 0.259173 0.022741 0.032456
3 0.887686 0.190465 0.122983 0.029894
0 0.801802 0.933904 0.035372 0.024691
0 0.885311 0.258740 0.068007 0.028349
0 0.723832 0.937796 0.023059 0.030871
0 0.934322 0.345689 0.020667 0.032813
3 0.313433 0.175945 0.258836 0.030781
0 0.758224 0.934467 0.032165 0.025769
3 0.580973 0.176084 0.257324 0.031059
3 0.067534 0.084774 0.080538 0.032161
0 0.949093 0.078787 0.016144 0.027060
0 0.876154 0.345847 0.031476 0.025792
0 0.255741 0.107195 0.162142 0.029318
0 0.133490 0.565084 0.022108 0.035058
5 0.030501 0.565180 0.011834 0.024043
0 0.909433 0.345818 0.014112 0.026472
0 0.913028 0.259194 0.011971 0.026004
5 0.030373 0.454757 0.012328 0.023628
5 0.030770 0.676390 0.012970 0.024307
5 0.030512 0.786442 0.012785 0.024925
5 0.030467 0.896480 0.012076 0.023585
0 0.743438 0.107078 0.163636 0.031806
3 0.955038 0.346553 0.020624 0.031905
0 0.839059 0.345699 0.023525 0.024956
0 0.729033 0.172005 0.014165 0.027522
0 0.994223 0.077847 0.011456 0.024738
0 0.582254 0.107266 0.165340 0.029460
0 0.419684 0.106139 0.162306 0.032649
0 0.144438 0.262430 0.017428 0.032953
1 0.167752 0.259317 0.010837 0.027603
0 0.144182 0.189198 0.017062 0.027359
0 0.748701 0.172117 0.015452 0.031288