5 0.417450 0.446804 0.174968 0.033181
5 0.369127 0.265891 0.034550 0.031074
5 0.559415 0.299358 0.020716 0.031381
5 0.565490 0.266012 0.034386 0.030296
5 0.389353 0.299076 0.075810 0.031682
5 0.439744 0.546534 0.074493 0.030786
5 0.166017 0.266192 0.074706 0.030789
5 0.433393 0.714477 0.060915 0.032522
5 0.440048 0.512603 0.075387 0.031390
5 0.250210 0.747520 0.141604 0.031991
5 0.216753 0.480316 0.074665 0.032114
5 0.250300 0.847928 0.143044 0.032170
5 0.223479 0.681195 0.087506 0.031842
5 0.216845 0.714606 0.073809 0.032013
5 0.166369 0.298975 0.075311 0.031987
5 0.216381 0.781200 0.075137 0.032110
5 0.199636 0.579517 0.041414 0.033039
3 0.094184 0.078533 0.116420 0.032218
5 0.250726 0.647483 0.142774 0.032208
0 0.181453 0.181422 0.064823 0.026673
5 0.267262 0.413807 0.177081 0.032555
5 0.453689 0.580190 0.034658 0.031690
0 0.262698 0.181817 0.076671 0.026423
5 0.199239 0.613466 0.041158 0.031641
5 0.196283 0.446722 0.034472 0.031061
5 0.439706 0.646690 0.074110 0.032602
0 0.521619 0.903529 0.018264 0.035138
0 0.540152 0.903769 0.018699 0.035542
5 0.446806 0.680858 0.088311 0.032300
5 0.474009 0.847849 0.143961 0.033859
5 0.237166 0.512967 0.114824 0.031627
0 0.094156 0.182718 0.091099 0.026847
5 0.440209 0.781154 0.075573 0.032091
5 0.189079 0.379603 0.020600 0.031394
5 0.196115 0.814433 0.034298 0.031295
5 0.567971 0.366508 0.031190 0.031526
0 0.039427 0.180621 0.014997 0.025613
0 0.021405 0.181332 0.015545 0.026785
0 0.931003 0.014855 0.014977 0.026158
0 0.046083 0.534316 0.017160 0.028432
0 0.412051 0.076513 0.017698 0.028523
5 0.413152 0.579903 0.020435 0.031110
0 0.371230 0.075782 0.017869 0.027789
0 0.336437 0.075662 0.015586 0.026272
0 0.353558 0.075756 0.014886 0.026766
0 0.260816 0.076960 0.016557 0.028423
0 0.238914 0.077311 0.017079 0.028255
0 0.393426 0.076109 0.017949 0.028933
0 0.434602 0.076514 0.016109 0.028164
0 0.203972 0.077444 0.016747 0.028237
0 0.317482 0.076160 0.017821 0.027972
5 0.564655 0.467061 0.023913 0.029684
0 0.296803 0.076453 0.017333 0.028165
0 0.180502 0.077231 0.016868 0.027811
0 0.221265 0.077557 0.014981 0.027733
0 0.023145 0.534746 0.018128 0.027560
0 0.278390 0.076800 0.015602 0.028366
0 0.062818 0.534772 0.013127 0.025294
0 0.945941 0.015098 0.014353 0.026011
0 0.451986 0.076049 0.016255 0.027977
0 0.959929 0.016076 0.013525 0.027457
0 0.163393 0.077232 0.015648 0.027301
0 0.015579 0.028024 0.014689 0.020842
0 0.978441 0.983343 0.017102 0.028785
0 0.022329 0.077852 0.015950 0.028638
0 0.542744 0.334383 0.014814 0.026911