5 0.186353 0.500971 0.116188 0.032428
3 0.224821 0.795860 0.052293 0.033766
3 0.225003 0.764321 0.052034 0.033888
3 0.224901 0.827778 0.052279 0.033887
3 0.246812 0.233574 0.156645 0.033508
0 0.148487 0.934940 0.041923 0.036196
0 0.288062 0.934997 0.020264 0.034836
3 0.093942 0.077664 0.116748 0.033505
0 0.070752 0.935102 0.020311 0.033051
0 0.091826 0.935151 0.020251 0.033646
0 0.434495 0.076924 0.013951 0.026083
0 0.179608 0.934535 0.020875 0.036353
0 0.411682 0.076679 0.017097 0.028157
5 0.186063 0.467347 0.115519 0.033312
5 0.396242 0.366822 0.116230 0.033119
5 0.186566 0.433948 0.115387 0.032099
0 0.117446 0.935444 0.019234 0.033108
0 0.023576 0.934665 0.022202 0.036889
0 0.393389 0.077051 0.016890 0.028348
0 0.203659 0.078191 0.015576 0.025831
0 0.050157 0.935159 0.019808 0.034162
0 0.373568 0.181772 0.083091 0.026608
0 0.266988 0.934477 0.020367 0.034645
0 0.180346 0.077580 0.015284 0.026932
0 0.189908 0.181072 0.038291 0.024341
0 0.238563 0.078298 0.016052 0.026625
3 0.224853 0.859387 0.052215 0.033157
0 0.213330 0.934918 0.021441 0.035876
3 0.342347 0.500735 0.156171 0.031268
0 0.303614 0.181040 0.036833 0.026099
0 0.119548 0.182018 0.084134 0.025716
0 0.246930 0.181366 0.055279 0.024129
5 0.165997 0.366605 0.074659 0.031874
0 0.234166 0.934503 0.020537 0.035371
5 0.553832 0.827876 0.108727 0.032566
5 0.553680 0.859475 0.109332 0.032423
0 0.371122 0.076374 0.015804 0.026572
5 0.189693 0.333552 0.123930 0.033498
5 0.284483 0.466444 0.041409 0.032229
0 0.318160 0.076178 0.016136 0.026332
0 0.452397 0.075485 0.013639 0.025194
0 0.041541 0.181713 0.052309 0.024013
0 0.931006 0.014820 0.015012 0.026077
0 0.221220 0.078654 0.014931 0.025838
0 0.353371 0.076127 0.015239 0.025521
5 0.553309 0.796118 0.106921 0.032691
5 0.166147 0.400071 0.074739 0.031655
0 0.336307 0.075916 0.015380 0.025359
0 0.261047 0.077456 0.015180 0.026656
5 0.553512 0.765858 0.107358 0.032351
5 0.585929 0.232979 0.130075 0.032973
0 0.163465 0.077017 0.015732 0.027257
1 0.612179 0.827974 0.011345 0.024699
0 0.278349 0.077129 0.015412 0.026902
0 0.945931 0.015091 0.014371 0.025965
1 0.612265 0.765125 0.010873 0.023406
1 0.612242 0.796095 0.011220 0.024114
0 0.296760 0.076637 0.016993 0.028041
0 0.960563 0.015544 0.014862 0.026379
5 0.284544 0.534718 0.313286 0.031801
1 0.612258 0.859498 0.011100 0.025146
1 0.043003 0.858834 0.024353 0.028923
5 0.660853 0.858575 0.086748 0.030329
0 0.022121 0.077629 0.015430 0.028220
1 0.043154 0.827892 0.024451 0.030361
5 0.491535 0.828257 0.017865 0.031965
5 0.491478 0.796677 0.017712 0.031419
5 0.491848 0.859808 0.017939 0.031609
5 0.660871 0.827810 0.087577 0.031644
1 0.043238 0.764428 0.024565 0.030822
5 0.345462 0.333514 0.015032 0.032240
1 0.344225 0.466488 0.011623 0.022460
0 0.020836 0.732706 0.015536 0.026145
5 0.091237 0.828020 0.073850 0.032681
0 0.409122 0.887086 0.019588 0.023807
5 0.491633 0.766119 0.017540 0.030234
5 0.311008 0.797152 0.119686 0.033509
5 0.310457 0.828063 0.120889 0.032678
0 0.015481 0.028198 0.014045 0.020923
5 0.660426 0.765709 0.086737 0.032584
5 0.310422 0.858488 0.121015 0.031138
1 0.043171 0.796166 0.024547 0.030739
5 0.091020 0.858334 0.073361 0.031197
5 0.660536 0.796319 0.087182 0.032509
0 0.053545 0.268738 0.066156 0.030988
0 0.113864 0.267515 0.054482 0.030172
0 0.164454 0.267515 0.044969 0.030172
0 0.204018 0.268330 0.032430 0.030172
0 0.241421 0.267107 0.040645 0.027726
5 0.166184 0.600363 0.075237 0.032619
5 0.091812 0.765224 0.072642 0.033434
5 0.091596 0.797842 0.072210 0.031803
5 0.310964 0.766447 0.119773 0.032619