5 0.457587 0.474094 0.092547 0.039466
5 0.444430 0.580789 0.064427 0.039225
3 0.080353 0.157988 0.131016 0.039996
0 0.462734 0.825196 0.114276 0.044766
3 0.184674 0.157964 0.050714 0.032071
5 0.444214 0.527356 0.064859 0.041232
4 0.186615 0.689550 0.097194 0.033930
0 0.398661 0.526923 0.018464 0.039124
4 0.196738 0.639247 0.075633 0.030695
4 0.182322 0.834202 0.110834 0.036136
0 0.732930 0.349276 0.019481 0.038420
4 0.214218 0.589897 0.041011 0.031206
0 0.708354 0.824663 0.056035 0.036257
0 0.019507 0.022843 0.017485 0.027369
0 0.055058 0.024243 0.035456 0.031800
0 0.095271 0.023428 0.025944 0.030169
0 0.025655 0.085397 0.016431 0.035062
0 0.134619 0.026689 0.031997 0.030169
0 0.196163 0.024243 0.069183 0.026908
0 0.264482 0.025874 0.046699 0.028539
0 0.321125 0.024651 0.041510 0.029354
0 0.368256 0.023835 0.029403 0.029354
0 0.709500 0.349885 0.019562 0.036888
0 0.585613 0.827598 0.112891 0.037100