5 0.255197 0.640224 0.039817 0.042355
5 0.251448 0.443272 0.032275 0.041976
3 0.080353 0.157890 0.129286 0.039801
5 0.255096 0.690122 0.038608 0.042224
5 0.285901 0.590946 0.102142 0.039389
5 0.270302 0.345304 0.069907 0.040314
3 0.184670 0.157755 0.050443 0.031672
5 0.254431 0.394620 0.038581 0.039572
0 0.314136 0.345261 0.017655 0.039465
1 0.243304 0.836071 0.014136 0.024812
0 0.025191 0.085466 0.019986 0.042400
0 0.019241 0.023312 0.016952 0.026447
0 0.056420 0.025399 0.036225 0.030622
0 0.095143 0.023633 0.024983 0.029445
0 0.133866 0.024221 0.031229 0.028267
0 0.194938 0.023699 0.069616 0.028539
0 0.265635 0.024923 0.044969 0.029354
0 0.319684 0.024515 0.045834 0.030169
0 0.367896 0.024923 0.028970 0.029354