0 0.866257 0.975033 0.076422 0.043433
5 0.162354 0.182950 0.105803 0.040442
5 0.401939 0.475096 0.410867 0.047265
5 0.145681 0.231336 0.072816 0.039181
5 0.232319 0.566498 0.073649 0.035910
5 0.300908 0.661925 0.211374 0.048765
5 0.257856 0.181285 0.040800 0.042520
5 0.272993 0.616863 0.154366 0.046398
3 0.043061 0.094974 0.044577 0.032496
5 0.274235 0.714381 0.153138 0.040424
0 0.943371 0.974417 0.066533 0.042838
0 0.073966 0.327420 0.057595 0.036972
0 0.656138 0.421317 0.025460 0.044983
5 0.372698 0.709813 0.034267 0.040945
5 0.400432 0.421998 0.408456 0.040720
5 0.664646 0.229905 0.040294 0.041115
5 0.402011 0.520405 0.410921 0.045192
0 0.951985 0.096054 0.052362 0.037958
1 0.202870 0.759179 0.016182 0.029812