5 0.327993 0.480303 0.490163 0.310330
5 0.716093 0.845630 0.048753 0.040898
0 0.955592 0.958608 0.073606 0.037944
5 0.740521 0.890775 0.099237 0.040659
5 0.775268 0.753111 0.164448 0.042523
5 0.738886 0.798205 0.095300 0.040100
0 0.033444 0.864562 0.034305 0.038881
5 0.246809 0.751758 0.123431 0.041048
5 0.339163 0.891155 0.041643 0.039131
3 0.963767 0.094706 0.033679 0.035358
3 0.444576 0.093344 0.103322 0.030758
0 0.068768 0.864917 0.034182 0.037834
5 0.311416 0.704165 0.250923 0.045994
3 0.311191 0.093577 0.131069 0.031709
0 0.024745 0.959860 0.028302 0.034455
0 0.183763 0.093602 0.089884 0.032560
3 0.729148 0.093478 0.107359 0.031696
3 0.586423 0.093728 0.150060 0.033939
0 0.340201 0.892050 0.040265 0.039597
0 0.778322 0.797302 0.018287 0.035062
5 0.232835 0.797420 0.097017 0.039885
0 0.070228 0.093781 0.104547 0.029998
0 0.779396 0.891315 0.016945 0.038360
0 0.084949 0.278261 0.112115 0.038346
0 0.270982 0.797813 0.016739 0.038363