5 0.198172 0.301680 0.090730 0.032132
3 0.269154 0.731859 0.062878 0.033022
0 0.520901 0.075974 0.017862 0.025952
0 0.110269 0.909032 0.025359 0.032551
0 0.060047 0.908287 0.024331 0.033872
5 0.198538 0.335625 0.090358 0.032226
3 0.269849 0.700251 0.062493 0.031477
0 0.284786 0.077952 0.018558 0.027532
5 0.381691 0.301614 0.049993 0.034432
0 0.084600 0.908412 0.024349 0.031863
5 0.222249 0.369051 0.138808 0.030701
0 0.470634 0.076676 0.021647 0.027592
0 0.263720 0.078441 0.018149 0.026762
0 0.492462 0.076041 0.019767 0.027140
3 0.112296 0.077189 0.139463 0.033424
0 0.320107 0.908349 0.025294 0.034542
0 0.280570 0.908215 0.025367 0.035634
0 0.381252 0.075035 0.019274 0.026864
0 0.028366 0.908290 0.028912 0.037270
0 0.311363 0.076715 0.022098 0.029284
0 0.140180 0.908877 0.023563 0.032558
5 0.261491 0.402258 0.209451 0.032981
0 0.214297 0.075828 0.017603 0.027441
0 0.254662 0.907410 0.025624 0.035884
0 0.445020 0.076485 0.020153 0.028323
5 0.882339 0.699434 0.128220 0.035124
0 0.242444 0.077915 0.018227 0.027620
5 0.881459 0.827792 0.125978 0.035045
0 0.423945 0.076185 0.021466 0.027875
0 0.345676 0.908542 0.025269 0.034761
0 0.541026 0.075270 0.016048 0.025012
3 0.269206 0.764608 0.063870 0.033347
0 0.223215 0.181027 0.043666 0.025746
5 0.882197 0.731814 0.129002 0.034339
3 0.269965 0.668699 0.062399 0.031064
3 0.269498 0.795907 0.062680 0.033277
0 0.289256 0.180855 0.065213 0.024816
0 0.401494 0.075815 0.019563 0.027166
0 0.177639 0.908117 0.051097 0.032079
0 0.354208 0.076190 0.019181 0.030406
0 0.443244 0.181928 0.086103 0.027488
5 0.882069 0.764857 0.127950 0.034419
3 0.269673 0.826595 0.063029 0.031588
0 0.140301 0.182321 0.096122 0.026028
0 0.214722 0.908316 0.027401 0.033333
5 0.883851 0.669189 0.129582 0.032557
5 0.222750 0.435774 0.139109 0.033046
1 0.953572 0.701707 0.015731 0.025920
5 0.425518 0.732481 0.249820 0.034237
0 0.333032 0.076509 0.017249 0.029499
5 0.425220 0.700236 0.251303 0.037321
5 0.109226 0.795279 0.087756 0.031956
5 0.109056 0.827203 0.086998 0.033204
0 0.136279 0.235735 0.055307 0.029895
0 0.048188 0.180873 0.064205 0.027620
5 0.425979 0.668772 0.251505 0.035012
0 0.354776 0.181226 0.044746 0.027314
1 0.953344 0.733569 0.015787 0.028193
5 0.883689 0.795682 0.126190 0.031689
5 0.108756 0.764792 0.088398 0.034203
0 0.072062 0.236647 0.066548 0.031011
1 0.953681 0.826874 0.014976 0.025935
5 0.109144 0.731950 0.087587 0.033700
0 0.195488 0.076304 0.019191 0.025228
5 0.108948 0.699435 0.087552 0.033780
5 0.109265 0.668842 0.085804 0.032809
5 0.425128 0.765460 0.250600 0.035878
1 0.953378 0.795457 0.015578 0.026966
5 0.707195 0.436846 0.264644 0.036077
5 0.707421 0.335218 0.264191 0.038732
1 0.953235 0.764293 0.015646 0.027618
0 0.026446 0.077453 0.018714 0.029265
0 0.396731 0.181869 0.014212 0.024868
1 0.953288 0.670403 0.013885 0.025618
5 0.426242 0.794936 0.248829 0.034942
0 0.018770 0.025885 0.018785 0.022686
5 0.972966 0.732373 0.021433 0.031814
0 0.589444 0.856464 0.013540 0.023564
5 0.425929 0.826996 0.248998 0.035726
5 0.809307 0.828260 0.021993 0.031263
5 0.970459 0.668639 0.020857 0.033757
5 0.970903 0.700989 0.021745 0.030944
5 0.971569 0.763931 0.021301 0.030240
5 0.971347 0.796633 0.019970 0.033757
5 0.971569 0.827577 0.020414 0.030944
5 0.809370 0.668639 0.021745 0.033757
5 0.808704 0.701692 0.023076 0.033757
5 0.809148 0.733691 0.022189 0.033053
5 0.809370 0.798040 0.022632 0.035163
5 0.808482 0.764283 0.020857 0.032350
1 0.051176 0.670066 0.028808 0.031178
1 0.051383 0.700831 0.028970 0.027409
1 0.051599 0.732466 0.030268 0.033576
1 0.051383 0.764329 0.029835 0.030150
1 0.050734 0.797221 0.028538 0.032891
1 0.051167 0.827371 0.027673 0.030150