0 0.283220 0.327989 0.023320 0.043268
0 0.070012 0.328340 0.022847 0.043349
0 0.023975 0.435094 0.025023 0.047164
0 0.047014 0.328065 0.022948 0.043712
5 0.269363 0.653221 0.141432 0.052187
0 0.532663 0.327887 0.026501 0.046008
5 0.269568 0.490802 0.139203 0.052564
0 0.578192 0.328589 0.023999 0.044231
0 0.624641 0.327628 0.024993 0.045374
0 0.601524 0.328148 0.021746 0.043415
0 0.259546 0.328272 0.022845 0.042882
0 0.353792 0.327909 0.107419 0.044890
0 0.121684 0.440554 0.022132 0.041583
0 0.461137 0.327930 0.111236 0.048493
0 0.056370 0.106734 0.086875 0.040165
5 0.271208 0.815240 0.140335 0.049179
5 0.269632 0.545874 0.139299 0.048521
0 0.977673 0.107567 0.044654 0.041270
5 0.354965 0.651500 0.032449 0.048350
3 0.218609 0.105601 0.038721 0.035438
5 0.269917 0.761578 0.138572 0.048397
0 0.915183 0.106247 0.064475 0.038762
0 0.381235 0.489919 0.022690 0.044939
5 0.167660 0.329003 0.160637 0.046187
3 0.149819 0.106369 0.084617 0.037516
5 0.354378 0.545243 0.031351 0.045448
5 0.354909 0.760735 0.031823 0.044910
5 0.353904 0.491558 0.031448 0.046755