5 0.289987 0.708461 0.040232 0.042730
5 0.289411 0.658280 0.040362 0.042016
0 0.969198 0.965205 0.050532 0.038506
0 0.617937 0.156464 0.030588 0.043468
0 0.970718 0.099438 0.049937 0.039103
3 0.369110 0.560628 0.198055 0.045282
0 0.090228 0.099384 0.151638 0.034596
1 0.279708 0.859858 0.016433 0.033175
5 0.342874 0.157275 0.143510 0.042756
3 0.301905 0.098632 0.041160 0.034545
5 0.279844 0.307592 0.015660 0.031336
0 0.224306 0.098729 0.097976 0.032886
5 0.279660 0.358109 0.015512 0.029703
5 0.530777 0.158513 0.143971 0.041881
5 0.319203 0.611377 0.100375 0.044567
4 0.201891 0.408711 0.138731 0.033434
0 0.045136 0.507413 0.064068 0.039689
1 0.279535 0.408294 0.017468 0.032653
4 0.083372 0.810026 0.145125 0.038497
4 0.202417 0.357935 0.142170 0.032746
4 0.232179 0.608312 0.071318 0.027409