0 0.307512 0.753625 0.024071 0.040857
0 0.043967 0.750657 0.025458 0.043793
0 0.695626 0.752335 0.024035 0.042447
0 0.978205 0.104128 0.043590 0.038310
3 0.116378 0.191267 0.160690 0.042590
0 0.274540 0.752846 0.024150 0.042157
5 0.238670 0.189402 0.086905 0.042713
0 0.103688 0.752952 0.023144 0.041478
0 0.598976 0.399962 0.017713 0.035613
0 0.155417 0.752727 0.022136 0.039957
0 0.939460 0.104481 0.017936 0.033633
3 0.199846 0.753345 0.017425 0.041702
0 0.077665 0.752905 0.022437 0.042269
0 0.129850 0.752768 0.023098 0.040530
0 0.230600 0.753243 0.021973 0.041885
3 0.249416 0.753676 0.016872 0.042948
0 0.520271 0.104676 0.116039 0.035261
5 0.547988 0.398550 0.083995 0.041383
0 0.361169 0.103397 0.115020 0.035229
0 0.016490 0.746307 0.024139 0.044239
0 0.632557 0.758729 0.063006 0.032355
3 0.698263 0.103007 0.038836 0.032543
0 0.180912 0.752994 0.021364 0.040680
0 0.188294 0.102794 0.032498 0.030734
0 0.254194 0.102896 0.083609 0.034234
3 0.627643 0.102619 0.086608 0.035148
0 0.440155 0.103651 0.026984 0.030722
0 0.084378 0.104641 0.157490 0.036752
0 0.016338 0.242398 0.022116 0.037587
0 0.552145 0.759281 0.082867 0.032521
0 0.328332 0.752787 0.010377 0.041653
5 0.159997 0.458149 0.031804 0.040997
5 0.160192 0.419428 0.031611 0.037929
5 0.352901 0.551034 0.014441 0.028546
5 0.352849 0.601161 0.014935 0.029237
5 0.087107 0.419925 0.116850 0.039539
5 0.352688 0.500454 0.014932 0.031330
0 0.015927 0.190544 0.023782 0.051808
0 0.044465 0.243282 0.031417 0.036740
5 0.160360 0.380350 0.031800 0.039744
5 0.087157 0.459479 0.116949 0.043158