0 0.077106 0.112395 0.090117 0.047955
4 0.106724 0.418070 0.205509 0.037378
4 0.105426 0.366807 0.203952 0.040171
0 0.165529 0.112988 0.086986 0.044071
5 0.901913 0.113550 0.171807 0.050784
0 0.693160 0.759729 0.027745 0.051078
0 0.254194 0.112460 0.090804 0.047579
4 0.105135 0.315110 0.206127 0.039783
0 0.457901 0.402221 0.029879 0.050880
4 0.076796 0.467459 0.150134 0.035553
4 0.036729 0.671699 0.072671 0.031455
4 0.077866 0.516814 0.153167 0.035914
0 0.457625 0.760622 0.028462 0.049114
4 0.043768 0.824224 0.087535 0.030842
4 0.103909 0.264607 0.205212 0.040193
4 0.061632 0.568921 0.121417 0.035060
4 0.044376 0.620351 0.087417 0.035089
4 0.048759 0.874180 0.097383 0.033878
4 0.044450 0.721896 0.088818 0.030470
4 0.058672 0.771808 0.115627 0.033993
4 0.035345 0.924423 0.068474 0.031931
4 0.065380 0.215260 0.127623 0.036037
4 0.312324 0.533840 0.135420 0.033662
4 0.302714 0.891995 0.115265 0.039349
4 0.080029 0.976714 0.159444 0.041432
4 0.340470 0.629053 0.176144 0.044290
4 0.575875 0.629095 0.173852 0.051204
4 0.359774 0.270178 0.150690 0.039171