0 0.632782 0.077260 0.026800 0.026163
0 0.669220 0.076290 0.023264 0.026846
0 0.218605 0.181062 0.124107 0.027493
0 0.696119 0.075145 0.024180 0.026125
0 0.605667 0.077789 0.024720 0.025612
5 0.256014 0.367475 0.117121 0.030928
0 0.080448 0.180403 0.118836 0.027589
0 0.312611 0.077337 0.024050 0.026472
0 0.339416 0.077907 0.021791 0.025637
0 0.366450 0.077241 0.024150 0.028151
3 0.145325 0.077893 0.178291 0.034705
5 0.224009 0.332877 0.052807 0.031014
0 0.028438 0.974727 0.021369 0.021920
0 0.276901 0.076445 0.024282 0.027953
0 0.571897 0.076565 0.025614 0.027537
5 0.223387 0.401102 0.051993 0.033875
0 0.400978 0.076652 0.026236 0.028110
0 0.456507 0.076674 0.026839 0.026972
0 0.518519 0.076054 0.024388 0.026964
0 0.489173 0.076117 0.031494 0.027281
0 0.428190 0.076459 0.020527 0.028886
0 0.544809 0.076299 0.024840 0.026808
0 0.251427 0.077008 0.023263 0.026151