0 0.419696 0.916094 0.021056 0.040033
1 0.252193 0.804060 0.015478 0.030988
0 0.129638 0.179971 0.024259 0.045178
0 0.896264 0.973382 0.070972 0.042549
5 0.499561 0.462585 0.085688 0.045798
5 0.427427 0.161148 0.083812 0.043544
0 0.008975 0.180610 0.017867 0.042230
3 0.822885 0.103046 0.038415 0.030322
0 0.969258 0.974425 0.061429 0.038622
0 0.191855 0.105074 0.152461 0.036052
0 0.063804 0.103425 0.086560 0.030964
5 0.499481 0.512044 0.084757 0.041339
0 0.660578 0.103745 0.088870 0.033546
0 0.549062 0.511039 0.016324 0.039018
0 0.375853 0.916003 0.021679 0.040216
5 0.491775 0.161607 0.044661 0.041600
0 0.328114 0.103235 0.101374 0.034609
0 0.554660 0.103946 0.111482 0.035014
0 0.397933 0.916606 0.020844 0.039864
0 0.291357 0.914678 0.022169 0.041600
0 0.975439 0.104191 0.048042 0.033644
5 0.758249 0.414021 0.084292 0.047110
5 0.765584 0.464583 0.099849 0.042788
0 0.437524 0.103568 0.104518 0.035632
0 0.653469 0.745877 0.060782 0.032680
0 0.599519 0.744634 0.028280 0.027710
1 0.252863 0.843758 0.016798 0.035049
0 0.269162 0.915500 0.021124 0.039366
1 0.464647 0.612985 0.015859 0.031141
0 0.286722 0.314853 0.058707 0.039950
1 0.251670 0.765306 0.015167 0.032939
0 0.031192 0.180702 0.020443 0.043605
5 0.540240 0.212446 0.308674 0.047483
5 0.563569 0.462478 0.046119 0.046012
0 0.247176 0.915840 0.021053 0.038471
0 0.525845 0.162583 0.023858 0.043859
3 0.097405 0.181006 0.019435 0.043061
5 0.112244 0.727698 0.223918 0.043573
3 0.048858 0.181039 0.018240 0.044151
5 0.112659 0.492576 0.222124 0.043349
5 0.113001 0.649682 0.222404 0.043390
5 0.112031 0.570360 0.223380 0.043433
5 0.112001 0.453224 0.222476 0.044533
5 0.112819 0.610238 0.223731 0.044418
5 0.113246 0.531704 0.223842 0.044167
5 0.112126 0.688741 0.222226 0.044304
5 0.112577 0.806544 0.223252 0.043674
0 0.079449 0.180995 0.019351 0.042483
5 0.112419 0.767248 0.222605 0.044296
3 0.753637 0.103689 0.080611 0.032384
5 0.111365 0.845588 0.221072 0.048400
5 0.766028 0.514275 0.098962 0.045434
5 0.113661 0.415272 0.220121 0.041897
0 0.679644 0.325066 0.015080 0.032633
5 0.935145 0.916853 0.045393 0.043229
0 0.009541 0.298875 0.017157 0.035063