5 0.357574 0.063172 0.069979 0.087455
1 0.844828 0.687920 0.059770 0.082794
1 0.844846 0.596364 0.060211 0.078478
5 0.313026 0.598093 0.161016 0.084164
1 0.845321 0.780103 0.059521 0.084476
1 0.560488 0.593224 0.045603 0.083261
5 0.313462 0.507678 0.158671 0.077844
5 0.313104 0.685375 0.160542 0.079134
5 0.108544 0.510454 0.161481 0.085900
1 0.560543 0.686031 0.045313 0.085913
5 0.335053 0.148130 0.028487 0.079325
1 0.845210 0.867419 0.059196 0.084546
1 0.845488 0.510258 0.059523 0.087762
5 0.334694 0.236688 0.028064 0.078582
1 0.560812 0.507904 0.047751 0.088517
5 0.107594 0.599357 0.159554 0.083867
5 0.108243 0.688730 0.159986 0.083020
5 0.109324 0.778527 0.158689 0.083020
5 0.108459 0.869595 0.160419 0.082173
5 0.108675 0.957698 0.159986 0.083867
5 0.311901 0.958121 0.159986 0.081326
5 0.312550 0.870019 0.159554 0.084714
5 0.312333 0.779374 0.162581 0.083020
1 0.560168 0.778668 0.042807 0.080478
1 0.560168 0.867618 0.042807 0.083867
1 0.560384 0.958164 0.042375 0.083671
1 0.844468 0.958729 0.057941 0.082542