0 0.976256 0.094499 0.047075 0.034761
0 0.903360 0.976880 0.079860 0.046240
0 0.022251 0.206299 0.024247 0.043388
0 0.974970 0.973737 0.049511 0.034067
5 0.273241 0.464019 0.039611 0.044796
5 0.729360 0.411990 0.040249 0.043128
5 0.231314 0.818451 0.137575 0.044221
5 0.189004 0.462765 0.129925 0.041576
5 0.281397 0.311856 0.313762 0.042663
5 0.281397 0.361854 0.313762 0.042403
5 0.683964 0.464552 0.084436 0.045862
3 0.217158 0.098795 0.038242 0.041722
5 0.622429 0.464019 0.038079 0.046929
5 0.591329 0.412642 0.236821 0.042997
5 0.221098 0.616077 0.159266 0.045854
5 0.242128 0.411695 0.236585 0.041827
0 0.054621 0.100611 0.085791 0.048146
5 0.315378 0.819354 0.031664 0.044221
5 0.538885 0.463486 0.132045 0.045862
5 0.569012 0.615675 0.162660 0.043910
0 0.078947 0.208386 0.045050 0.040696
3 0.147552 0.095989 0.083742 0.037277
0 0.914591 0.094860 0.062548 0.036758
5 0.379256 0.412486 0.038956 0.041275
5 0.133206 0.616768 0.016420 0.043533
5 0.481263 0.616598 0.016301 0.045756