0 0.036209 0.248749 0.024131 0.044405
0 0.532999 0.250207 0.022485 0.044557
0 0.682288 0.249724 0.021477 0.043146
0 0.341632 0.249252 0.021745 0.044039
0 0.290376 0.249637 0.021301 0.045730
0 0.257389 0.248703 0.022189 0.043863
0 0.368340 0.249426 0.022070 0.042609
0 0.316412 0.249098 0.021595 0.044093
0 0.065046 0.102627 0.092474 0.034594
0 0.102320 0.250751 0.085774 0.043419
3 0.651378 0.249906 0.017620 0.043157
0 0.208352 0.249135 0.019970 0.043884
0 0.708587 0.249250 0.021358 0.044474
3 0.225903 0.249278 0.017706 0.044129
1 0.030370 0.435735 0.014521 0.029553
0 0.633117 0.249492 0.020414 0.043898
0 0.976084 0.103355 0.047483 0.036418
0 0.166133 0.250212 0.021865 0.043459
3 0.501854 0.249302 0.018185 0.045171
0 0.392640 0.249779 0.020654 0.043644
3 0.184610 0.249788 0.016863 0.042800
3 0.290662 0.103019 0.039216 0.031021
1 0.029667 0.396331 0.014990 0.029553
3 0.410949 0.250096 0.018906 0.043634
0 0.483738 0.249370 0.021684 0.045220
1 0.029667 0.475140 0.015927 0.029553
1 0.030136 0.514743 0.014990 0.027981
3 0.459905 0.250126 0.017335 0.045932
0 0.442115 0.250018 0.019728 0.044487
3 0.602557 0.249578 0.031832 0.043982
1 0.030370 0.355941 0.014521 0.027583
3 0.564332 0.249837 0.033727 0.045085
0 0.191523 0.102794 0.144689 0.039497