5 0.576564 0.457336 0.049847 0.031129
5 0.576263 0.485382 0.050281 0.029302
5 0.576076 0.514053 0.050234 0.027767
5 0.575934 0.801447 0.050774 0.031398
5 0.613496 0.802916 0.027628 0.031910
5 0.123791 0.140596 0.060533 0.033738
5 0.358063 0.902544 0.034877 0.036865
5 0.512892 0.457201 0.034546 0.030960
5 0.540773 0.802187 0.024161 0.031432
5 0.459434 0.513887 0.075782 0.028927
5 0.357495 0.514235 0.090557 0.031638
5 0.458360 0.456339 0.076645 0.032712
5 0.575787 0.544113 0.050577 0.030331
5 0.541034 0.456452 0.023278 0.031744
5 0.613257 0.457118 0.027911 0.031596
5 0.458179 0.486015 0.076396 0.029058
5 0.356871 0.457377 0.092045 0.032920
5 0.513054 0.801671 0.033725 0.029936
5 0.262013 0.513764 0.101287 0.030246
5 0.512735 0.512514 0.033806 0.027987
5 0.357480 0.486540 0.090776 0.031148
5 0.576647 0.426247 0.050176 0.028106
5 0.613465 0.512472 0.027282 0.028425
5 0.410842 0.458131 0.020393 0.030479
5 0.575873 0.573037 0.050418 0.030065
5 0.576321 0.771246 0.050748 0.029365
5 0.613398 0.485808 0.027387 0.029039
5 0.357385 0.544699 0.090790 0.033121
5 0.540618 0.512026 0.023805 0.028946
5 0.512908 0.484882 0.033981 0.027245
5 0.123516 0.178045 0.060407 0.032064
5 0.458332 0.544748 0.076588 0.031702
5 0.261953 0.456645 0.101603 0.032345
5 0.540779 0.485650 0.023687 0.028916
5 0.576371 0.336779 0.049098 0.031269
5 0.458838 0.572773 0.076310 0.031312
5 0.357500 0.572856 0.090424 0.032498
5 0.035930 0.326644 0.032677 0.030909
5 0.262780 0.487331 0.103242 0.031074
5 0.409080 0.139915 0.063523 0.033066
5 0.514132 0.336333 0.032930 0.031976
5 0.141459 0.284371 0.143519 0.034270
5 0.576666 0.372928 0.050389 0.029480
5 0.142835 0.512589 0.141314 0.035502
5 0.613303 0.771291 0.028386 0.029947
5 0.458749 0.426089 0.076688 0.027519
5 0.035825 0.373230 0.031350 0.028397
5 0.411107 0.513782 0.020490 0.027780
5 0.575773 0.829648 0.050458 0.024558
5 0.541064 0.770200 0.024071 0.030320
5 0.262632 0.545837 0.103345 0.031974
5 0.576546 0.400556 0.050247 0.027502
5 0.613634 0.543848 0.027223 0.029599
5 0.410939 0.486667 0.020694 0.027971
5 0.262610 0.573353 0.103552 0.031601
5 0.540561 0.544110 0.024172 0.030464
5 0.355373 0.285133 0.086791 0.033226
5 0.036176 0.350901 0.030950 0.025402
5 0.036041 0.400446 0.032279 0.029173
5 0.143163 0.456238 0.140572 0.035345
5 0.575585 0.312857 0.048065 0.025350
5 0.142850 0.487667 0.141467 0.034358
5 0.512811 0.543111 0.034050 0.030239
5 0.036099 0.455397 0.032045 0.030677
5 0.411128 0.426356 0.019644 0.027421
5 0.575817 0.599827 0.049652 0.028492
5 0.540454 0.573260 0.024689 0.030130
5 0.458383 0.801941 0.076013 0.032698
5 0.541431 0.425667 0.023076 0.029554
5 0.613722 0.573336 0.026920 0.030061
5 0.512821 0.770958 0.034596 0.029706
5 0.512868 0.426289 0.033687 0.027560
5 0.356380 0.426113 0.093368 0.029236
5 0.613984 0.335849 0.026782 0.030419
5 0.459211 0.338762 0.073423 0.031491
5 0.513065 0.572055 0.033040 0.029649
5 0.458327 0.372711 0.073431 0.029930
5 0.036247 0.425477 0.031665 0.029239
5 0.614218 0.426105 0.027022 0.027837
5 0.613903 0.828995 0.026570 0.024706
5 0.576689 0.348965 0.050121 0.029127
5 0.513207 0.828488 0.032274 0.023280
5 0.639681 0.803093 0.027546 0.031026
5 0.142382 0.544456 0.142725 0.034073
5 0.540716 0.830110 0.023538 0.025862
5 0.458347 0.347944 0.071957 0.030363
5 0.576483 0.742078 0.050880 0.028532
5 0.142120 0.572058 0.143401 0.034112
5 0.458946 0.401621 0.076979 0.027112
5 0.614359 0.313998 0.026442 0.024624
5 0.357364 0.373144 0.092200 0.034081
5 0.410823 0.544461 0.020686 0.030270
5 0.613697 0.599696 0.026390 0.028452
5 0.513342 0.372568 0.033817 0.030071
5 0.540295 0.599130 0.025085 0.028506
5 0.261925 0.425978 0.101196 0.028426
5 0.541732 0.335623 0.023235 0.034771
5 0.640396 0.513195 0.028304 0.027244
5 0.541543 0.373283 0.023428 0.032060
5 0.141724 0.312685 0.143476 0.030666
5 0.411523 0.401633 0.018961 0.026822
5 0.357613 0.339724 0.092071 0.033335
5 0.576295 0.628321 0.049148 0.031105
5 0.613736 0.305066 0.025732 0.027238
5 0.357133 0.401634 0.091664 0.030273
5 0.459719 0.599663 0.076208 0.029608
5 0.641382 0.485888 0.030787 0.027086
5 0.541515 0.400372 0.023021 0.029419
5 0.356877 0.310688 0.088864 0.031338
5 0.642784 0.457961 0.034254 0.030020
5 0.357433 0.349128 0.091675 0.038884
5 0.411750 0.373949 0.019127 0.028508
5 0.142550 0.373458 0.142175 0.036690
5 0.613761 0.628298 0.025994 0.030714
5 0.541811 0.349234 0.023676 0.031926
5 0.395493 0.178212 0.034676 0.032821
5 0.142851 0.425670 0.141339 0.031386
5 0.513713 0.347570 0.033055 0.029688
5 0.540509 0.628210 0.024885 0.031385
5 0.614296 0.373191 0.025865 0.029415
5 0.458622 0.770948 0.076632 0.029093
5 0.410897 0.573652 0.020510 0.029653
5 0.513298 0.598437 0.032323 0.026883
5 0.356988 0.599789 0.091303 0.031495
5 0.614306 0.401017 0.026228 0.027142
5 0.301102 0.301664 0.024298 0.030506
5 0.142671 0.338324 0.142374 0.037462
5 0.576596 0.666800 0.050159 0.040725
5 0.532263 0.337271 0.032772 0.031905
5 0.515225 0.285541 0.031322 0.032190
5 0.411478 0.337549 0.019167 0.030899
5 0.262183 0.401364 0.101494 0.029326
5 0.262412 0.374611 0.101747 0.033309
5 0.512876 0.401495 0.033078 0.026471
5 0.576704 0.368169 0.048816 0.024645
5 0.411913 0.352503 0.019121 0.027128
1 0.015134 0.285553 0.011675 0.024562