1 0.039630 0.515802 0.014992 0.037091
0 0.496608 0.409354 0.023007 0.045757
0 0.461214 0.409593 0.023177 0.047904
0 0.522627 0.409170 0.021023 0.043452
0 0.548207 0.408506 0.021867 0.044863
0 0.624369 0.412331 0.110631 0.045602
0 0.047514 0.407771 0.023276 0.044759
0 0.310460 0.409986 0.022164 0.045199
0 0.421041 0.410460 0.038292 0.042881
0 0.159917 0.409651 0.023480 0.044600
5 0.108340 0.596957 0.045680 0.046780
0 0.019395 0.401797 0.024794 0.041956
5 0.242657 0.556872 0.083308 0.033459
5 0.066969 0.517945 0.036669 0.041212
0 0.697212 0.409703 0.022024 0.041809
0 0.242168 0.409841 0.037513 0.044387
0 0.277574 0.409446 0.026081 0.045776
0 0.343364 0.409548 0.032880 0.039938
3 0.058930 0.468729 0.054214 0.039276
1 0.039410 0.556417 0.016459 0.035621
0 0.133948 0.410453 0.023302 0.044152
5 0.238886 0.597927 0.083110 0.039722
0 0.192708 0.409432 0.035308 0.042124
0 0.018932 0.760073 0.025045 0.051165
5 0.119432 0.518508 0.019654 0.039515
0 0.380872 0.409346 0.033492 0.042999
0 0.079561 0.408901 0.024482 0.045951
5 0.241907 0.519229 0.083032 0.037524
3 0.299091 0.152497 0.123665 0.035265
1 0.040679 0.596626 0.015088 0.033409