5 0.141292 0.582587 0.029459 0.039159
5 0.150746 0.905639 0.053329 0.042505
5 0.227152 0.167357 0.216198 0.042719
5 0.232914 0.444289 0.224471 0.047574
5 0.165263 0.258365 0.090920 0.046008
5 0.137641 0.810711 0.024274 0.040510
1 0.368585 0.907083 0.013485 0.030617
0 0.291373 0.259164 0.119636 0.044602
1 0.367716 0.858531 0.013646 0.031529
3 0.203504 0.720658 0.157054 0.043205
3 0.236332 0.489358 0.218938 0.039913
3 0.203978 0.536571 0.155373 0.039688
0 0.971949 0.083481 0.047326 0.036132
5 0.166727 0.211241 0.094053 0.039974
5 0.136941 0.859866 0.022121 0.041529
5 0.368290 0.764380 0.012918 0.029120
0 0.510969 0.443971 0.022066 0.042055
0 0.934795 0.086510 0.015177 0.035159
3 0.262929 0.086242 0.076728 0.031458
3 0.324902 0.086700 0.038786 0.024991
0 0.159640 0.086510 0.116358 0.031643
0 0.052979 0.084752 0.081788 0.028127
0 0.343250 0.168323 0.018593 0.044174
0 0.393407 0.167421 0.022052 0.044174
0 0.477724 0.166520 0.021187 0.038765
0 0.414811 0.167872 0.019890 0.043273
0 0.435998 0.167872 0.020755 0.043273
0 0.456105 0.167872 0.022052 0.043273