5 0.210785 0.501924 0.099652 0.040449
5 0.428705 0.505002 0.339517 0.052456
5 0.518593 0.196104 0.212817 0.040040
0 0.348156 0.107875 0.089637 0.040840
0 0.020151 0.758994 0.023045 0.047723
0 0.257759 0.106254 0.080639 0.028729
4 0.978193 0.105802 0.042666 0.031301
2 0.761540 0.193432 0.085678 0.041208
0 0.192191 0.106670 0.029281 0.029630
3 0.122018 0.195766 0.158276 0.043272
5 0.392100 0.303872 0.407797 0.055183
0 0.020290 0.246062 0.022710 0.043578
0 0.088051 0.108498 0.156765 0.026791
5 0.172895 0.296123 0.022244 0.038937
1 0.041709 0.860044 0.016863 0.036906
1 0.042046 0.902627 0.013491 0.031228
1 0.042383 0.941662 0.015514 0.035486
1 0.063969 0.860754 0.020911 0.038325
1 0.064306 0.900498 0.020236 0.041164
1 0.063631 0.942372 0.021585 0.036906
0 0.461608 0.108209 0.117369 0.028389
0 0.556605 0.108209 0.051939 0.028389
0 0.603148 0.108209 0.023609 0.022711
0 0.683755 0.106789 0.116020 0.025550
3 0.791119 0.106080 0.081619 0.032647
3 0.859247 0.106080 0.035750 0.024131
5 0.396103 0.402729 0.391231 0.052046
5 0.180813 0.401546 0.041596 0.049681