5 0.254422 0.509357 0.033859 0.038972
5 0.531019 0.652650 0.031668 0.037852
5 0.173332 0.747989 0.039293 0.040896
5 0.203909 0.181258 0.102350 0.039364
5 0.620151 0.510644 0.088819 0.037799
5 0.196862 0.509179 0.085238 0.038374
5 0.311156 0.794716 0.317165 0.044296
5 0.588263 0.559152 0.026317 0.039597
5 0.188546 0.463746 0.070782 0.040232
5 0.596605 0.463551 0.039832 0.041566
5 0.195650 0.369140 0.086916 0.039636
5 0.555237 0.604977 0.030481 0.035358
5 0.574981 0.700792 0.068368 0.036750
0 0.894503 0.976629 0.073167 0.037676
5 0.484199 0.652104 0.063023 0.038337
5 0.496518 0.701186 0.087120 0.038869
5 0.273134 0.653546 0.065748 0.038258
5 0.495989 0.605984 0.085135 0.039418
5 0.173726 0.228238 0.040441 0.038676
0 0.313344 0.095378 0.111523 0.027095
5 0.274416 0.700677 0.069549 0.037760
5 0.187813 0.415630 0.071656 0.043425
0 0.214784 0.097101 0.067137 0.026834
5 0.419700 0.510982 0.057951 0.036825
5 0.222200 0.930106 0.132331 0.028310
5 0.195828 0.654521 0.086698 0.038443
0 0.657184 0.793981 0.024838 0.040526
0 0.078151 0.097029 0.120916 0.031357
5 0.196380 0.701346 0.087848 0.040428
0 0.160861 0.095858 0.023142 0.028227
1 0.158718 0.560252 0.015250 0.034072
0 0.959676 0.972771 0.041888 0.031286
3 0.475070 0.095981 0.041429 0.027510
0 0.411946 0.095725 0.065875 0.027617
5 0.181200 0.276858 0.059785 0.034153
1 0.313807 0.558233 0.015376 0.029721
1 0.159701 0.608155 0.016893 0.033990
5 0.244297 0.465009 0.048114 0.041525
0 0.957765 0.098289 0.050242 0.043465
5 0.485385 0.933850 0.077572 0.025887
5 0.539770 0.932232 0.031197 0.025887
5 0.308038 0.928187 0.035413 0.027505
5 0.243214 0.415870 0.041556 0.036982