0 0.034023 0.217653 0.022640 0.042384
0 0.694810 0.975270 0.063967 0.037650
0 0.596277 0.233164 0.108876 0.045944
0 0.066407 0.216716 0.023570 0.046501
0 0.099795 0.217854 0.023867 0.046074
5 0.406087 0.670450 0.145002 0.043029
0 0.761747 0.976314 0.060562 0.032587
0 0.490131 0.234280 0.105225 0.043173
0 0.186162 0.867665 0.021012 0.039033
0 0.009914 0.216583 0.019556 0.042237
0 0.712869 0.232418 0.023200 0.040789
0 0.837408 0.975336 0.072360 0.034344
0 0.210613 0.867761 0.023032 0.041335
5 0.370794 0.524833 0.079037 0.041751
5 0.854520 0.524479 0.082849 0.042934
5 0.802398 0.377824 0.293400 0.051047
0 0.420174 0.232377 0.023408 0.040115
5 0.485470 0.378926 0.311728 0.051262
0 0.667091 0.232076 0.023174 0.041850
0 0.163559 0.330723 0.023874 0.042217
0 0.964463 0.141040 0.045581 0.033827
0 0.186124 0.232730 0.023478 0.040096
0 0.210816 0.232593 0.022723 0.041374
0 0.962722 0.972223 0.048506 0.033014
0 0.396733 0.232795 0.021741 0.038926
5 0.480744 0.868386 0.039290 0.039005
5 0.307839 0.234182 0.165224 0.047052
0 0.510206 0.867878 0.021657 0.039448
0 0.905560 0.973121 0.046212 0.028914
0 0.690026 0.232476 0.021798 0.041219
0 0.780392 0.231613 0.022932 0.042998
0 0.213994 0.335639 0.033217 0.039330
0 0.903790 0.141257 0.060936 0.031465
3 0.230530 0.141611 0.038913 0.032419
1 0.233562 0.870587 0.016343 0.034053
3 0.903836 0.141226 0.059002 0.032841
3 0.162625 0.142815 0.080395 0.033038
4 0.055195 0.596923 0.107715 0.031814
4 0.074954 0.332248 0.145743 0.036699
0 0.068375 0.141415 0.089615 0.032579