0 0.472185 0.546872 0.097323 0.044334
5 0.421739 0.675011 0.042728 0.041635
5 0.175762 0.504286 0.044096 0.039133
5 0.432828 0.760836 0.068205 0.036814
0 0.959689 0.973583 0.057001 0.037166
5 0.184067 0.717795 0.062353 0.036205
0 0.047715 0.086611 0.050143 0.030161
5 0.167813 0.417590 0.025642 0.037463
5 0.212217 0.245881 0.247007 0.043372
5 0.166876 0.674674 0.025567 0.038436
0 0.226351 0.086015 0.082173 0.031478
0 0.129549 0.085128 0.098615 0.028442
0 0.495684 0.245051 0.024786 0.037914
3 0.440155 0.084635 0.032829 0.027016
0 0.392239 0.085575 0.050075 0.030185
0 0.317474 0.085156 0.086935 0.031487
5 0.103699 0.288238 0.030155 0.033913
5 0.167491 0.460538 0.026173 0.038640
5 0.164685 0.760709 0.021236 0.034233
0 0.967923 0.083181 0.040995 0.034635
1 0.160145 0.589942 0.012251 0.025876
0 0.090212 0.162524 0.099786 0.039045
0 0.470645 0.245745 0.022956 0.037286
1 0.160055 0.634913 0.013947 0.027406
0 0.471841 0.205979 0.025172 0.045476
5 0.212149 0.207465 0.248598 0.038261
1 0.160524 0.890036 0.011082 0.023720