5 0.309402 0.471096 0.131810 0.039062
5 0.260998 0.820236 0.035168 0.035752
5 0.268450 0.205925 0.048474 0.038951
0 0.967306 0.974770 0.047037 0.036380
5 0.261087 0.645247 0.035502 0.040536
5 0.477774 0.341375 0.133242 0.042838
5 0.260845 0.908443 0.034245 0.038133
5 0.456865 0.777135 0.089983 0.038378
0 0.201451 0.088965 0.087866 0.031554
5 0.257799 0.689619 0.028285 0.036701
5 0.476998 0.471531 0.131154 0.039204
5 0.447320 0.600063 0.069643 0.037398
5 0.426414 0.687407 0.030581 0.040412
5 0.451381 0.731560 0.077726 0.039226
5 0.308635 0.341253 0.134102 0.040542
5 0.261082 0.557426 0.034519 0.035705
5 0.281080 0.383097 0.075629 0.037229
5 0.429520 0.907910 0.035459 0.037710
5 0.261370 0.514915 0.035329 0.036712
0 0.448119 0.089204 0.075156 0.030943
5 0.288947 0.777396 0.089859 0.036655
0 0.079750 0.089985 0.134917 0.032406
5 0.429839 0.556517 0.036167 0.037446
5 0.429067 0.642382 0.034180 0.041050
5 0.261511 0.427754 0.035447 0.038415
5 0.450808 0.382844 0.077302 0.040012
5 0.429127 0.426985 0.035665 0.038654
0 0.969467 0.090207 0.049236 0.035831
5 0.278364 0.601795 0.069065 0.038104
5 0.430111 0.819153 0.035028 0.039895
0 0.326903 0.088908 0.146941 0.032886
5 0.429655 0.513593 0.035810 0.038449
3 0.510949 0.088866 0.038101 0.029375
5 0.280693 0.731636 0.074811 0.038478
1 0.325252 0.732474 0.015026 0.036802