5 0.238602 0.424993 0.106877 0.040996
0 0.972619 0.971922 0.054762 0.039868
5 0.775775 0.810884 0.131899 0.046763
3 0.638559 0.085452 0.093461 0.030986
5 0.204001 0.718562 0.037287 0.039823
3 0.385974 0.085359 0.091491 0.030783
5 0.238837 0.378440 0.105562 0.040810
3 0.512967 0.086527 0.123736 0.029962
5 0.226412 0.811604 0.081355 0.044476
5 0.212325 0.578999 0.053318 0.038776
0 0.025836 0.880862 0.031648 0.038929
5 0.749618 0.671887 0.081105 0.040493
5 0.749602 0.719206 0.080174 0.038811
5 0.211767 0.625384 0.053117 0.043592
3 0.982532 0.088849 0.023970 0.030903
5 0.207650 0.533697 0.044000 0.037713
5 0.223409 0.763314 0.074432 0.040133
0 0.158195 0.085561 0.078943 0.030137
0 0.057673 0.086398 0.093868 0.030739
5 0.225677 0.672411 0.080706 0.041448
5 0.728430 0.581392 0.037720 0.043445
5 0.290085 0.332240 0.210537 0.038025
0 0.056777 0.880572 0.029066 0.037018
5 0.749766 0.763148 0.079846 0.040425
0 0.257800 0.671758 0.015803 0.033414
5 0.296728 0.811062 0.048035 0.043391
0 0.017148 0.972834 0.024474 0.036570
0 0.262664 0.878339 0.017106 0.036084
3 0.268290 0.085234 0.113315 0.030125
0 0.995118 0.168762 0.009764 0.031495
0 0.072705 0.023841 0.028645 0.034115
0 0.259877 0.763386 0.012380 0.032653