1 0.046506 0.460785 0.016706 0.034118
1 0.046426 0.540094 0.015963 0.034647
1 0.046491 0.380106 0.016640 0.032694
1 0.046216 0.300221 0.016027 0.031306
0 0.938595 0.098930 0.015933 0.031519
0 0.169529 0.824232 0.024452 0.043357
1 0.046385 0.620533 0.016312 0.033218
1 0.046030 0.340735 0.016886 0.035088
1 0.045994 0.580398 0.016984 0.032924
1 0.046123 0.698036 0.015810 0.032917
1 0.045821 0.500577 0.016958 0.033246
1 0.155902 0.620779 0.015414 0.033187
1 0.046277 0.420427 0.017677 0.034104
0 0.116048 0.823944 0.022308 0.043276
1 0.155143 0.539481 0.014338 0.031646
0 0.898233 0.981743 0.072229 0.035785
1 0.045648 0.260503 0.015373 0.033641
1 0.155305 0.301662 0.014811 0.030707
1 0.046059 0.659177 0.016675 0.032785
0 0.140577 0.823938 0.023589 0.043291
1 0.155220 0.460813 0.014778 0.031618
0 0.085710 0.824859 0.023448 0.041696
0 0.736886 0.882391 0.063468 0.037619
1 0.155477 0.379579 0.014626 0.030883
1 0.155673 0.659745 0.015203 0.033170
1 0.155511 0.580107 0.015337 0.032700
0 0.039412 0.824454 0.021979 0.041706
1 0.155082 0.699628 0.015634 0.032975
0 0.193321 0.824572 0.020658 0.041707
0 0.682825 0.881088 0.031140 0.032467
0 0.256195 0.101936 0.084732 0.030643
0 0.062833 0.824728 0.022234 0.042918
0 0.977881 0.099375 0.044238 0.032703
1 0.046323 0.738175 0.017102 0.031766
0 0.468634 0.100679 0.091509 0.031644
0 0.188966 0.099369 0.031044 0.030909
0 0.331408 0.100485 0.049095 0.028741
0 0.677560 0.101561 0.051842 0.029906
0 0.389391 0.100157 0.048249 0.029540
5 0.466797 0.491659 0.085436 0.040884
5 0.465697 0.386166 0.083689 0.050619
1 0.155241 0.500000 0.014527 0.031805
0 0.583737 0.102923 0.120327 0.032099
5 0.467352 0.336199 0.082894 0.042747
0 0.573867 0.443273 0.024529 0.044776
0 0.912310 0.099385 0.016729 0.032193
1 0.154584 0.739718 0.015869 0.029852
5 0.467178 0.543089 0.086051 0.044063
5 0.466676 0.439982 0.085948 0.051599
5 0.535634 0.490824 0.054713 0.042146
5 0.535760 0.694357 0.054005 0.045483
1 0.155994 0.340779 0.014925 0.033978
5 0.467775 0.694185 0.085061 0.046415
1 0.155208 0.421425 0.015146 0.031503
0 0.726403 0.100002 0.024927 0.031043
5 0.247513 0.437280 0.014303 0.033671
5 0.247707 0.336904 0.014706 0.033122
0 0.574554 0.647965 0.025197 0.042644
3 0.767846 0.099934 0.037825 0.032053
5 0.247944 0.387299 0.014732 0.034174
5 0.536171 0.542081 0.055389 0.042047
0 0.516642 0.337108 0.018140 0.040092
5 0.247559 0.489191 0.014453 0.033038
0 0.969676 0.982838 0.058736 0.034324
5 0.247416 0.591931 0.014973 0.031709
5 0.246656 0.542928 0.016738 0.037261
5 0.467291 0.594665 0.086122 0.047533
5 0.247452 0.746283 0.016034 0.031443
1 0.155151 0.260720 0.016461 0.036336
5 0.531604 0.440268 0.048839 0.046578
0 0.085729 0.100033 0.157717 0.031405
0 0.574336 0.592149 0.023084 0.044971
0 0.072883 0.164054 0.042857 0.040742
0 0.574307 0.387645 0.023456 0.043940
4 0.315246 0.541234 0.112859 0.036624
4 0.308708 0.489634 0.102716 0.036408
4 0.307105 0.591123 0.096576 0.035692
5 0.531795 0.389679 0.049863 0.045081
4 0.312423 0.438290 0.104279 0.035839
5 0.247219 0.696122 0.015673 0.033271
0 0.207518 0.825211 0.012448 0.041333
5 0.246983 0.646452 0.015143 0.035181
0 0.776851 0.198591 0.018574 0.036416
4 0.285844 0.695499 0.054055 0.034689
4 0.285927 0.643674 0.054221 0.037712
4 0.307940 0.750467 0.098248 0.019885
5 0.248552 0.289284 0.014664 0.033652