5 0.232107 0.357363 0.036224 0.043203
3 0.302316 0.103185 0.143801 0.035152
5 0.198516 0.482046 0.038011 0.045115
3 0.441715 0.103139 0.106215 0.035226
0 0.962941 0.974226 0.071906 0.045155
5 0.713281 0.480965 0.036460 0.045153
0 0.985220 0.642955 0.020660 0.044107
0 0.025054 0.873090 0.032641 0.041943
1 0.011218 0.749746 0.016748 0.036923
3 0.969550 0.105429 0.031817 0.042064
0 0.058632 0.872957 0.032187 0.040481
5 0.243784 0.482250 0.051796 0.045759
0 0.020204 0.930578 0.017388 0.032604
0 0.169660 0.102946 0.087359 0.032791
1 0.011251 0.789566 0.017691 0.035353
0 0.016348 0.975625 0.025736 0.038898
0 0.059683 0.102355 0.099916 0.032449
1 0.010292 0.703064 0.018661 0.038941
1 0.186970 0.535214 0.012045 0.029225