5 0.175071 0.352852 0.037624 0.040608
0 0.111587 0.762426 0.148000 0.045022
5 0.201460 0.582180 0.091022 0.038248
5 0.147501 0.173332 0.064569 0.038018
0 0.902193 0.978274 0.066651 0.039598
5 0.181945 0.218975 0.134777 0.043975
0 0.970586 0.979975 0.058153 0.033289
5 0.202905 0.671481 0.092888 0.043127
5 0.201905 0.491468 0.090842 0.038489
0 0.975681 0.093461 0.047293 0.032383
1 0.286556 0.692811 0.014687 0.031393
5 0.203296 0.625590 0.093711 0.043112
0 0.046053 0.092915 0.084979 0.030571
0 0.111006 0.716229 0.147740 0.043508
0 0.128283 0.093511 0.062085 0.028340
1 0.286466 0.646834 0.014469 0.029826
4 0.618042 0.328493 0.085775 0.030059
4 0.622685 0.420665 0.093712 0.030669
3 0.186435 0.092421 0.034653 0.028247
4 0.622611 0.375515 0.092215 0.029914
1 0.286365 0.738808 0.015255 0.029738
4 0.338072 0.420916 0.085204 0.028219
4 0.338898 0.465706 0.089459 0.027696
4 0.625304 0.282753 0.143408 0.037431
0 0.736756 0.113976 0.019988 0.041314
5 0.285618 0.465488 0.013295 0.027509
5 0.285270 0.326021 0.016048 0.022508
4 0.326220 0.375318 0.060635 0.029750
4 0.335552 0.327618 0.075264 0.029600
1 0.286454 0.602151 0.015360 0.031350
0 0.694838 0.950680 0.015789 0.030640
5 0.167044 0.538122 0.020767 0.036490
5 0.286065 0.376171 0.014211 0.026592
5 0.285779 0.418683 0.013491 0.025996
5 0.565374 0.329978 0.012816 0.030100
5 0.566048 0.375129 0.012816 0.027364
5 0.565037 0.416859 0.013491 0.025996