5 0.490743 0.671918 0.079306 0.038325
5 0.197401 0.671222 0.078430 0.038844
5 0.197712 0.261649 0.092415 0.039156
5 0.198860 0.626906 0.079352 0.038185
5 0.166857 0.216141 0.028559 0.038582
5 0.466747 0.898507 0.029960 0.038357
5 0.466371 0.807753 0.029823 0.037859
5 0.466699 0.853171 0.029612 0.037277
5 0.191062 0.307771 0.077275 0.040612
0 0.902046 0.979155 0.066286 0.038846
0 0.315446 0.306765 0.129898 0.043423
0 0.470829 0.170209 0.021243 0.038204
0 0.976058 0.090549 0.047699 0.036492
0 0.032982 0.091217 0.053360 0.030981
0 0.106340 0.090811 0.078868 0.029591
0 0.428203 0.170269 0.020075 0.037834
0 0.053565 0.401121 0.054122 0.035415
0 0.449213 0.170245 0.019490 0.036012
0 0.406802 0.170771 0.020221 0.037123
0 0.969996 0.978285 0.060008 0.037475
5 0.218289 0.171186 0.135129 0.039292
3 0.233107 0.535382 0.148283 0.039417
3 0.232689 0.580387 0.148301 0.038951
3 0.286308 0.090972 0.075872 0.029911
5 0.301357 0.490552 0.284685 0.042277
0 0.197111 0.091095 0.083982 0.029319
0 0.385967 0.170241 0.020338 0.038117
3 0.352012 0.090843 0.035089 0.029163
5 0.018110 0.899531 0.013477 0.026848
1 0.460833 0.627076 0.015541 0.033283
5 0.232932 0.218747 0.098861 0.037362
5 0.017780 0.854112 0.013686 0.028610