5 0.231090 0.351993 0.036871 0.042735
3 0.439505 0.097540 0.107263 0.035981
5 0.712593 0.476231 0.037631 0.042395
5 0.196585 0.477275 0.036781 0.041031
0 0.962599 0.968259 0.072235 0.047931
0 0.058281 0.097577 0.102423 0.033914
0 0.022965 0.865299 0.030501 0.039909
3 0.970663 0.096896 0.033521 0.039825
0 0.984665 0.638899 0.019234 0.042257
0 0.014053 0.968843 0.028106 0.039464
3 0.300348 0.098549 0.144497 0.034155
0 0.056759 0.864980 0.033078 0.041752
5 0.243414 0.480177 0.054756 0.046833
1 0.009706 0.780712 0.017163 0.035034
0 0.167537 0.097131 0.087303 0.032482
1 0.009866 0.741348 0.017072 0.035132
1 0.185420 0.527486 0.015071 0.031426
1 0.009138 0.699678 0.017406 0.034156