0 0.407059 0.933495 0.022242 0.037809
0 0.276059 0.933242 0.021737 0.037678
0 0.382890 0.932845 0.023096 0.038233
0 0.299855 0.932303 0.023552 0.038344
0 0.429615 0.933371 0.021777 0.037056
5 0.773940 0.447304 0.087207 0.039894
0 0.066894 0.093424 0.086057 0.031918
5 0.781921 0.541685 0.100129 0.042536
5 0.452656 0.494213 0.150953 0.043769
0 0.252497 0.933719 0.022673 0.038279
5 0.421579 0.542395 0.085603 0.042840
5 0.781078 0.493813 0.100733 0.042006
1 0.258889 0.863528 0.016187 0.031516
1 0.259126 0.825877 0.015849 0.030760
0 0.197441 0.092891 0.157785 0.033838
1 0.258642 0.786811 0.016060 0.030934
0 0.134702 0.172166 0.023550 0.045017
5 0.536519 0.544492 0.086728 0.039616
0 0.293818 0.350362 0.057353 0.037000
0 0.337615 0.092197 0.106548 0.032173
1 0.368159 0.826110 0.016226 0.030640
1 0.367820 0.863692 0.016740 0.030768
4 0.101301 0.554411 0.104931 0.029088
3 0.443370 0.093134 0.085051 0.032844
1 0.367926 0.787445 0.016616 0.031842
0 0.009444 0.172312 0.018887 0.041976
5 0.955220 0.931529 0.048024 0.038495
4 0.100856 0.476248 0.106123 0.028093
4 0.573384 0.344277 0.066641 0.026920
0 0.954392 0.092675 0.051743 0.033864
4 0.100714 0.592019 0.104244 0.028236
3 0.512100 0.095078 0.041059 0.038190
3 0.446090 0.290365 0.162837 0.053506
4 0.100733 0.360997 0.103775 0.027432
4 0.100375 0.437671 0.104644 0.027688
4 0.101743 0.514407 0.103841 0.028780
5 0.111705 0.822809 0.221908 0.044887
4 0.573588 0.395496 0.066730 0.028681
3 0.052717 0.172481 0.019130 0.043442
5 0.111349 0.744128 0.221683 0.043069
5 0.111128 0.783468 0.221190 0.043391
3 0.444805 0.143555 0.160401 0.047551
4 0.101643 0.399125 0.106308 0.028369
0 0.720385 0.446372 0.016785 0.032834
4 0.100204 0.630588 0.104313 0.029880
3 0.445728 0.439091 0.163168 0.047598
5 0.111096 0.861127 0.222190 0.043550
1 0.861651 0.151761 0.016150 0.030952
0 0.424394 0.933536 0.018197 0.037524
3 0.445563 0.190286 0.163891 0.042885
4 0.755802 0.305510 0.109665 0.028798
5 0.111567 0.707693 0.222185 0.041396
1 0.720854 0.497474 0.015376 0.029941
5 0.111095 0.896700 0.222190 0.035129
3 0.445375 0.394043 0.162462 0.043021
0 0.721405 0.544459 0.015185 0.027116
4 0.101628 0.322359 0.107674 0.027102
3 0.103325 0.172004 0.018195 0.044890
0 0.033952 0.172918 0.018887 0.044315
0 0.084465 0.173397 0.019526 0.044174
3 0.446617 0.237383 0.162837 0.048260
3 0.444772 0.344920 0.163364 0.053506
4 0.615845 0.149363 0.148795 0.031597
4 0.595510 0.201696 0.110108 0.033572
4 0.601462 0.248599 0.118044 0.040484
4 0.560295 0.296489 0.041663 0.033572
4 0.565503 0.494467 0.046126 0.036535
4 0.761274 0.255304 0.123197 0.040100
4 0.749797 0.351358 0.092749 0.032640
4 0.815065 0.406846 0.223909 0.031707