0 0.9303962460896767 0.014763779527559055 0.01251303441084463 0.024606299212598427
0 0.9457768508863399 0.014763779527559055 0.01251303441084463 0.025590551181102362
0 0.9601147028154328 0.015748031496062992 0.013555787278415016 0.025590551181102362
0 0.12747653806047968 0.18208661417322836 0.08915537017726799 0.025590551181102362
0 0.23774765380604795 0.1815944881889764 0.10792492179353493 0.0265748031496063
0 0.022419186652763295 0.1830708661417323 0.018769551616266946 0.027559055118110236
0 0.040145985401459854 0.18208661417322836 0.013034410844629822 0.02952755905511811
0 0.056308654848800835 0.1815944881889764 0.014077163712200209 0.031496062992125984
0 0.07247132429614181 0.18110236220472442 0.014077163712200209 0.03248031496062992
5 0.16579770594369134 0.2672244094488189 0.07768508863399375 0.03346456692913386
5 0.16579770594369134 0.3016732283464567 0.07768508863399375 0.03051181102362205
5 0.3691345151199166 0.2677165354330709 0.035453597497393116 0.031496062992125984
5 0.3907716371220021 0.29822834645669294 0.07507820646506778 0.02952755905511811
5 0.5659541188738269 0.26673228346456695 0.03597497393117831 0.03346456692913386
5 0.5589155370177268 0.3001968503937008 0.02137643378519291 0.03346456692913386
0 0.5430135557872784 0.3346456692913386 0.013555787278415016 0.028543307086614175
0 0.5218978102189781 0.9040354330708661 0.016684045881126174 0.031496062992125984
0 0.5401459854014599 0.9040354330708661 0.017726798748696558 0.031496062992125984
5 0.18925964546402502 0.3799212598425197 0.022419186652763295 0.03051181102362205
5 0.26746611053180397 0.4138779527559055 0.17831074035453598 0.03346456692913386
5 0.19577685088633995 0.44734251968503935 0.034932221063607924 0.031496062992125984
5 0.21611053180396247 0.48179133858267714 0.07507820646506778 0.031496062992125984
5 0.23696558915537017 0.5142716535433071 0.11678832116788321 0.0344488188976378
5 0.41631908237747656 0.4468503937007874 0.17831074035453598 0.03346456692913386
5 0.4397810218978102 0.5137795275590551 0.07612095933263817 0.0344488188976378
5 0.44004171011470283 0.546751968503937 0.07559958289885298 0.03543307086614173
5 0.1996871741397289 0.5807086614173228 0.04275286757038582 0.0344488188976378
5 0.1999478623566215 0.6146653543307087 0.043274244004171014 0.03248031496062992
5 0.2505213764337852 0.6486220472440944 0.14442127215849843 0.0344488188976378
5 0.22367049009384776 0.6811023622047244 0.09176225234619395 0.03346456692913386
5 0.21611053180396247 0.7150590551181102 0.07612095933263817 0.03248031496062992
5 0.25 0.7485236220472441 0.14337851929092804 0.03543307086614173
5 0.21663190823774767 0.78248031496063 0.07664233576642336 0.031496062992125984
5 0.19603753910323254 0.8144685039370079 0.0364963503649635 0.03248031496062992
5 0.2505213764337852 0.8494094488188977 0.14442127215849843 0.03248031496062992
5 0.4131908237747654 0.5802165354330708 0.02137643378519291 0.031496062992125984
5 0.4533368091762252 0.5812007874015748 0.03597497393117831 0.03346456692913386
5 0.4408237747653806 0.6476377952755905 0.07612095933263817 0.03543307086614173
5 0.4470802919708029 0.6811023622047244 0.08967674661105318 0.0344488188976378
5 0.4330031282586027 0.7155511811023622 0.06360792492179354 0.03543307086614173
5 0.4397810218978102 0.781496062992126 0.07820646506777894 0.03641732283464567
5 0.47367049009384776 0.8484251968503937 0.1470281543274244 0.0344488188976378