0 0.918421 0.966052 0.034848 0.035241
0 0.492959 0.526109 0.055472 0.030944
0 0.958979 0.963172 0.033603 0.028023
0 0.555753 0.526983 0.055028 0.030973
3 0.524193 0.489001 0.119923 0.030649
4 0.044590 0.294868 0.030087 0.021775
4 0.054281 0.355434 0.042549 0.022918
4 0.053763 0.383957 0.042378 0.024498
4 0.046117 0.257118 0.035734 0.025809
4 0.050086 0.325851 0.031565 0.023459
4 0.046249 0.413056 0.023892 0.023250
4 0.048842 0.441929 0.030806 0.022238
0 0.948664 0.101187 0.020238 0.030974
4 0.061544 0.218980 0.057076 0.022800
3 0.289488 0.489578 0.338156 0.031803
4 0.059141 0.159631 0.050541 0.024249
0 0.579488 0.095408 0.012815 0.024471
0 0.942061 0.274603 0.020909 0.031495
5 0.523115 0.058714 0.127579 0.026285
4 0.050359 0.188786 0.032977 0.021213
0 0.556829 0.095735 0.013902 0.025245
1 0.114080 0.133091 0.009945 0.019263
4 0.049574 0.132811 0.029677 0.019263
0 0.994284 0.966155 0.011432 0.028934
4 0.906370 0.276379 0.044665 0.024718
1 0.117684 0.167428 0.009945 0.019263
4 0.172814 0.167847 0.074372 0.020100
0 0.584526 0.017655 0.012539 0.021775
0 0.958548 0.026867 0.013404 0.028475
0 0.930226 0.026867 0.014701 0.028475
0 0.903850 0.026867 0.015566 0.028475
0 0.875312 0.026030 0.018161 0.026800