5 0.378652 0.348529 0.213465 0.032151
5 0.611047 0.349403 0.213545 0.031300
5 0.610298 0.421018 0.213623 0.029096
0 0.918398 0.962983 0.034667 0.029852
0 0.023927 0.966228 0.030477 0.026150
5 0.369478 0.419995 0.195611 0.032243
5 0.842384 0.349083 0.212523 0.033258
0 0.958621 0.962916 0.030972 0.025894
5 0.369250 0.492082 0.196067 0.033578
5 0.842945 0.492057 0.213646 0.033528
5 0.147157 0.348408 0.211183 0.031908
5 0.146416 0.492548 0.214965 0.031913
5 0.146088 0.420177 0.213322 0.032608
5 0.843369 0.564740 0.213152 0.036056
5 0.843816 0.421056 0.211364 0.031769
0 0.071086 0.741598 0.042485 0.033630
0 0.948926 0.097471 0.019935 0.036692
0 0.369844 0.184748 0.090544 0.039610
0 0.476514 0.490290 0.015963 0.030643
0 0.476272 0.419227 0.016445 0.031623
0 0.993095 0.077525 0.013810 0.027150
0 0.870110 0.963206 0.051907 0.027804
0 0.040225 0.024052 0.014749 0.037657
0 0.069053 0.183123 0.087155 0.028568
0 0.139448 0.183123 0.032180 0.025971
0 0.192076 0.183772 0.056986 0.032463
0 0.269174 0.182473 0.082462 0.040255
0 0.445160 0.185070 0.032180 0.040255
0 0.499128 0.183123 0.056986 0.044150
0 0.576562 0.185070 0.079110 0.040255
0 0.129056 0.740843 0.046259 0.029866
0 0.252414 0.739544 0.042237 0.032463
0 0.195763 0.743440 0.060338 0.029866
0 0.308058 0.738895 0.051622 0.031165
0 0.359346 0.742141 0.026817 0.032463
0 0.394543 0.741492 0.028828 0.033762
0 0.448176 0.740843 0.056986 0.029866
0 0.513543 0.740843 0.057656 0.037657
0 0.582261 0.740194 0.062349 0.023374
0 0.657683 0.743440 0.072405 0.032463
0 0.753218 0.742141 0.091848 0.032463
0 0.848753 0.743440 0.084473 0.035060
0 0.919147 0.740843 0.045589 0.029866
0 0.949651 0.738246 0.008715 0.042852