5 0.091920 0.263027 0.121681 0.032195
5 0.090758 0.191743 0.123409 0.030425
0 0.938537 0.260704 0.022741 0.031629
3 0.887686 0.190971 0.122983 0.028881
0 0.801803 0.935322 0.035373 0.021856
0 0.878667 0.259922 0.054719 0.025985
0 0.723832 0.936127 0.023055 0.029588
0 0.934296 0.347937 0.020720 0.030608
0 0.758225 0.936895 0.032163 0.020921
3 0.580489 0.175444 0.256005 0.032516
3 0.067259 0.082891 0.081814 0.030580
0 0.949093 0.078787 0.016144 0.027060
0 0.876154 0.345688 0.031476 0.026110
0 0.256577 0.105383 0.164259 0.031151
0 0.133270 0.568409 0.020017 0.030792
4 0.230546 0.944673 0.079954 0.025941
4 0.229545 0.906009 0.077592 0.026198
0 0.909732 0.345361 0.014712 0.025558
5 0.030571 0.565098 0.012654 0.025123
0 0.913028 0.260073 0.011971 0.024246
5 0.030397 0.454748 0.012709 0.024732
4 0.229559 0.866662 0.078222 0.025630
5 0.030812 0.676446 0.013504 0.025540
5 0.030501 0.896735 0.012826 0.025570
0 0.581701 0.106147 0.165161 0.030639
5 0.030503 0.786463 0.013452 0.026611
4 0.233653 0.828163 0.086058 0.025246
4 0.222865 0.672636 0.063505 0.023821
4 0.234083 0.789605 0.086963 0.026096
4 0.234756 0.711697 0.087000 0.026785
0 0.743527 0.107407 0.163809 0.031118
3 0.954084 0.347569 0.018717 0.029872
0 0.838390 0.345699 0.024863 0.024957
4 0.231591 0.594621 0.080945 0.024572
4 0.223941 0.246326 0.066956 0.023438
0 0.729036 0.172479 0.014176 0.026586
4 0.231780 0.634231 0.082006 0.027395
0 0.994223 0.077847 0.011456 0.024739
4 0.215671 0.517166 0.048213 0.023872
4 0.222000 0.983183 0.061934 0.027080
4 0.216878 0.322450 0.051579 0.024577
4 0.212939 0.750502 0.044581 0.023276
4 0.217446 0.283940 0.051887 0.025837
4 0.231381 0.556292 0.080483 0.024802
4 0.211188 0.362268 0.039366 0.023726
0 0.956078 0.787799 0.011569 0.026283
4 0.231170 0.400874 0.079967 0.026709
0 0.956985 0.676581 0.012915 0.026298
4 0.231360 0.439303 0.080524 0.026876
0 0.419037 0.105622 0.161715 0.029588
0 0.372155 0.144902 0.000527 0.000000
4 0.218605 0.482104 0.060051 0.027547
5 0.302623 0.175000 0.237568 0.029588
3 0.431153 0.175511 0.021597 0.032649
0 0.748525 0.173980 0.015803 0.025507
0 0.955805 0.455066 0.014223 0.026527
0 0.956068 0.563726 0.012642 0.023466
0 0.956068 0.897356 0.012642 0.029588