0 0.896699 0.098313 0.037774 0.041483
0 0.883301 0.223136 0.026785 0.040821
0 0.914099 0.222769 0.027100 0.042808
0 0.118696 0.371421 0.155921 0.040831
0 0.940719 0.094354 0.036389 0.037405
0 0.209798 0.634474 0.021128 0.033585
0 0.874472 0.025703 0.017462 0.029447
0 0.847069 0.026110 0.017116 0.028309
1 0.245177 0.404091 0.017337 0.033264
0 0.961184 0.024818 0.021868 0.036349
0 0.929870 0.025224 0.016419 0.028110
0 0.902011 0.025181 0.015643 0.027526
1 0.244893 0.726395 0.017259 0.032927
1 0.244993 0.661832 0.017306 0.033452
1 0.244930 0.469094 0.017407 0.032679
1 0.244865 0.790477 0.017356 0.032926
1 0.244839 0.532994 0.017830 0.033769
1 0.245325 0.597346 0.017850 0.032620
1 0.245105 0.854898 0.016341 0.031069
5 0.108177 0.221236 0.132073 0.045183
1 0.245179 0.282165 0.016712 0.030796
1 0.245162 0.339891 0.017595 0.033423
3 0.836517 0.223913 0.054071 0.042375
0 0.184882 0.219910 0.025316 0.045252
0 0.033016 0.023691 0.013865 0.028723
0 0.162437 0.290309 0.032615 0.025004
0 0.188435 0.292880 0.011833 0.022347