5 0.504295 0.589439 0.068974 0.032769
5 0.196946 0.589503 0.067673 0.029537
5 0.197163 0.628246 0.068107 0.029722
0 0.359244 0.232556 0.017819 0.029971
0 0.062095 0.282136 0.018444 0.033261
0 0.194198 0.282150 0.020749 0.035616
3 0.315053 0.233494 0.018105 0.028917
0 0.339764 0.233483 0.018932 0.028894
5 0.504512 0.628447 0.067673 0.028444
3 0.158649 0.234684 0.257545 0.031297
0 0.145360 0.282318 0.019351 0.034548
5 0.185016 0.667264 0.042946 0.030457
0 0.296515 0.232954 0.017955 0.030765
0 0.243280 0.282505 0.019663 0.034958
0 0.083365 0.281745 0.018982 0.033736
0 0.313019 0.079185 0.073327 0.027287
0 0.338968 0.282034 0.018747 0.034284
0 0.166824 0.282209 0.019463 0.034574
0 0.495305 0.079457 0.074668 0.027751
0 0.270549 0.282080 0.019886 0.035546
5 0.240977 0.706757 0.156602 0.030461
0 0.040411 0.281643 0.018564 0.033684
3 0.630426 0.078846 0.037158 0.026780
0 0.110286 0.282531 0.018143 0.034181
0 0.065333 0.079995 0.098915 0.028521
0 0.297461 0.282595 0.017675 0.034264
0 0.378385 0.232383 0.019379 0.031090
0 0.907218 0.965441 0.027086 0.028568
0 0.221770 0.282340 0.018904 0.035358
0 0.571167 0.079400 0.055392 0.028171
5 0.178272 0.550368 0.031274 0.030248
0 0.425371 0.079623 0.036918 0.025587
0 0.484593 0.467048 0.018293 0.028292
0 0.144857 0.079348 0.031724 0.026082
0 0.378124 0.079450 0.030618 0.024964
5 0.331917 0.371140 0.056467 0.030251
0 0.219233 0.079608 0.089031 0.027982
1 0.038033 0.370169 0.012931 0.024781
5 0.366563 0.551256 0.343571 0.030343
1 0.504378 0.370678 0.014154 0.025339
1 0.504831 0.400548 0.016940 0.025560
0 0.019880 0.232662 0.018393 0.028718
5 0.240775 0.372496 0.026214 0.030033
5 0.238264 0.149974 0.193618 0.031038
0 0.938909 0.963650 0.025146 0.024858
0 0.020269 0.464417 0.017774 0.030905
1 0.432372 0.370337 0.013059 0.024920
5 0.291582 0.370665 0.024960 0.029300
3 0.503565 0.466901 0.018290 0.027998
5 0.193779 0.373595 0.069220 0.032230
5 0.388217 0.371741 0.057615 0.028522
0 0.345044 0.150000 0.018763 0.031088
5 0.266296 0.372862 0.025822 0.030765
5 0.332001 0.400529 0.055878 0.030318
0 0.970254 0.079712 0.023062 0.028544
0 0.975340 0.963619 0.034693 0.026131
5 0.469978 0.372862 0.045269 0.032230
5 0.240905 0.401796 0.024204 0.028568
3 0.252250 0.467178 0.445503 0.029656
5 0.193526 0.403261 0.069841 0.028568
0 0.063122 0.505857 0.028031 0.028345
5 0.266187 0.403261 0.026193 0.028568
3 0.125886 0.283769 0.014818 0.031310
1 0.431882 0.400909 0.013473 0.024510
5 0.470202 0.401930 0.045651 0.025906
3 0.313374 0.283548 0.016147 0.032334
1 0.038019 0.400367 0.013451 0.023149
0 0.116855 0.504474 0.048430 0.027051
0 0.054876 0.190751 0.062034 0.033609
0 0.121248 0.191171 0.045549 0.032769
0 0.162676 0.191591 0.022558 0.026887
0 0.207574 0.190751 0.038608 0.025207
0 0.262884 0.190751 0.047718 0.028568
0 0.343788 0.190751 0.088062 0.028568
0 0.428596 0.190331 0.052924 0.026047
0 0.486943 0.186129 0.043814 0.026047
0 0.546807 0.188230 0.052490 0.021846
0 0.179160 0.507096 0.052056 0.036130
5 0.388586 0.401064 0.055593 0.031498
5 0.291771 0.402162 0.024582 0.032230