3 0.476176 0.538477 0.223545 0.040081
3 0.342381 0.165619 0.225472 0.038212
5 0.255483 0.414125 0.166371 0.038247
3 0.310764 0.924930 0.073340 0.035312
5 0.260473 0.289448 0.175657 0.037702
5 0.255199 0.538693 0.165583 0.037847
5 0.226462 0.331385 0.109468 0.037341
5 0.552903 0.331500 0.165967 0.037598
3 0.310512 0.891038 0.073759 0.032895
3 0.885836 0.091192 0.063267 0.029384
3 0.098444 0.089863 0.163998 0.036620
1 0.054257 0.890441 0.035029 0.031411
3 0.311184 0.824554 0.074667 0.034132
3 0.310536 0.857726 0.074199 0.033464
0 0.660924 0.091816 0.058814 0.027393
5 0.806871 0.166185 0.310557 0.038898
5 0.494396 0.858739 0.295073 0.035824
5 0.226536 0.372563 0.108827 0.036722
0 0.237626 0.091617 0.079668 0.029144
5 0.323156 0.455505 0.300609 0.039019
0 0.050450 0.209740 0.080402 0.033455
5 0.123191 0.824927 0.102559 0.035366
0 0.474822 0.092074 0.061857 0.029937
0 0.360729 0.091932 0.131683 0.030765
5 0.122186 0.890842 0.103831 0.034408
0 0.775290 0.092069 0.122643 0.029819
0 0.568396 0.091012 0.089293 0.028985
5 0.691648 0.891297 0.104804 0.034942
5 0.802946 0.924950 0.123646 0.037015
5 0.121765 0.925015 0.104436 0.035868
5 0.494078 0.891441 0.294222 0.035064
5 0.691471 0.925048 0.103758 0.036364
5 0.947678 0.891142 0.103889 0.035042
5 0.803545 0.824922 0.121940 0.035787
5 0.122666 0.857862 0.104124 0.035697
5 0.495087 0.925981 0.296039 0.037551
5 0.947159 0.825087 0.102912 0.035228
5 0.803025 0.891382 0.123235 0.035411
5 0.947441 0.925180 0.103684 0.036574
5 0.494357 0.825386 0.295106 0.036250
5 0.880025 0.891082 0.036717 0.034423
5 0.947495 0.858244 0.104160 0.035259
5 0.480985 0.289923 0.024373 0.037224
5 0.691614 0.858022 0.104523 0.035543
5 0.691418 0.824887 0.103953 0.035304
1 0.054133 0.857070 0.034892 0.031172
1 0.054434 0.924364 0.035403 0.031888
5 0.803009 0.858065 0.122398 0.035865
5 0.879843 0.925067 0.036511 0.035490
1 0.024099 0.924632 0.020417 0.025944
5 0.879793 0.824210 0.036888 0.034004
0 0.152461 0.208482 0.074238 0.030783
1 0.024114 0.891229 0.019316 0.025830
5 0.879861 0.857617 0.036678 0.033958
1 0.054210 0.824762 0.034578 0.030739
1 0.024151 0.858232 0.019302 0.025933
5 0.392475 0.579783 0.438885 0.039293
5 0.557951 0.455342 0.062236 0.038971
1 0.024159 0.825316 0.019367 0.025397
1 0.374476 0.497067 0.018147 0.022491
0 0.023465 0.784671 0.019449 0.028179
5 0.223821 0.857829 0.103880 0.035371
5 0.224136 0.824663 0.104034 0.034682
5 0.223395 0.890779 0.102500 0.034241
0 0.558129 0.455553 0.061842 0.039041
5 0.223263 0.924402 0.102876 0.036151
0 0.719419 0.093865 0.020235 0.027208
0 0.241268 0.209473 0.058210 0.031242