5 0.559952 0.591555 0.164310 0.043361
5 0.486037 0.247482 0.203753 0.042679
5 0.505470 0.542848 0.054482 0.042164
5 0.497335 0.393984 0.039914 0.041238
5 0.497903 0.443117 0.038483 0.040025
5 0.360640 0.295984 0.047040 0.042609
0 0.239392 0.158474 0.088471 0.034062
5 0.278174 0.981138 0.038916 0.037037
5 0.278322 0.492205 0.039196 0.040320
3 0.080353 0.157700 0.131016 0.041052
5 0.266932 0.787643 0.016431 0.041433
5 0.278447 0.836763 0.039462 0.041826
5 0.285842 0.443296 0.054236 0.040481
5 0.489255 0.492837 0.023782 0.039989
1 0.320981 0.886381 0.012972 0.025277
1 0.321246 0.984635 0.013501 0.024462
1 0.266700 0.591654 0.013217 0.024924
5 0.271256 0.934032 0.023349 0.040671
5 0.153685 0.247265 0.039626 0.042627
5 0.278945 0.885957 0.039593 0.040737
1 0.266928 0.641073 0.012761 0.024065
3 0.429565 0.158740 0.050951 0.032466
5 0.575871 0.295924 0.023076 0.041131
0 0.378475 0.160488 0.018906 0.033158
0 0.170069 0.158887 0.019418 0.030766
1 0.320981 0.934896 0.012107 0.024462
1 0.266928 0.543094 0.012761 0.024065
0 0.306227 0.394489 0.018541 0.040845
5 0.149626 0.296154 0.031508 0.041275
4 0.436590 0.933635 0.213299 0.039588
4 0.183232 0.638712 0.146609 0.033933
0 0.307351 0.159246 0.015371 0.031108
1 0.320765 0.837457 0.012539 0.023646
0 0.343012 0.159636 0.015305 0.030344
5 0.277111 0.393681 0.037501 0.041171
4 0.075858 0.733106 0.138113 0.035892
4 0.389435 0.982941 0.114341 0.034118
1 0.321197 0.788126 0.011675 0.022831
4 0.176555 0.934952 0.161036 0.031902
4 0.400126 0.884434 0.138054 0.032223
4 0.179776 0.589313 0.155265 0.034102
4 0.386454 0.835237 0.110247 0.032857
4 0.193330 0.983494 0.127054 0.033012
4 0.203313 0.836498 0.104917 0.034173
4 0.201257 0.886006 0.108157 0.033400
4 0.171692 0.787322 0.169425 0.035351
4 0.413466 0.786085 0.167987 0.037316
4 0.201815 0.491989 0.105494 0.032043
4 0.208575 0.539869 0.097131 0.030887
0 0.019896 0.023207 0.019970 0.025942
0 0.069155 0.024881 0.061685 0.030963
0 0.124183 0.024044 0.026183 0.027616
0 0.163013 0.024463 0.029289 0.028453
0 0.211532 0.025299 0.045265 0.031800
0 0.266560 0.023207 0.044377 0.030963
0 0.334310 0.022789 0.071891 0.031800
0 0.402429 0.023207 0.043046 0.032637
0 0.449469 0.024463 0.033283 0.030126
0 0.025439 0.083766 0.015999 0.033431
4 0.215882 0.395123 0.074746 0.028362
4 0.227732 0.446261 0.051046 0.027503