3 0.112283 0.092171 0.146495 0.044028
0 0.258966 0.210177 0.021750 0.030531
0 0.315079 0.211866 0.019686 0.036544
0 0.286050 0.211682 0.018254 0.035450
0 0.283272 0.095535 0.019963 0.036898
0 0.200756 0.212493 0.021467 0.036359
0 0.257582 0.095381 0.020293 0.036130
0 0.166297 0.028471 0.030632 0.026978
0 0.229021 0.212620 0.018686 0.035529
0 0.224675 0.095122 0.021879 0.040284
4 0.367441 0.944429 0.156903 0.032006
0 0.222978 0.027444 0.055212 0.025508
0 0.123522 0.027243 0.026601 0.026885
4 0.357016 0.983935 0.138353 0.030784
0 0.309042 0.095580 0.019794 0.037472
4 0.366121 0.905521 0.154131 0.031802
0 0.346819 0.028341 0.046878 0.029001
0 0.020299 0.095663 0.021387 0.037813
0 0.288918 0.026448 0.046293 0.027499
4 0.364622 0.788199 0.151321 0.031019
0 0.049696 0.024980 0.090112 0.033009
0 0.561155 0.097181 0.024820 0.042062
4 0.366566 0.866582 0.154820 0.031610
0 0.200354 0.094341 0.022531 0.039986
4 0.366729 0.749218 0.155308 0.030702
0 0.344253 0.210946 0.020789 0.037330
0 0.052538 0.212084 0.020196 0.036500
4 0.367294 0.709446 0.155322 0.030465
4 0.359145 0.827067 0.136608 0.030126
4 0.365993 0.670591 0.153939 0.031088
0 0.398086 0.029183 0.032322 0.034366
0 0.618715 0.097474 0.021079 0.040534
0 0.594123 0.095711 0.022485 0.037009
0 0.535569 0.097914 0.023421 0.046702
0 0.501842 0.096593 0.021548 0.042296
0 0.477016 0.098796 0.021548 0.041415
0 0.451018 0.097033 0.022016 0.043177
0 0.426660 0.095711 0.020142 0.044059
0 0.341172 0.093068 0.022485 0.045821
4 0.073330 0.306281 0.058766 0.024993
4 0.137207 0.335119 0.165057 0.032683
4 0.136696 0.366361 0.165057 0.029800
4 0.367001 0.357530 0.152658 0.026713
4 0.338378 0.394679 0.097186 0.024209
4 0.363673 0.432662 0.149552 0.026713
4 0.350359 0.473149 0.119375 0.027548
4 0.349472 0.511967 0.119375 0.030053
4 0.354132 0.552872 0.126919 0.030053
4 0.367445 0.591273 0.153546 0.033392
4 0.366779 0.630091 0.153990 0.027548
0 0.022806 0.209021 0.024091 0.039879
0 0.367703 0.094821 0.023609 0.048943
0 0.392998 0.095727 0.021200 0.041692