5 0.240089 0.358050 0.113455 0.039996
5 0.206429 0.399988 0.042159 0.038724
3 0.112130 0.092751 0.143198 0.044224
0 0.283200 0.096186 0.020737 0.039395
0 0.257560 0.095891 0.021645 0.038692
0 0.256391 0.027129 0.075732 0.027444
0 0.225038 0.095671 0.021648 0.041555
0 0.185474 0.027182 0.039100 0.025895
0 0.426595 0.096291 0.023080 0.041054
0 0.452045 0.096920 0.022929 0.040869
0 0.331998 0.027408 0.051482 0.026122
0 0.309067 0.096191 0.020966 0.039709
5 0.206195 0.441609 0.041739 0.039984
0 0.561070 0.097250 0.025507 0.043715
0 0.341794 0.097060 0.022404 0.040735
0 0.393418 0.027485 0.044919 0.025952
0 0.135057 0.026948 0.030821 0.025698
0 0.535358 0.097554 0.024794 0.042781
0 0.092328 0.026904 0.026521 0.027505
0 0.477926 0.097884 0.021526 0.040868
0 0.020299 0.095796 0.021516 0.039185
0 0.200660 0.094630 0.022041 0.040933
0 0.034171 0.024186 0.060058 0.032314
0 0.502415 0.098208 0.022323 0.041260
0 0.394232 0.095984 0.023448 0.042606
0 0.445919 0.025977 0.031508 0.027548
0 0.593326 0.096935 0.021301 0.039235
0 0.619286 0.097352 0.021745 0.038401
0 0.302506 0.357252 0.017751 0.038401