3 0.112110 0.093260 0.143794 0.041815
0 0.174670 0.027322 0.039510 0.025186
0 0.283375 0.095562 0.019645 0.036441
0 0.124571 0.027750 0.030519 0.025960
0 0.224602 0.094666 0.020798 0.039737
0 0.246432 0.027375 0.077309 0.027142
0 0.257580 0.095782 0.020742 0.037734
0 0.081944 0.027124 0.027234 0.026745
0 0.321934 0.027597 0.051395 0.025949
0 0.020249 0.095411 0.020907 0.037589
0 0.561115 0.097362 0.025668 0.043673
0 0.691296 0.211671 0.019272 0.035350
0 0.200653 0.093943 0.020798 0.039364
1 0.019801 0.591787 0.012739 0.024094
1 0.019758 0.562422 0.012860 0.024186
0 0.384965 0.026546 0.047104 0.026695
1 0.019831 0.533158 0.012877 0.024548
1 0.019837 0.503400 0.012722 0.023722
1 0.019740 0.620976 0.012775 0.023019
0 0.422747 0.209952 0.021576 0.032516
0 0.308987 0.096799 0.018938 0.038952
0 0.029291 0.025220 0.050367 0.031036
0 0.392856 0.210237 0.022096 0.031700
0 0.434845 0.028429 0.033439 0.027655
0 0.619622 0.096347 0.022485 0.041483
0 0.593030 0.095941 0.022917 0.042296
0 0.534296 0.097161 0.022773 0.044736
0 0.502875 0.095941 0.020755 0.043923
0 0.476716 0.098788 0.022917 0.043110
0 0.452213 0.097161 0.022052 0.041483
0 0.426269 0.097161 0.022052 0.041483
0 0.392759 0.094721 0.020755 0.041483
0 0.367896 0.095941 0.022052 0.043923
0 0.340871 0.095534 0.022485 0.041483
0 0.143988 0.211171 0.025944 0.048803
0 0.171661 0.211984 0.020755 0.040670
0 0.200992 0.210358 0.023782 0.037416
0 0.235655 0.210764 0.020755 0.034976
0 0.264193 0.213611 0.021620 0.040670
0 0.300515 0.210358 0.023349 0.040670
0 0.329485 0.211578 0.023349 0.036603
0 0.356942 0.212391 0.022052 0.038229
0 0.452429 0.210764 0.025944 0.044736
0 0.486156 0.209951 0.019025 0.046363
0 0.514262 0.211578 0.021620 0.043110
0 0.549286 0.211171 0.022485 0.043923
0 0.578256 0.211171 0.024214 0.042296
0 0.615731 0.210358 0.097721 0.040670
0 0.022485 0.209868 0.018231 0.042011
0 0.051198 0.210725 0.019142 0.040296
0 0.079000 0.212012 0.019142 0.036009
0 0.107713 0.210297 0.018231 0.042868
5 0.389391 0.534401 0.093515 0.043258