5 0.622289 0.787266 0.086047 0.042842
5 0.298290 0.737844 0.280931 0.040769
5 0.622289 0.837192 0.086911 0.043771
5 0.298162 0.836234 0.282117 0.040769
5 0.298070 0.689328 0.281068 0.041585
5 0.594959 0.934933 0.032606 0.040300
5 0.219801 0.982125 0.123665 0.035750
5 0.297992 0.591210 0.280913 0.041585
5 0.297920 0.787583 0.281922 0.042400
5 0.220089 0.542287 0.124530 0.041585
5 0.622372 0.885635 0.087455 0.043158
5 0.297992 0.640541 0.280913 0.040769
3 0.080786 0.157151 0.131016 0.039954
5 0.297453 0.885973 0.281835 0.042400
5 0.172886 0.935668 0.031565 0.042312
3 0.309583 0.157660 0.051482 0.032483
0 0.232875 0.159535 0.074468 0.033460
0 0.327509 0.398665 0.049808 0.040562
0 0.170011 0.158441 0.019988 0.034888
5 0.239750 0.296057 0.039611 0.043251
0 0.019752 0.024055 0.018269 0.028267
0 0.074090 0.023613 0.069796 0.030917
0 0.132175 0.023613 0.027637 0.030917
0 0.171288 0.022730 0.031853 0.034450
0 0.219771 0.024055 0.044501 0.028267
0 0.266848 0.024497 0.029979 0.029150
0 0.025439 0.084990 0.015999 0.032616