5 0.489581 0.344706 0.040802 0.041675
0 0.634058 0.345872 0.032430 0.044804
5 0.317206 0.295515 0.086419 0.042644
5 0.512704 0.980801 0.087023 0.038398
0 0.098758 0.590950 0.150608 0.045358
0 0.634083 0.294993 0.032434 0.045975
5 0.293890 0.344640 0.040408 0.042160
5 0.513039 0.295734 0.088158 0.042560
3 0.080570 0.157433 0.130583 0.042148
0 0.618455 0.980457 0.032456 0.039086
5 0.528747 0.492551 0.477508 0.043209
5 0.317738 0.981853 0.086911 0.036293
0 0.216149 0.159135 0.112421 0.034314
0 0.400290 0.158512 0.079303 0.032183
0 0.368658 0.296135 0.018266 0.040584
3 0.477793 0.158677 0.050135 0.032675
5 0.317522 0.838137 0.086479 0.042400
5 0.282207 0.492163 0.018456 0.042529
0 0.300118 0.159695 0.019231 0.032326
5 0.048474 0.935079 0.015895 0.028494
0 0.335707 0.159857 0.016814 0.030607
5 0.047640 0.789057 0.014430 0.024880
5 0.590940 0.542287 0.633891 0.043216
0 0.169358 0.159394 0.016235 0.035743
0 0.019386 0.023428 0.018593 0.031800
0 0.024791 0.084582 0.017296 0.031800
0 0.062625 0.024651 0.050590 0.030985
0 0.111270 0.024243 0.026808 0.030169
0 0.149537 0.023428 0.028970 0.031800
0 0.198758 0.025874 0.044104 0.038323
0 0.244375 0.022612 0.031565 0.035062