0 0.9303962460896767 0.014763779527559055 0.01251303441084463 0.024606299212598427
0 0.9457768508863399 0.014763779527559055 0.01251303441084463 0.025590551181102362
0 0.9601147028154328 0.015748031496062992 0.013555787278415016 0.025590551181102362
3 0.09436913451511991 0.07775590551181102 0.11678832116788321 0.0344488188976378
0 0.18013555787278415 0.07627952755905512 0.01616266944734098 0.0265748031496063
0 0.20385818561001043 0.07824803149606299 0.01616266944734098 0.025590551181102362
0 0.2208029197080292 0.07726377952755906 0.014077163712200209 0.027559055118110236
0 0.23748696558915536 0.07726377952755906 0.014077163712200209 0.025590551181102362
0 0.3193430656934307 0.07627952755905512 0.014077163712200209 0.023622047244094488
0 0.3368091762252346 0.07578740157480315 0.014077163712200209 0.022637795275590553
0 0.354014598540146 0.07726377952755906 0.014077163712200209 0.025590551181102362
0 0.37017726798748696 0.07677165354330709 0.014077163712200209 0.023622047244094488
0 0.3944212721584984 0.07627952755905512 0.014077163712200209 0.0265748031496063
0 0.410844629822732 0.07578740157480315 0.014077163712200209 0.027559055118110236
0 0.4348279457768509 0.07726377952755906 0.013555787278415016 0.024606299212598427
0 0.45177267987486963 0.07627952755905512 0.013555787278415016 0.0265748031496063
0 0.041449426485922834 0.18110236220472442 0.048488008342022944 0.025590551181102362
0 0.11861313868613138 0.18208661417322836 0.08237747653806048 0.025590551181102362
0 0.1900417101147028 0.1815944881889764 0.03388946819603754 0.0265748031496063
0 0.24582898852971846 0.18208661417322836 0.05265901981230448 0.0265748031496063
0 0.3021376433785193 0.18208661417322836 0.03388946819603754 0.025590551181102362
0 0.3733055265901981 0.18208661417322836 0.07924921793534932 0.0265748031496063
3 0.24713242961418144 0.23326771653543307 0.15693430656934307 0.03346456692913386
5 0.18925964546402502 0.33366141732283466 0.12304483837330553 0.03346456692913386
5 0.18613138686131386 0.4340551181102362 0.11626694473409802 0.03248031496062992
5 0.18613138686131386 0.46801181102362205 0.11574556830031282 0.03051181102362205
5 0.18639207507820646 0.5009842519685039 0.11522419186652763 0.031496062992125984
1 0.3454118873826903 0.33366141732283466 0.015119916579770595 0.03248031496062992
1 0.34462982273201254 0.4670275590551181 0.010948905109489052 0.021653543307086614
5 0.3965067778936392 0.3671259842519685 0.11678832116788321 0.03346456692913386
3 0.3420229405630866 0.5009842519685039 0.15693430656934307 0.03346456692913386
5 0.5531803962460897 0.7662401574803149 0.10688216892596454 0.03543307086614173
5 0.5534410844629822 0.796751968503937 0.10740354535974973 0.03641732283464567
5 0.5531803962460897 0.828248031496063 0.10688216892596454 0.03641732283464567
5 0.5531803962460897 0.859251968503937 0.10792492179353493 0.03248031496062992
3 0.22575599582898853 0.765748031496063 0.05265901981230448 0.03543307086614173
3 0.22601668404588113 0.7962598425196851 0.053180396246089674 0.03346456692913386
3 0.22601668404588113 0.827755905511811 0.053180396246089674 0.0344488188976378
3 0.22575599582898853 0.859744094488189 0.053701772679874867 0.03346456692913386
0 0.023201251303441084 0.9360236220472441 0.020855057351407715 0.03740157480314961
0 0.05057351407716371 0.937007874015748 0.01981230448383733 0.03346456692913386
0 0.07116788321167883 0.9355314960629921 0.01929092805005214 0.0344488188976378
0 0.09124087591240876 0.9360236220472441 0.021897810218978103 0.03346456692913386
0 0.11861313868613138 0.9350393700787402 0.020333680917622523 0.03543307086614173
0 0.1488529718456726 0.9365157480314961 0.03962460896767466 0.03641732283464567
0 0.17961418143899896 0.9350393700787402 0.020333680917622523 0.03641732283464567
0 0.2129822732012513 0.9365157480314961 0.02137643378519291 0.03641732283464567
0 0.2340980187695516 0.9355314960629921 0.020855057351407715 0.03641732283464567
0 0.2885818561001043 0.9360236220472441 0.021897810218978103 0.03346456692913386
0 0.26720542231491134 0.9350393700787402 0.020855057351407715 0.03543307086614173
1 0.6128779979144943 0.765748031496063 0.011470281543274244 0.021653543307086614
1 0.6128779979144943 0.859744094488189 0.010948905109489052 0.021653543307086614
1 0.6126173096976016 0.797736220472441 0.011991657977059436 0.021653543307086614
1 0.6120959332638165 0.8292322834645669 0.010948905109489052 0.021653543307086614
5 0.16657977059436913 0.3671259842519685 0.07716371220020855 0.03248031496062992