0 0.9303962460896767 0.014778325123152709 0.01251303441084463 0.024630541871921183
0 0.9457768508863399 0.014778325123152709 0.01251303441084463 0.02561576354679803
0 0.9601147028154328 0.015763546798029555 0.013555787278415016 0.02561576354679803
3 0.09436913451511991 0.07783251231527094 0.11678832116788321 0.034482758620689655
0 0.18013555787278415 0.07635467980295567 0.01616266944734098 0.026600985221674877
0 0.20385818561001043 0.07832512315270936 0.01616266944734098 0.02561576354679803
0 0.2208029197080292 0.07733990147783251 0.014077163712200209 0.027586206896551724
0 0.23748696558915536 0.07733990147783251 0.014077163712200209 0.02561576354679803
0 0.3193430656934307 0.07635467980295567 0.014077163712200209 0.023645320197044337
0 0.3368091762252346 0.07586206896551724 0.014077163712200209 0.022660098522167486
0 0.354014598540146 0.07733990147783251 0.014077163712200209 0.02561576354679803
0 0.37017726798748696 0.07684729064039408 0.014077163712200209 0.023645320197044337
0 0.3944212721584984 0.07635467980295567 0.014077163712200209 0.026600985221674877
0 0.410844629822732 0.07586206896551724 0.014077163712200209 0.027586206896551724
0 0.4348279457768509 0.07733990147783251 0.013555787278415016 0.024630541871921183
0 0.45177267987486963 0.07635467980295567 0.013555787278415016 0.026600985221674877
0 0.041449426485922834 0.1812807881773399 0.048488008342022944 0.02561576354679803
0 0.11861313868613138 0.18177339901477832 0.08237747653806048 0.02561576354679803
0 0.1900417101147028 0.1812807881773399 0.03388946819603754 0.026600985221674877
0 0.24582898852971846 0.18226600985221675 0.05265901981230448 0.026600985221674877
0 0.3021376433785193 0.18226600985221675 0.03388946819603754 0.02561576354679803
0 0.3733055265901981 0.18226600985221675 0.07924921793534932 0.026600985221674877
3 0.24713242961418144 0.2334975369458128 0.15693430656934307 0.033497536945812804
5 0.18925964546402502 0.3334975369458128 0.12304483837330553 0.033497536945812804
5 0.18613138686131386 0.43399014778325123 0.11626694473409802 0.03251231527093596
5 0.18613138686131386 0.46798029556650245 0.11574556830031282 0.030541871921182268
5 0.18639207507820646 0.5009852216748768 0.11522419186652763 0.03152709359605911
1 0.3454118873826903 0.3334975369458128 0.015119916579770595 0.03251231527093596
1 0.34462982273201254 0.4669950738916256 0.010948905109489052 0.02167487684729064
5 0.3965067778936392 0.3669950738916256 0.11678832116788321 0.033497536945812804
3 0.3420229405630866 0.5009852216748768 0.15693430656934307 0.033497536945812804
5 0.5529197080291971 0.7660098522167488 0.10740354535974973 0.035467980295566505
5 0.5531803962460897 0.7965517241379311 0.10792492179353493 0.035467980295566505
5 0.5529197080291971 0.8280788177339902 0.10740354535974973 0.03645320197044335
5 0.5529197080291971 0.858128078817734 0.10844629822732013 0.035467980295566505
3 0.22575599582898853 0.7660098522167488 0.05265901981230448 0.034482758620689655
3 0.22601668404588113 0.7965517241379311 0.053180396246089674 0.033497536945812804
3 0.22601668404588113 0.8280788177339902 0.053180396246089674 0.034482758620689655
3 0.22575599582898853 0.8596059113300493 0.053701772679874867 0.033497536945812804
0 0.023201251303441084 0.9359605911330049 0.020855057351407715 0.0374384236453202
0 0.05057351407716371 0.9369458128078818 0.01981230448383733 0.033497536945812804
0 0.07116788321167883 0.9354679802955665 0.01929092805005214 0.034482758620689655
0 0.09124087591240876 0.9359605911330049 0.021897810218978103 0.033497536945812804
0 0.11861313868613138 0.9349753694581281 0.020333680917622523 0.035467980295566505
0 0.1488529718456726 0.9364532019704433 0.03962460896767466 0.03645320197044335
0 0.17961418143899896 0.9354679802955665 0.020333680917622523 0.03645320197044335
0 0.2129822732012513 0.9364532019704433 0.02137643378519291 0.03645320197044335
0 0.2340980187695516 0.9354679802955665 0.020855057351407715 0.03645320197044335
0 0.2885818561001043 0.9359605911330049 0.021897810218978103 0.033497536945812804
0 0.26720542231491134 0.9349753694581281 0.020855057351407715 0.035467980295566505
1 0.6118352450469239 0.7669950738916256 0.011470281543274244 0.019704433497536946
1 0.6118352450469239 0.7990147783251231 0.011470281543274244 0.017733990147783252
1 0.612356621480709 0.829064039408867 0.011470281543274244 0.022660098522167486
1 0.6128779979144943 0.8605911330049261 0.011470281543274244 0.02167487684729064
5 0.2851929092805005 0.46551724137931033 0.04223149113660062 0.03152709359605911