4 0.257472 0.458283 0.362930 0.295887
4 0.758508 0.680033 0.103526 0.039566
4 0.746864 0.727240 0.080547 0.038712
4 0.255283 0.727325 0.139651 0.040128
2 0.281709 0.089854 0.093499 0.033757
4 0.290290 0.681704 0.207298 0.041261
0 0.052752 0.089535 0.081180 0.031044
2 0.164560 0.089530 0.116210 0.034569
2 0.984550 0.090885 0.022975 0.034010
2 0.408854 0.089677 0.127954 0.035799
4 0.206233 0.817410 0.043159 0.039630
0 0.974271 0.972982 0.051414 0.039686
4 0.754746 0.818335 0.097788 0.040833
4 0.226006 0.864081 0.081741 0.039708
4 0.829625 0.817476 0.047962 0.039038
4 0.731063 0.772114 0.049345 0.038579
4 0.225148 0.770578 0.081057 0.039562
0 0.017887 0.973429 0.027070 0.040112
0 0.257176 0.865082 0.015901 0.034957
0 0.257930 0.770081 0.015879 0.032992
0 0.779312 0.726765 0.014998 0.033913
0 0.040413 0.025485 0.021829 0.039889
0 0.917699 0.026108 0.024189 0.041136
0 0.948673 0.027978 0.021239 0.042382
0 0.978466 0.027355 0.021829 0.041136
0 0.793805 0.267936 0.074926 0.038643
0 0.673746 0.270429 0.140413 0.033656
0 0.071976 0.271676 0.096755 0.038643
0 0.199410 0.268559 0.127434 0.034903
0 0.334513 0.271676 0.128614 0.038643
0 0.433038 0.271676 0.051917 0.038643
0 0.501180 0.270429 0.064307 0.038643
0 0.569617 0.271053 0.052507 0.039889
0 0.747788 0.772783 0.015929 0.031163
0 0.844543 0.819528 0.017109 0.037396