0 0.062709 0.241894 0.086559 0.034663
0 0.102210 0.069268 0.056430 0.023024
0 0.183123 0.242409 0.145726 0.036284
0 0.043882 0.069958 0.049088 0.022314
1 0.945374 0.946397 0.011832 0.020883
1 0.945765 0.492696 0.010431 0.017918
1 0.027563 0.949462 0.009156 0.019327
0 0.344664 0.069510 0.057966 0.024094
1 0.519861 0.919853 0.009137 0.022405
1 0.519588 0.949081 0.009923 0.021703
1 0.519376 0.519937 0.010521 0.023403
1 0.519907 0.435089 0.009366 0.023040
1 0.946586 0.437128 0.009805 0.019440
1 0.028020 0.921320 0.009972 0.019918
1 0.519796 0.607704 0.009429 0.022746
0 0.218847 0.069520 0.040684 0.023163
4 0.151840 0.722228 0.146279 0.030625
1 0.945721 0.660429 0.011897 0.021395
1 0.945325 0.634596 0.011458 0.019659
1 0.519820 0.465781 0.009330 0.021248
1 0.519703 0.636154 0.009524 0.020868
4 0.810020 0.407153 0.044403 0.027692
0 0.277361 0.069257 0.064268 0.023703
1 0.720108 0.949178 0.010901 0.022158
4 0.810200 0.579176 0.044708 0.027827
1 0.519545 0.491992 0.009684 0.021503
4 0.810223 0.550550 0.043499 0.028434
1 0.028215 0.635114 0.010793 0.022473
1 0.946185 0.408966 0.011271 0.020177
1 0.946245 0.466387 0.009879 0.019434
4 0.152246 0.380186 0.144889 0.030042
4 0.864314 0.549893 0.065363 0.029273
1 0.945887 0.804779 0.012994 0.022487
0 0.178358 0.069304 0.027844 0.021974
1 0.519684 0.662136 0.009655 0.021821
0 0.407839 0.069091 0.058043 0.023931
1 0.945456 0.607648 0.011443 0.022503
1 0.720546 0.607493 0.010859 0.022762
1 0.519768 0.779777 0.009473 0.020589
4 0.809796 0.466118 0.043978 0.027485
0 0.981372 0.069259 0.036358 0.025268
4 0.809611 0.377775 0.044325 0.029550
4 0.151990 0.523657 0.144742 0.029512
4 0.864646 0.579037 0.065715 0.029940
4 0.152327 0.550179 0.143844 0.031906
2 0.490767 0.068687 0.029691 0.023002
1 0.027577 0.465198 0.009128 0.021031
0 0.147996 0.069152 0.023717 0.021525
1 0.720425 0.636106 0.010887 0.022087
4 0.809931 0.519956 0.043946 0.029232
4 0.431690 0.920675 0.070888 0.028852
4 0.863509 0.407295 0.064062 0.028765
4 0.431999 0.722585 0.071675 0.028951
4 0.863936 0.435406 0.061851 0.027932
4 0.809945 0.436514 0.043726 0.029677
4 0.864897 0.721777 0.063261 0.026448
4 0.151717 0.579464 0.145695 0.031493
4 0.809529 0.492137 0.043369 0.027744
4 0.151992 0.407551 0.142903 0.029647
1 0.945476 0.577845 0.011919 0.023358
4 0.152001 0.435291 0.145019 0.030916
4 0.431767 0.579911 0.071326 0.030153
4 0.810024 0.607350 0.043210 0.027886
4 0.810478 0.893076 0.043478 0.028892
4 0.863779 0.524684 0.062392 0.027865
4 0.759223 0.921102 0.058263 0.028187
1 0.027856 0.608474 0.010299 0.020973
4 0.152071 0.864375 0.145270 0.029773
4 0.432488 0.550151 0.071565 0.030557
0 0.456630 0.068745 0.029078 0.023805
4 0.810109 0.920582 0.043133 0.028252
1 0.519748 0.577299 0.009642 0.023800
1 0.945816 0.521046 0.010533 0.016094
4 0.152708 0.920894 0.142999 0.033267
4 0.758806 0.722019 0.058832 0.026547
1 0.720380 0.779665 0.010826 0.022291
1 0.720534 0.465884 0.010989 0.022195
1 0.519789 0.749495 0.009595 0.022756
1 0.027489 0.693319 0.011034 0.023940
1 0.945508 0.919231 0.011563 0.021119
1 0.720377 0.920058 0.010394 0.022170
4 0.759040 0.579777 0.057833 0.028397
1 0.720377 0.662758 0.011563 0.023385
4 0.152211 0.349430 0.143789 0.031052
4 0.863216 0.380275 0.061459 0.027620
4 0.810019 0.780007 0.043106 0.028224
1 0.945969 0.721575 0.013633 0.023295
1 0.027394 0.380146 0.011225 0.021554
4 0.152051 0.664901 0.145434 0.029465
4 0.432259 0.864331 0.071934 0.028143
4 0.809988 0.636077 0.042877 0.028917
4 0.759775 0.550058 0.059472 0.029868
4 0.863596 0.466333 0.064702 0.028093
4 0.810383 0.864628 0.043385 0.028788
4 0.431809 0.380234 0.072153 0.029005
4 0.748618 0.380467 0.036895 0.027297
4 0.810255 0.721337 0.044550 0.027112
4 0.759123 0.523297 0.056826 0.027782
1 0.945595 0.891647 0.011898 0.022612
4 0.810131 0.949470 0.042854 0.028298
1 0.519507 0.805865 0.009951 0.021232
1 0.027629 0.436164 0.009025 0.019839
1 0.720486 0.806080 0.011811 0.022226
4 0.863637 0.920077 0.063222 0.029938
1 0.945972 0.689461 0.013194 0.022231
1 0.945796 0.776976 0.012591 0.021664
1 0.519715 0.891004 0.009836 0.023311
1 0.945965 0.748436 0.012735 0.022183
4 0.759144 0.664129 0.058370 0.027669
4 0.809938 0.663368 0.044995 0.028543
1 0.519638 0.973913 0.010350 0.019869
1 0.720759 0.749929 0.011175 0.023289
1 0.720596 0.491615 0.011461 0.021149
1 0.028042 0.749641 0.009929 0.021159
1 0.520230 0.835999 0.008537 0.018203
4 0.810300 0.692408 0.043514 0.030708
4 0.431555 0.524231 0.070643 0.029434
4 0.810152 0.750692 0.043030 0.029589
4 0.430854 0.436194 0.070366 0.027525
4 0.864189 0.665386 0.063662 0.027120
4 0.809992 0.806399 0.042891 0.027104
4 0.760356 0.435987 0.054105 0.026096
1 0.720785 0.435883 0.011079 0.023052
4 0.432126 0.407646 0.070967 0.029177
4 0.758964 0.607284 0.060022 0.028952
1 0.720342 0.974012 0.011976 0.019720
4 0.864517 0.606737 0.065418 0.029843
1 0.721704 0.382059 0.012028 0.018926
1 0.027641 0.493018 0.009865 0.019237
4 0.763839 0.407126 0.050951 0.028244
1 0.946042 0.833227 0.012929 0.021674
4 0.863320 0.491656 0.064001 0.027917
4 0.152423 0.466449 0.144644 0.030322
4 0.478484 0.407036 0.022169 0.027071
1 0.946145 0.349864 0.012704 0.017557
4 0.864695 0.865969 0.063313 0.030724
1 0.720296 0.692506 0.013023 0.026863
1 0.945178 0.973746 0.012481 0.020300
1 0.027585 0.978304 0.010843 0.021808
1 0.519608 0.406590 0.010092 0.023892
4 0.759141 0.636371 0.059743 0.029549
4 0.759646 0.466250 0.057712 0.027966
4 0.478426 0.578515 0.021858 0.026662
1 0.027719 0.778930 0.009709 0.019516
1 0.519090 0.378403 0.011666 0.024459
1 0.720687 0.578323 0.011392 0.023823
1 0.498597 0.635980 0.010469 0.021340
4 0.432636 0.893076 0.071120 0.031153
4 0.431352 0.467286 0.071638 0.029331
4 0.760197 0.378344 0.057115 0.029344
4 0.759243 0.693156 0.060166 0.029881
1 0.720564 0.892070 0.011105 0.023429
1 0.027657 0.664290 0.010698 0.017740
4 0.810223 0.833042 0.043092 0.029893
4 0.759306 0.865439 0.058087 0.029515
4 0.759522 0.892874 0.058825 0.030267
4 0.432960 0.780322 0.069851 0.029890
4 0.151676 0.607832 0.147194 0.033211
4 0.864365 0.691886 0.065425 0.030999
4 0.759248 0.780126 0.059632 0.029235
4 0.431762 0.807429 0.071450 0.028671
4 0.431582 0.664822 0.071695 0.028818
4 0.759761 0.492465 0.057296 0.028454
4 0.432734 0.950241 0.069840 0.030326
4 0.152663 0.778980 0.145568 0.028877
1 0.722102 0.351476 0.012823 0.017538
4 0.151661 0.636707 0.147544 0.032779
4 0.152497 0.893073 0.144992 0.032399
4 0.152341 0.493260 0.146167 0.031382
1 0.721228 0.519316 0.011076 0.021752
4 0.432634 0.607287 0.071390 0.030578
4 0.863782 0.636523 0.066176 0.028881
4 0.865057 0.892763 0.065897 0.030086
1 0.027335 0.350852 0.011342 0.019840
1 0.520336 0.350346 0.008390 0.018127
1 0.499193 0.949610 0.011661 0.021296
4 0.152603 0.806237 0.146334 0.032504
1 0.721039 0.407199 0.011902 0.024431
1 0.027463 0.521856 0.010221 0.021710
4 0.759415 0.950015 0.060401 0.029023
4 0.864439 0.779977 0.064573 0.029800
1 0.720645 0.833379 0.012815 0.024791
4 0.775778 0.377944 0.028264 0.029215
1 0.499209 0.492618 0.009985 0.019892
4 0.431686 0.350851 0.069588 0.025351
4 0.478143 0.919558 0.022798 0.026552
4 0.759446 0.806814 0.059694 0.027756
1 0.925101 0.521175 0.008961 0.016352
4 0.759518 0.349843 0.058958 0.025664
4 0.478484 0.891861 0.022151 0.027152
4 0.432405 0.635937 0.070766 0.030353
4 0.478537 0.721309 0.022166 0.026693
1 0.027757 0.806979 0.011363 0.019853
4 0.864559 0.750034 0.064687 0.031654
1 0.519371 0.550841 0.011271 0.024231
1 0.520240 0.692188 0.009446 0.022443
4 0.152849 0.833959 0.146541 0.032328
4 0.787644 0.524109 0.079420 0.029452
4 0.779459 0.435271 0.027878 0.027418
1 0.498940 0.465115 0.009449 0.023202
4 0.431758 0.492152 0.069218 0.028743
1 0.499295 0.608693 0.010134 0.020296
4 0.759157 0.750165 0.059868 0.030852
4 0.752049 0.406786 0.043981 0.027350
1 0.946863 0.550674 0.009602 0.013899
4 0.432400 0.750964 0.070972 0.032116
1 0.499416 0.976161 0.011242 0.015848
1 0.924761 0.492424 0.008128 0.018836
1 0.946764 0.378395 0.010161 0.016094
4 0.774562 0.580073 0.061778 0.029284
4 0.152374 0.693024 0.144903 0.032920
1 0.027382 0.891287 0.009518 0.020074
4 0.478538 0.550528 0.021960 0.027718
1 0.027817 0.407844 0.008648 0.020074
1 0.027601 0.549476 0.009080 0.020074
1 0.027169 0.579586 0.011675 0.020074
1 0.027817 0.722333 0.009513 0.020074
1 0.028034 0.835945 0.009945 0.020910
1 0.027817 0.865359 0.008648 0.018401
4 0.153546 0.750355 0.144670 0.030045
4 0.152880 0.948793 0.144227 0.029186
4 0.152214 0.973687 0.143783 0.024036
4 0.432384 0.693270 0.070116 0.034337
4 0.432384 0.837055 0.071004 0.030045
4 0.432827 0.974975 0.070116 0.023177
4 0.476761 0.350762 0.021301 0.029186
4 0.477649 0.378660 0.021301 0.028328
4 0.478092 0.436174 0.022189 0.030045
4 0.476932 0.464720 0.020755 0.030111
4 0.476499 0.493157 0.021620 0.030111
4 0.477580 0.521595 0.022052 0.028438
4 0.477797 0.607885 0.020755 0.030947
4 0.477364 0.635068 0.019890 0.028438
4 0.478229 0.663924 0.021620 0.027601
4 0.478445 0.692780 0.022052 0.030111
4 0.478085 0.749098 0.021620 0.030111
4 0.478517 0.778791 0.020755 0.030947
4 0.478085 0.807228 0.022485 0.029274
4 0.477869 0.835666 0.021187 0.029274
4 0.478301 0.864104 0.021187 0.027601
4 0.477797 0.948860 0.021620 0.030947
4 0.478013 0.976043 0.021187 0.021747
1 0.498551 0.350411 0.010377 0.021747
1 0.499416 0.380103 0.009513 0.019237
1 0.499200 0.408123 0.010810 0.018401
1 0.499632 0.437815 0.009945 0.019237
1 0.499416 0.520759 0.010377 0.018401
1 0.498984 0.550033 0.009513 0.020074
1 0.499632 0.578889 0.009080 0.017565
1 0.499200 0.922234 0.009945 0.021747
1 0.499416 0.893378 0.010377 0.020910
1 0.499200 0.865777 0.009080 0.020910
1 0.498876 0.835482 0.010207 0.018885
1 0.499541 0.806295 0.009763 0.022319
1 0.498876 0.664656 0.010207 0.020602
1 0.499541 0.692984 0.008875 0.018885
1 0.498432 0.722600 0.010207 0.019744
1 0.499763 0.750069 0.010207 0.019744
1 0.499098 0.778826 0.009763 0.020602
1 0.520843 0.722170 0.008875 0.018885
1 0.520399 0.866385 0.009763 0.022319
1 0.810447 0.350408 0.042159 0.026795
4 0.119750 0.206168 0.025987 0.028530
4 0.189282 0.134842 0.167861 0.024455
0 0.046706 0.280891 0.030201 0.025813
0 0.092358 0.281570 0.044248 0.032606
0 0.140118 0.280891 0.040034 0.031248
1 0.721309 0.549891 0.008428 0.014944
1 0.720823 0.722588 0.008320 0.016826
1 0.720823 0.865605 0.008320 0.019020
1 0.924476 0.351693 0.007942 0.016826
1 0.924476 0.380589 0.008698 0.014631
1 0.924476 0.407656 0.007186 0.016094
1 0.924287 0.436187 0.007564 0.017557
1 0.925233 0.465083 0.007942 0.016826
1 0.924098 0.550674 0.009455 0.013899
1 0.945087 0.864508 0.009076 0.018289
1 0.924476 0.977898 0.009455 0.016826
1 0.924665 0.949733 0.008320 0.019020
1 0.924287 0.920472 0.008320 0.017557
1 0.924476 0.892307 0.008698 0.019752
1 0.924665 0.864874 0.008320 0.017557
1 0.923909 0.835978 0.009076 0.018289
1 0.924854 0.807447 0.007942 0.015363
1 0.924287 0.778185 0.009076 0.015363
1 0.924287 0.750752 0.008320 0.016094
1 0.924287 0.579936 0.009833 0.015363
1 0.924854 0.608832 0.008698 0.017557
1 0.924665 0.635534 0.009076 0.016826
1 0.923342 0.664430 0.008698 0.017557
1 0.925422 0.693326 0.009076 0.015363
1 0.924287 0.722222 0.009076 0.017557