4 0.265882 0.792591 0.161946 0.042185
4 0.815084 0.427070 0.208646 0.042003
4 0.337417 0.472112 0.305023 0.040183
4 0.815423 0.385196 0.208725 0.047542
2 0.985740 0.091460 0.026733 0.033009
4 0.289136 0.380744 0.207439 0.042332
4 0.789735 0.519187 0.160353 0.040671
0 0.016687 0.971249 0.025991 0.040531
4 0.733620 0.471511 0.047017 0.038888
2 0.278944 0.090833 0.091742 0.030638
4 0.218596 0.426172 0.065707 0.039267
2 0.162397 0.089657 0.114648 0.031025
0 0.972830 0.971646 0.054298 0.039984
4 0.215473 0.700311 0.059539 0.038518
4 0.221247 0.746255 0.071440 0.040546
4 0.268076 0.564294 0.160278 0.041488
2 0.406350 0.091949 0.126809 0.033490
4 0.750145 0.654252 0.079659 0.038411
0 0.051108 0.094081 0.081562 0.037920
4 0.203499 0.654198 0.036780 0.039158
4 0.727713 0.745231 0.036094 0.036515
4 0.733449 0.700270 0.044848 0.037319
4 0.209445 0.517664 0.046908 0.038993
0 0.197677 0.274864 0.115068 0.041549
0 0.038947 0.027419 0.020741 0.041809
0 0.917450 0.024988 0.017054 0.044726
0 0.948101 0.025960 0.020280 0.040837
0 0.977600 0.024502 0.021202 0.039865
0 0.072364 0.273900 0.102323 0.035003
0 0.330015 0.270010 0.119838 0.042782
0 0.430033 0.271469 0.054388 0.041809
0 0.501014 0.268552 0.063606 0.045699
0 0.566233 0.268552 0.046552 0.041809
0 0.671091 0.268066 0.140118 0.048616
0 0.789086 0.268552 0.073746 0.045699
0 0.748525 0.471765 0.016593 0.034031
0 0.225387 0.518435 0.015671 0.035975
0 0.249124 0.745956 0.017976 0.037920
0 0.782172 0.652614 0.015671 0.037920
0 0.748525 0.698799 0.012906 0.035003
0 0.738615 0.745470 0.015210 0.035003