0 0.038437 0.024374 0.019666 0.039888
0 0.074193 0.097085 0.107267 0.034071
0 0.190176 0.096670 0.091624 0.034902
2 0.322026 0.096670 0.135425 0.036564
2 0.469742 0.095839 0.129615 0.033240
2 0.629525 0.096670 0.157772 0.036564
2 0.779700 0.095008 0.121123 0.029916
2 0.962725 0.097085 0.037544 0.039057
0 0.892554 0.025620 0.029499 0.040719
0 0.927863 0.026867 0.027711 0.033240
0 0.964512 0.026036 0.029499 0.038226
0 0.976356 0.402474 0.020113 0.039888
0 0.090730 0.280319 0.115312 0.036564
0 0.236659 0.278657 0.139895 0.038226
0 0.395325 0.278241 0.139895 0.034071
0 0.540136 0.279903 0.116653 0.039057
0 0.690534 0.279903 0.158219 0.037395
0 0.813221 0.280734 0.056762 0.035733
0 0.895012 0.282812 0.076428 0.041550
0 0.951998 0.963809 0.073299 0.039057
0 0.026370 0.963809 0.030392 0.039057
0 0.208948 0.402059 0.107714 0.037395
1 0.022124 0.457735 0.013855 0.022437
1 0.022794 0.501778 0.012515 0.020775
1 0.022571 0.538341 0.012068 0.024099
1 0.022347 0.575321 0.012515 0.023268
1 0.022794 0.613546 0.014302 0.021606
1 0.022124 0.650525 0.012961 0.024099
2 0.414097 0.539588 0.193528 0.036564
2 0.413873 0.650110 0.193081 0.033240
2 0.413203 0.612300 0.192634 0.035733
2 0.414544 0.577398 0.192634 0.034071