0 0.371370 0.971793 0.023789 0.049641
0 0.019712 0.352446 0.025508 0.048324
0 0.600035 0.241901 0.022218 0.045548
0 0.066134 0.971567 0.023488 0.046034
0 0.623053 0.242519 0.024127 0.045758
4 0.266255 0.579513 0.137628 0.050676
0 0.379304 0.410757 0.023691 0.044379
0 0.576420 0.242158 0.024060 0.046615
4 0.267150 0.746941 0.139293 0.054450
0 0.042816 0.971521 0.022335 0.044814
0 0.458674 0.241614 0.107894 0.049793
0 0.351105 0.242328 0.108292 0.049128
0 0.279557 0.242158 0.023878 0.044198
4 0.267850 0.690377 0.139776 0.047948
0 0.065970 0.241467 0.024496 0.047397
0 0.531346 0.240856 0.026819 0.048795
0 0.977954 0.109106 0.044090 0.038733
2 0.215315 0.108341 0.038930 0.036498
4 0.352088 0.579737 0.032302 0.045864
4 0.339925 0.972889 0.039336 0.048591
0 0.042398 0.241566 0.022909 0.047310
0 0.256412 0.241355 0.022752 0.042907
0 0.052454 0.106883 0.085682 0.038509
4 0.165029 0.242173 0.161299 0.049561
0 0.917220 0.108399 0.062948 0.039390
4 0.352391 0.692129 0.031680 0.044509
4 0.266733 0.410394 0.141278 0.048314
0 0.119379 0.356569 0.021791 0.040868
4 0.266960 0.466540 0.141026 0.050347
2 0.146146 0.107753 0.081225 0.039322
4 0.351917 0.466327 0.029495 0.047494
4 0.351672 0.409822 0.030565 0.048530
1 0.090875 0.973297 0.015841 0.034118
0 0.071007 0.352905 0.041719 0.047540
0 0.157396 0.358727 0.027391 0.043659
0 0.220818 0.356786 0.069954 0.041719
0 0.293932 0.354846 0.041719 0.047540
0 0.340708 0.359697 0.023177 0.035897
0 0.396755 0.354361 0.060261 0.052391
0 0.023353 0.026311 0.020157 0.040748
0 0.921337 0.030273 0.025565 0.039617
0 0.953786 0.029707 0.023599 0.038485
0 0.985251 0.033102 0.024582 0.043012