4 0.286528 0.848553 0.079374 0.039435
4 0.438246 0.711085 0.034678 0.037426
4 0.265725 0.395147 0.035330 0.038231
4 0.266449 0.711921 0.037618 0.037608
4 0.263826 0.350168 0.030336 0.036487
4 0.286072 0.440700 0.078272 0.039052
4 0.285976 0.259457 0.078903 0.039932
4 0.287475 0.213797 0.078111 0.037022
4 0.265302 0.305429 0.034403 0.039342
4 0.458832 0.440393 0.077160 0.038483
4 0.434415 0.350457 0.030163 0.038853
4 0.459054 0.214046 0.077666 0.037107
4 0.437470 0.395206 0.035516 0.036683
4 0.458663 0.259187 0.077599 0.038906
4 0.279805 0.892207 0.063959 0.037673
0 0.968461 0.970682 0.048873 0.039961
0 0.969489 0.088226 0.046354 0.035573
4 0.438040 0.305350 0.034543 0.037954
0 0.564450 0.395699 0.028648 0.041353
0 0.564221 0.214412 0.028427 0.040393
0 0.564536 0.440910 0.029114 0.037921
0 0.564599 0.260044 0.029608 0.037459
0 0.565187 0.711458 0.030448 0.039820
2 0.179319 0.088159 0.037216 0.028986
0 0.564389 0.350790 0.029341 0.038735
4 0.255935 0.755906 0.017437 0.034308
4 0.258912 0.665949 0.022350 0.036731
4 0.255825 0.803032 0.018115 0.035352
0 0.564123 0.307002 0.028835 0.040935
0 0.084324 0.087877 0.136062 0.029750
0 0.028761 0.024678 0.020157 0.042597
0 0.917896 0.023664 0.019666 0.046653
0 0.948378 0.023664 0.023599 0.044625
0 0.978614 0.026199 0.019174 0.041582