4 0.224544 0.425520 0.138909 0.039468
0 0.243195 0.089337 0.018502 0.028722
0 0.493011 0.088284 0.021054 0.031503
0 0.264201 0.089934 0.019035 0.029586
0 0.215589 0.087452 0.018456 0.029987
0 0.289180 0.208261 0.065465 0.029722
0 0.222092 0.207398 0.045749 0.032428
0 0.470525 0.089121 0.021183 0.033226
4 0.261176 0.462447 0.213805 0.036556
2 0.113524 0.088200 0.136842 0.038229
0 0.521042 0.088657 0.019184 0.030536
0 0.354527 0.206809 0.042797 0.028391
0 0.097460 0.269792 0.128149 0.040484
4 0.382078 0.346882 0.050917 0.037457
0 0.284943 0.089813 0.018730 0.029897
0 0.141592 0.207432 0.094202 0.030288
0 0.312592 0.089774 0.020701 0.030464
4 0.109083 0.769216 0.085485 0.037928
4 0.108664 0.806776 0.086883 0.041336
4 0.108751 0.844235 0.086671 0.040456
0 0.156186 0.037023 0.031350 0.027081
0 0.438179 0.207593 0.094758 0.030867
0 0.116395 0.037653 0.026863 0.028804
4 0.108943 0.880441 0.086695 0.037639
2 0.269240 0.843335 0.063421 0.039125
0 0.026942 0.089250 0.020413 0.032549
1 0.051673 0.952828 0.032254 0.032995
4 0.425858 0.805973 0.251179 0.040408
0 0.355111 0.089336 0.019446 0.031313
0 0.250233 0.347718 0.016647 0.032860
0 0.194750 0.087854 0.018896 0.029672
0 0.445540 0.087158 0.020098 0.035476
0 0.333687 0.089913 0.016729 0.030323
0 0.063546 0.037129 0.057013 0.029605
0 0.135486 0.270034 0.053733 0.039027
4 0.198059 0.386456 0.091663 0.035754
0 0.204876 0.036223 0.038165 0.027458
0 0.258128 0.040261 0.047040 0.029074
0 0.328245 0.035415 0.070116 0.025843
0 0.397030 0.038646 0.040827 0.032304
0 0.443626 0.037838 0.031064 0.030689
4 0.198346 0.346572 0.088653 0.038580
4 0.222918 0.502646 0.139725 0.038580
4 0.110255 0.916359 0.087208 0.037703
4 0.110014 0.951870 0.086726 0.038580
1 0.051955 0.769930 0.031318 0.039457
1 0.051474 0.806318 0.028427 0.035073
1 0.051233 0.843583 0.028909 0.035950
1 0.052196 0.879971 0.028909 0.033319
1 0.051714 0.915482 0.029872 0.037703
2 0.269742 0.771225 0.063562 0.038558
2 0.269526 0.806635 0.063130 0.036984
2 0.270391 0.879423 0.063130 0.036197
2 0.270391 0.916407 0.063130 0.034623
2 0.269959 0.951817 0.062265 0.036197
4 0.425693 0.769520 0.251222 0.037771
4 0.425693 0.842439 0.249492 0.037771
4 0.426342 0.880997 0.249924 0.039344
4 0.426342 0.917193 0.249924 0.036197
4 0.426125 0.951423 0.250357 0.035410
4 0.809948 0.770045 0.021187 0.037771
4 0.810597 0.807816 0.022485 0.037771
4 0.810164 0.843619 0.020755 0.036984
4 0.811029 0.880603 0.022485 0.040131
4 0.810380 0.917193 0.022917 0.037771
4 0.809948 0.950636 0.022917 0.033836
4 0.885401 0.770832 0.127989 0.037771
4 0.884969 0.806898 0.128854 0.036984
4 0.884320 0.844275 0.127557 0.039344
4 0.885185 0.880078 0.127557 0.040131
4 0.884752 0.916669 0.126692 0.039344
4 0.884536 0.949718 0.128854 0.036197
4 0.972529 0.769127 0.021187 0.038558
4 0.972312 0.806898 0.020755 0.035410
4 0.972096 0.843095 0.022052 0.035410
4 0.972529 0.878898 0.021187 0.039344
4 0.972745 0.916669 0.021620 0.036197
4 0.972312 0.950899 0.021620 0.033836
1 0.955449 0.769914 0.012107 0.021246
1 0.955449 0.805324 0.012107 0.021246
1 0.955017 0.842308 0.012107 0.022820
1 0.955449 0.878898 0.011242 0.023607
1 0.955881 0.916275 0.012972 0.021246
1 0.955881 0.950112 0.012972 0.022820
0 0.383093 0.087079 0.020959 0.035318
0 0.404634 0.088845 0.017466 0.033198
0 0.424041 0.087432 0.016690 0.036024
0 0.543200 0.088845 0.019795 0.033198
4 0.707188 0.501706 0.259277 0.033905
4 0.707771 0.385159 0.259665 0.033905