4 0.887194 0.559064 0.096425 0.049311
4 0.863221 0.443293 0.043828 0.051081
4 0.886770 0.499757 0.094848 0.048754
4 0.454094 0.844573 0.094669 0.047461
4 0.863186 0.326198 0.043082 0.051250
4 0.866990 0.673025 0.051952 0.051199
4 0.862753 0.384346 0.043095 0.050464
4 0.887633 0.615947 0.096971 0.050098
4 0.424717 0.731925 0.035474 0.049991
4 0.445641 0.326862 0.077743 0.050506
0 0.871744 0.965203 0.079747 0.045761
4 0.453818 0.788579 0.095769 0.048835
4 0.453922 0.558143 0.095095 0.048605
0 0.159412 0.732136 0.069643 0.050726
4 0.862541 0.268695 0.041583 0.048250
0 0.952104 0.966097 0.067414 0.042118
4 0.445370 0.268463 0.076670 0.050971
2 0.873472 0.121139 0.042633 0.037204
0 0.059852 0.733435 0.118810 0.053388
4 0.454217 0.616222 0.096053 0.047882
0 0.118302 0.192627 0.023881 0.044219
0 0.147266 0.192980 0.023978 0.042824
4 0.086768 0.487886 0.166741 0.050261
4 0.087533 0.442398 0.165613 0.047797
0 0.083550 0.119853 0.110660 0.038107
4 0.214803 0.441400 0.093082 0.046643
4 0.085200 0.575162 0.167394 0.049398
2 0.054604 0.192551 0.037946 0.043732
0 0.533964 0.121668 0.121423 0.037105
4 0.084798 0.622675 0.167177 0.051525
4 0.087465 0.398573 0.165964 0.047517
0 0.400050 0.122807 0.130920 0.039620
0 0.175163 0.193025 0.024496 0.044094
4 0.215287 0.398097 0.094019 0.045584
4 0.086789 0.533281 0.167211 0.048733
0 0.961158 0.121160 0.053374 0.038823
0 0.781092 0.122512 0.126202 0.039429
0 0.012429 0.194047 0.024858 0.044474
4 0.215239 0.576948 0.094300 0.046641
4 0.420609 0.672372 0.027560 0.047765
4 0.214678 0.487125 0.092691 0.049958
4 0.086935 0.352897 0.168371 0.047749
4 0.215464 0.533211 0.094900 0.047061
0 0.090385 0.191940 0.025337 0.041218
4 0.215238 0.351953 0.094514 0.047801
0 0.235891 0.122578 0.175265 0.040756
0 0.655687 0.122131 0.107343 0.037705
4 0.086048 0.865305 0.166322 0.056925
4 0.215525 0.621677 0.094882 0.050424
2 0.226142 0.192346 0.071220 0.049269
4 0.215357 0.864688 0.094846 0.054295
0 0.043879 0.041388 0.025811 0.050959
0 0.898230 0.039000 0.026549 0.052551
0 0.933260 0.043777 0.021386 0.055736
0 0.970870 0.040592 0.030236 0.055736