0 0.086564 0.189555 0.021408 0.027703
0 0.195914 0.191938 0.128940 0.027925
4 0.682994 0.644040 0.117646 0.034799
0 0.111618 0.189437 0.022437 0.027342
0 0.839915 0.950780 0.030393 0.035266
4 0.683400 0.784878 0.119350 0.035103
0 0.355998 0.189885 0.159895 0.029690
4 0.309829 0.573151 0.064333 0.033361
0 0.060501 0.189736 0.022038 0.026886
4 0.882266 0.385142 0.048178 0.031517
4 0.336652 0.716463 0.114811 0.033248
2 0.146161 0.080463 0.178838 0.030576
4 0.309617 0.608637 0.063946 0.031576
0 0.035781 0.456235 0.028179 0.030139
4 0.391231 0.751689 0.219376 0.033767
4 0.336582 0.784970 0.118302 0.032959
4 0.304444 0.856124 0.054659 0.033110
0 0.672778 0.080492 0.024692 0.030131
4 0.256875 0.277867 0.117137 0.034342
4 0.879591 0.278209 0.054052 0.032285
4 0.303794 0.820606 0.052597 0.032383
4 0.573370 0.278769 0.053780 0.031927
4 0.672860 0.715784 0.096776 0.033236
4 0.388767 0.891592 0.223959 0.036381
4 0.334908 0.469246 0.118976 0.034768
0 0.278790 0.080089 0.024502 0.030858
0 0.638060 0.080231 0.026963 0.029049
4 0.869354 0.313725 0.032160 0.031782
4 0.735457 0.891967 0.225410 0.037266
4 0.389307 0.643862 0.224751 0.033808
0 0.071058 0.456149 0.026221 0.028710
0 0.457949 0.079804 0.024047 0.029219
0 0.810607 0.950363 0.028665 0.035023
0 0.403883 0.079072 0.025175 0.028963
0 0.431617 0.079556 0.021237 0.028105
0 0.701087 0.079522 0.023657 0.031137
4 0.604777 0.313699 0.116467 0.034208
0 0.034453 0.190511 0.025590 0.030302
4 0.346803 0.679890 0.135529 0.033569
4 0.364824 0.504727 0.179157 0.033366
0 0.023445 0.028309 0.021534 0.023929
4 0.682852 0.539348 0.115539 0.033239
0 0.314391 0.080325 0.026436 0.028902
0 0.610534 0.080502 0.025546 0.028568
4 0.683610 0.502464 0.116660 0.033606
4 0.415780 0.434160 0.273805 0.036314
4 0.891412 0.416148 0.067000 0.027977
0 0.096205 0.456161 0.018416 0.026810
4 0.293305 0.399115 0.032836 0.031244
4 0.257861 0.314210 0.118386 0.032232
0 0.843247 0.351790 0.021695 0.028793
4 0.639358 0.574107 0.032788 0.029771
4 0.704934 0.574509 0.050443 0.032185