0 0.685849 0.655273 0.076081 0.034255
0 0.607063 0.655499 0.075997 0.029888
0 0.433026 0.328391 0.080394 0.030661
0 0.515490 0.329011 0.083686 0.031902
0 0.160220 0.476264 0.109815 0.021548
0 0.144615 0.428570 0.076769 0.018452
0 0.143869 0.407211 0.078032 0.018680
3 0.088818 0.226723 0.013463 0.024575
0 0.658749 0.500931 0.132517 0.032558
4 0.362008 0.227543 0.218781 0.033688
0 0.515871 0.227581 0.088705 0.036553
0 0.148932 0.452594 0.086321 0.015719
0 0.127684 0.387512 0.043825 0.014042
0 0.222949 0.141897 0.298488 0.028633
0 0.658728 0.201457 0.130096 0.026344
3 0.089099 0.184549 0.021877 0.023909
1 0.095269 0.268978 0.011780 0.014943
0 0.045344 0.089286 0.024121 0.029139
0 0.046466 0.123655 0.024121 0.032128
0 0.045624 0.155783 0.025804 0.026151