0 0.495201 0.698945 0.068398 0.039200
0 0.495268 0.188643 0.067836 0.037400
0 0.935276 0.777105 0.033406 0.037720
0 0.968234 0.951002 0.036292 0.037238
0 0.899968 0.777349 0.029669 0.037589
0 0.896568 0.265080 0.029863 0.035145
0 0.934048 0.265488 0.036346 0.034689
2 0.043629 0.130255 0.018808 0.034209
2 0.093404 0.441923 0.117525 0.243825
2 0.958130 0.130252 0.019385 0.033457
0 0.261472 0.835550 0.016079 0.033250
0 0.146011 0.834355 0.017358 0.033105
0 0.377278 0.834282 0.015690 0.029262
0 0.093700 0.442383 0.119076 0.243745
0 0.925358 0.131984 0.020150 0.033798
4 0.312469 0.266639 0.559468 0.044612
2 0.099148 0.057541 0.046433 0.037385
0 0.879493 0.055405 0.017481 0.030976
0 0.907626 0.057541 0.020212 0.037385
0 0.934120 0.055405 0.021851 0.033113
0 0.962799 0.057007 0.018027 0.036317
0 0.101060 0.135516 0.034961 0.028840
0 0.226702 0.133380 0.098328 0.026704
0 0.305364 0.133380 0.040424 0.028840
0 0.383481 0.134448 0.088496 0.033113
0 0.464056 0.134448 0.051896 0.033113
0 0.570305 0.134448 0.139845 0.037385
0 0.696493 0.133380 0.080848 0.035249
0 0.822135 0.134448 0.136567 0.033113