0 0.912329 0.970503 0.037996 0.043488
0 0.677503 0.114774 0.024028 0.033845
2 0.088457 0.111330 0.150320 0.045182
0 0.964922 0.972453 0.048975 0.037110
0 0.598181 0.112827 0.020440 0.028606
0 0.487429 0.114597 0.084425 0.036712
2 0.735822 0.112433 0.058326 0.035199
0 0.972685 0.112385 0.029233 0.031471
0 0.638461 0.109884 0.022018 0.025890
0 0.326272 0.114056 0.059973 0.034252
0 0.246938 0.114494 0.063296 0.035062
0 0.557828 0.113376 0.020755 0.032819
0 0.928747 0.116205 0.022163 0.034390
0 0.402939 0.113969 0.050973 0.034438
0 0.188823 0.116731 0.021199 0.033808
0 0.889979 0.116241 0.021360 0.033918
0 0.027391 0.032475 0.027391 0.042829
1 0.151180 0.363992 0.011913 0.021525