0 0.034766 0.024421 0.016435 0.048842
0 0.047830 0.088727 0.050147 0.037986
0 0.128108 0.088727 0.101138 0.037986
0 0.226296 0.086828 0.083439 0.045583
0 0.316688 0.087303 0.087231 0.040835
0 0.391066 0.086828 0.051412 0.039885
0 0.921829 0.025100 0.017278 0.043684
0 0.947745 0.027475 0.021913 0.042734
0 0.973873 0.025575 0.016856 0.042734
0 0.949853 0.160426 0.010957 0.035137
0 0.965866 0.163275 0.012642 0.018043
0 0.966709 0.087777 0.042141 0.036087
0 0.086810 0.160426 0.094395 0.038936
0 0.195112 0.162325 0.100295 0.042734
0 0.297303 0.161375 0.089760 0.042734
0 0.380531 0.160426 0.053097 0.040835
0 0.457438 0.161850 0.084703 0.045583
0 0.558576 0.160426 0.093974 0.046533
0 0.657606 0.158526 0.083860 0.044634
0 0.754530 0.160426 0.087231 0.050331
0 0.850822 0.158526 0.087653 0.046533
0 0.470712 0.206484 0.022756 0.034187
0 0.470712 0.250168 0.023599 0.030389
0 0.494943 0.250168 0.023177 0.032288
0 0.587442 0.418256 0.014328 0.030389
0 0.608512 0.420630 0.014328 0.027540
0 0.548883 0.640949 0.018121 0.031338
0 0.588074 0.641899 0.047619 0.029439
2 0.456384 0.085878 0.064897 0.037986
2 0.513064 0.089202 0.033291 0.040835
4 0.211547 0.207433 0.243574 0.032288
4 0.211125 0.249693 0.243574 0.033238
4 0.166877 0.378371 0.022756 0.032288
4 0.211336 0.422054 0.113359 0.032288
4 0.163717 0.463839 0.018121 0.030389
4 0.211757 0.508473 0.113359 0.032288
4 0.164138 0.551207 0.016435 0.030389
4 0.375474 0.464789 0.022756 0.034187
4 0.375685 0.421580 0.024020 0.035137
4 0.393173 0.376946 0.058997 0.033238
4 0.375895 0.552157 0.025284 0.032288
4 0.375685 0.594891 0.023177 0.030389
4 0.398651 0.851771 0.022756 0.031338
4 0.208386 0.851771 0.105773 0.031338
4 0.208175 0.895455 0.107880 0.033238
4 0.169617 0.723094 0.029077 0.032288
1 0.162242 0.592992 0.007585 0.018993
5 0.504846 0.530315 0.233460 0.273499
0 0.957649 0.979025 0.056890 0.035137