2 0.491008 0.626014 0.276085 0.028187
4 0.721239 0.845022 0.029872 0.043185
4 0.724597 0.800963 0.036482 0.039618
2 0.337853 0.143473 0.141895 0.041912
0 0.296473 0.537513 0.020737 0.038244
4 0.720952 0.888936 0.028755 0.035612
0 0.270088 0.537176 0.022853 0.039904
0 0.564659 0.536855 0.022481 0.039090
0 0.477280 0.537111 0.020701 0.036985
4 0.724494 0.713312 0.035743 0.039475
1 0.269408 0.351772 0.017396 0.031980
2 0.484049 0.888789 0.211352 0.040044
0 0.497521 0.537529 0.019387 0.036182
4 0.724627 0.756739 0.036265 0.036779
4 0.397405 0.757656 0.036198 0.037068
0 0.363994 0.536469 0.021230 0.036777
0 0.384306 0.536367 0.019197 0.035156
0 0.537786 0.536980 0.019865 0.037822
0 0.093025 0.291911 0.021995 0.039524
1 0.288437 0.351664 0.019559 0.033614
0 0.429995 0.537093 0.020272 0.036515
0 0.451206 0.536981 0.021465 0.036655
1 0.288785 0.420018 0.019743 0.032003
4 0.814347 0.454676 0.070642 0.037730
1 0.268978 0.317345 0.015937 0.029954
4 0.397331 0.714694 0.036706 0.038412
0 0.517622 0.537549 0.019966 0.036615
1 0.269209 0.420059 0.016727 0.030964
4 0.127109 0.700984 0.227081 0.036925
0 0.404971 0.536895 0.020943 0.035629
4 0.126248 0.803840 0.224258 0.036809
0 0.338098 0.536813 0.021250 0.037137
4 0.127070 0.597812 0.228357 0.037423
1 0.820110 0.801399 0.012715 0.024011
1 0.269466 0.386890 0.016817 0.030281
4 0.898686 0.142879 0.075941 0.041203
0 0.656815 0.625218 0.022881 0.038306
2 0.484011 0.802091 0.210502 0.039589
1 0.288528 0.454575 0.019213 0.034326
0 0.317461 0.536900 0.019661 0.037593
0 0.040708 0.291224 0.019398 0.037356
4 0.127011 0.494925 0.224438 0.037468
4 0.813791 0.352335 0.072039 0.037807
1 0.288392 0.386116 0.019689 0.032285
4 0.813735 0.418805 0.072274 0.037420
4 0.813974 0.385816 0.072065 0.033482
0 0.261159 0.086928 0.072409 0.029605
2 0.014032 0.291409 0.028064 0.040159
0 0.972087 0.088467 0.041977 0.030532
0 0.064009 0.291400 0.021262 0.038796
0 0.249980 0.625692 0.022091 0.035914
0 0.678777 0.624973 0.021196 0.037959
1 0.287573 0.317341 0.018180 0.030642
4 0.126975 0.391867 0.227028 0.039497
4 0.749101 0.352006 0.028850 0.035582
0 0.953976 0.538466 0.092048 0.040022
1 0.819601 0.757031 0.011698 0.022967
4 0.960503 0.455456 0.039837 0.039097
1 0.269116 0.454235 0.017221 0.031233
4 0.128079 0.630507 0.227036 0.040319
4 0.895281 0.418778 0.094587 0.038498
4 0.960363 0.418243 0.039444 0.037024
4 0.895267 0.352775 0.093283 0.038997
4 0.681555 0.454722 0.109316 0.037665
4 0.127540 0.425196 0.226749 0.040212
4 0.896974 0.456128 0.094280 0.040177
4 0.127476 0.527772 0.226022 0.040373
0 0.611083 0.088883 0.047987 0.030548
1 0.820611 0.713311 0.012699 0.026889
4 0.960194 0.352419 0.038662 0.037473
4 0.127458 0.734980 0.225429 0.038307
4 0.749935 0.453912 0.030349 0.035112
4 0.680985 0.352628 0.108581 0.038644
4 0.895443 0.386025 0.093758 0.034265
0 0.249955 0.230161 0.020539 0.035967
4 0.960378 0.386042 0.039102 0.033419
4 0.749817 0.418777 0.030116 0.035777
4 0.749701 0.384861 0.029009 0.032271
4 0.126252 0.461116 0.224695 0.040482
4 0.989231 0.418562 0.021538 0.037271
0 0.121269 0.291307 0.019469 0.036918
4 0.124927 0.872393 0.224124 0.041612
4 0.316983 0.385191 0.036224 0.033601
4 0.126930 0.666993 0.227673 0.040923
2 0.816150 0.087686 0.074940 0.030836
4 0.127777 0.769817 0.226004 0.040167
4 0.127636 0.563820 0.226212 0.039929
4 0.771512 0.385481 0.017304 0.032093
4 0.316579 0.352049 0.035765 0.035840
4 0.680481 0.418479 0.112026 0.037866
4 0.444197 0.142869 0.074843 0.039466
4 0.686051 0.142847 0.190257 0.043224
4 0.126721 0.837750 0.224299 0.038148
4 0.770595 0.352044 0.018197 0.034824
4 0.988958 0.386408 0.022084 0.035483
4 0.368385 0.352223 0.021806 0.035044
0 0.528444 0.088754 0.106191 0.030048
0 0.343300 0.088239 0.074740 0.029735
0 0.427152 0.087833 0.082042 0.030226
4 0.417301 0.924368 0.077088 0.031538
4 0.317242 0.419043 0.036455 0.036049
4 0.989331 0.353189 0.021338 0.037937
4 0.680364 0.315724 0.109678 0.039087
0 0.205060 0.087635 0.026969 0.027942
0 0.652030 0.088575 0.023562 0.029542
4 0.368555 0.386042 0.021307 0.032080
4 0.441687 0.352126 0.126676 0.038267
0 0.935974 0.088748 0.015313 0.029970
0 0.109232 0.089505 0.149921 0.032272
4 0.440292 0.385678 0.126012 0.036562
4 0.345617 0.352318 0.026414 0.035410
0 0.250174 0.187430 0.020774 0.034704
4 0.566676 0.417817 0.124648 0.041046
2 0.138866 0.291900 0.015454 0.038624
4 0.345959 0.384862 0.026476 0.032190
4 0.989527 0.455670 0.020946 0.040022
4 0.771636 0.418857 0.017562 0.035291
4 0.565345 0.454193 0.125017 0.037283
4 0.317792 0.454481 0.035703 0.035957
4 0.442721 0.418453 0.125026 0.040991
0 0.721482 0.089000 0.102983 0.032078
0 0.538186 0.670998 0.042362 0.033183
4 0.892071 0.927995 0.073915 0.026654
4 0.565087 0.385797 0.125583 0.035937
4 0.008351 0.666637 0.016702 0.036189
4 0.566583 0.352417 0.126828 0.038628
4 0.346441 0.418744 0.026267 0.036411
4 0.008231 0.700630 0.016462 0.034772
4 0.895275 0.317043 0.094014 0.036445
4 0.316299 0.316311 0.036415 0.035525
4 0.720309 0.927657 0.028923 0.030908
4 0.368633 0.418937 0.022062 0.035450
4 0.440331 0.454387 0.125175 0.037668
4 0.771583 0.453894 0.017275 0.034930
4 0.813814 0.316158 0.072186 0.034676
4 0.345413 0.316332 0.025843 0.035387
4 0.008270 0.460112 0.016540 0.034627
4 0.008339 0.769339 0.016677 0.036278
4 0.008267 0.630792 0.016534 0.036316
4 0.008279 0.596838 0.016558 0.035024
4 0.008239 0.803670 0.016477 0.035029
4 0.008195 0.493784 0.016390 0.035268
4 0.989003 0.316542 0.021994 0.036018
4 0.008281 0.733943 0.016562 0.035310
4 0.369492 0.453757 0.022113 0.034310
4 0.345729 0.453135 0.025119 0.033870
1 0.445895 0.714685 0.014142 0.028605
4 0.008364 0.563153 0.016728 0.034771
4 0.008098 0.424637 0.015859 0.036178
4 0.368577 0.316610 0.021291 0.034619
4 0.441753 0.319121 0.125608 0.033701
4 0.008265 0.872056 0.016529 0.037592
4 0.008265 0.836421 0.016530 0.035855
4 0.681700 0.385545 0.110198 0.034306
2 0.878078 0.089153 0.035996 0.031015
4 0.008213 0.528325 0.016425 0.036171
4 0.124699 0.907837 0.222092 0.039157
4 0.565699 0.314063 0.125687 0.044211
0 0.477808 0.668840 0.050829 0.027994
4 0.007599 0.390599 0.015197 0.036307
4 0.820873 0.888882 0.012206 0.036103
3 0.041451 0.978350 0.017801 0.039670
0 0.592513 0.674558 0.037636 0.033407
0 0.653036 0.675602 0.048825 0.029231
0 0.709999 0.672470 0.034584 0.035495
0 0.783491 0.669338 0.085953 0.033407
0 0.876055 0.669860 0.067643 0.030275
0 0.960482 0.675080 0.077815 0.032363
0 0.042468 0.026260 0.017801 0.033407
0 0.249466 0.140573 0.019835 0.040714
0 0.920557 0.023650 0.019327 0.038626
0 0.948530 0.024694 0.021361 0.044890
0 0.979554 0.025216 0.020344 0.037583