4 0.219568 0.339953 0.039985 0.041216
4 0.242656 0.290602 0.086961 0.044256
4 0.224677 0.647254 0.045890 0.039752
0 0.975122 0.100623 0.049147 0.040253
2 0.032609 0.099248 0.042340 0.035259
4 0.208631 0.798515 0.016652 0.038175
4 0.356153 0.189608 0.314114 0.046617
4 0.208393 0.747401 0.016177 0.041288
4 0.209106 0.697836 0.015701 0.037563
4 0.208393 0.851248 0.015225 0.040287
1 0.207633 0.493802 0.014667 0.028077
0 0.024741 0.028122 0.019983 0.039752
0 0.917071 0.028122 0.021410 0.049690
0 0.951565 0.030110 0.028547 0.049690
0 0.987201 0.028619 0.025597 0.038758