0 0.020571 0.024778 0.020183 0.040497
0 0.923187 0.026763 0.022124 0.038115
0 0.952298 0.028748 0.022900 0.038909
0 0.983543 0.029939 0.021736 0.038115
0 0.975004 0.088303 0.045800 0.032556
0 0.047547 0.090685 0.076463 0.030968
0 0.160107 0.093067 0.135460 0.029380
0 0.303718 0.092670 0.132355 0.026998
2 0.395513 0.088303 0.033380 0.029380
0 0.426370 0.218131 0.015137 0.031762
0 0.902541 0.980295 0.064670 0.039410
0 0.970275 0.977974 0.059450 0.044052
0 0.203653 0.977999 0.071477 0.039459
0 0.025528 0.720937 0.021557 0.038298
0 0.060132 0.716295 0.019287 0.038298
0 0.080837 0.719196 0.018720 0.032495
0 0.102110 0.719777 0.021557 0.031335
0 0.136431 0.717456 0.019855 0.033656
0 0.157987 0.718616 0.018720 0.035977
0 0.191740 0.719196 0.019287 0.037138
0 0.212446 0.717456 0.022124 0.035977
0 0.234003 0.720937 0.018720 0.033656
4 0.276265 0.217259 0.283640 0.033656
4 0.147776 0.308943 0.027797 0.035977
1 0.024960 0.489988 0.010211 0.019729
1 0.024677 0.525385 0.010778 0.020890
1 0.024677 0.561362 0.010778 0.023211
1 0.024960 0.597339 0.011346 0.018569
1 0.024393 0.632736 0.011346 0.022050
4 0.446608 0.718393 0.040118 0.035002
4 0.092920 0.490276 0.119764 0.032588
4 0.092625 0.526485 0.120354 0.037416
4 0.092625 0.563901 0.117994 0.035002
4 0.092035 0.598300 0.120354 0.031381
4 0.091740 0.632095 0.119764 0.031381
4 0.273156 0.488466 0.239528 0.038623
4 0.272271 0.529503 0.238938 0.036209
4 0.273451 0.564505 0.238938 0.031381
4 0.273451 0.597697 0.240118 0.032588
4 0.273451 0.632095 0.238938 0.033795
4 0.410029 0.490276 0.033038 0.039830
4 0.408555 0.526485 0.032448 0.032588
4 0.409735 0.562694 0.033628 0.039830
4 0.410324 0.600110 0.031268 0.035002
4 0.410324 0.633302 0.031268 0.031381
4 0.438053 0.488466 0.020649 0.038623
4 0.437168 0.527089 0.022419 0.036209
4 0.438643 0.565108 0.019469 0.030174
4 0.437168 0.598903 0.020059 0.037416
4 0.437168 0.635113 0.022419 0.035002
4 0.462832 0.488466 0.027729 0.041037
4 0.462832 0.527692 0.027729 0.035002
4 0.462537 0.564505 0.028319 0.033795
4 0.463127 0.598300 0.028319 0.031381
4 0.462242 0.632095 0.027729 0.036209
4 0.496460 0.487862 0.038348 0.037416
4 0.497345 0.524071 0.037758 0.037416
4 0.496460 0.560884 0.038348 0.033795
4 0.497050 0.597093 0.037168 0.038623
4 0.495870 0.632699 0.039528 0.030174