0 0.021422 0.023790 0.016154 0.036078
0 0.911996 0.022358 0.016154 0.044716
0 0.942548 0.021636 0.018261 0.043272
0 0.974154 0.020193 0.026689 0.040386
0 0.927097 0.082959 0.021070 0.030306
0 0.967130 0.082237 0.043545 0.034635
0 0.052325 0.080072 0.082174 0.036078
0 0.157325 0.080072 0.113780 0.036078
2 0.259868 0.081515 0.075853 0.038965
2 0.322728 0.080794 0.034415 0.031749
2 0.230721 0.481985 0.211406 0.034635
2 0.201222 0.528165 0.151004 0.031749
2 0.200169 0.707113 0.150302 0.037521
4 0.223697 0.165939 0.210001 0.034635
4 0.161891 0.209233 0.089198 0.037521
4 0.162944 0.256856 0.087091 0.034635
4 0.231423 0.435804 0.212811 0.031749
4 0.138362 0.572902 0.026689 0.034635
4 0.135553 0.797309 0.019666 0.030306
4 0.231423 0.932963 0.211406 0.033192
0 0.890926 0.968320 0.063913 0.034635
0 0.960458 0.965434 0.058295 0.031749
0 0.287259 0.256134 0.115185 0.036078
0 0.390153 0.166660 0.017559 0.033192
0 0.410170 0.167382 0.015452 0.034635
0 0.429836 0.166660 0.018261 0.036078
0 0.450555 0.165939 0.018963 0.037521
0 0.471625 0.167382 0.018963 0.037521
0 0.506391 0.436526 0.018261 0.036078
0 0.533783 0.437247 0.019666 0.034635
0 0.053027 0.346330 0.055485 0.034635
0 0.127476 0.348495 0.061104 0.033192
0 0.185068 0.345609 0.021773 0.038965
0 0.238095 0.347052 0.061806 0.041851
0 0.311490 0.349216 0.065318 0.028863
1 0.131042 0.843499 0.010211 0.022535
1 0.371190 0.843499 0.010967 0.020981
1 0.371001 0.932862 0.011346 0.014764
3 0.370812 0.708677 0.013993 0.023312
3 0.371001 0.752582 0.015127 0.027197