0 0.020895 0.028213 0.022124 0.038911
0 0.048550 0.095993 0.076205 0.033890
0 0.160398 0.095993 0.130285 0.023849
0 0.299287 0.094111 0.136431 0.027614
0 0.973451 0.093483 0.044248 0.028869
0 0.919063 0.025075 0.022738 0.042677
0 0.948562 0.026330 0.020280 0.042677
0 0.979597 0.026958 0.027040 0.048953
0 0.900320 0.979650 0.065143 0.033890
0 0.965769 0.978395 0.057153 0.028869
0 0.025504 0.717942 0.019051 0.035145
0 0.061148 0.720453 0.020280 0.035145
0 0.081428 0.719825 0.020280 0.033890
0 0.101094 0.720453 0.020280 0.035145
0 0.190511 0.719825 0.020895 0.033890
0 0.212942 0.722963 0.020280 0.035145
0 0.233223 0.720453 0.019051 0.032635
0 0.137045 0.719825 0.018437 0.036401
0 0.157018 0.721080 0.020280 0.033890
4 0.275627 0.223396 0.282080 0.035145
4 0.146264 0.311259 0.028269 0.035145
4 0.444936 0.719825 0.039331 0.036401
2 0.395772 0.092855 0.035644 0.027614
1 0.024582 0.490752 0.009833 0.022594
1 0.025504 0.529036 0.009218 0.021338
1 0.024889 0.565436 0.010447 0.018828
1 0.024582 0.598699 0.009833 0.020083
1 0.024275 0.634472 0.010447 0.023849
4 0.092490 0.492635 0.117380 0.038911
4 0.092183 0.530918 0.119223 0.037656
4 0.091876 0.568574 0.117380 0.027614
4 0.092183 0.600582 0.119223 0.031380
4 0.092183 0.634472 0.117994 0.033890