0 0.042237 0.022772 0.025476 0.037866
2 0.167605 0.025138 0.117994 0.040706
0 0.918477 0.022298 0.018772 0.042599
0 0.948422 0.023245 0.021453 0.040706
0 0.978815 0.023245 0.021453 0.040706
0 0.957808 0.088090 0.015196 0.035972
0 0.980602 0.089037 0.022347 0.034079
0 0.430857 0.100396 0.078663 0.034079
0 0.510414 0.101343 0.078663 0.034079
0 0.588630 0.100396 0.078663 0.034079
0 0.412756 0.363564 0.020113 0.035972
0 0.326719 0.297298 0.204702 0.179862
4 0.904845 0.089510 0.128274 0.036919
0 0.105534 0.190726 0.209033 0.043089
0 0.101465 0.145483 0.201912 0.043089
0 0.105788 0.235970 0.209541 0.045243
0 0.105025 0.282290 0.210050 0.043089
0 0.105788 0.326994 0.209541 0.044166
0 0.105025 0.372776 0.210050 0.043089
0 0.106042 0.418558 0.212084 0.048475
0 0.105025 0.464878 0.209033 0.044166
0 0.105279 0.510660 0.210558 0.047398
0 0.105534 0.558596 0.209033 0.044166
0 0.105025 0.601684 0.210050 0.044166
0 0.105534 0.646389 0.210050 0.043089
0 0.106042 0.693248 0.212084 0.050629
0 0.105279 0.740645 0.210558 0.039857
0 0.106296 0.784811 0.210558 0.044166
0 0.106042 0.831670 0.210050 0.047398
0 0.104771 0.878529 0.209541 0.044166
0 0.106805 0.922695 0.210558 0.042011
0 0.105788 0.971708 0.209541 0.049552