4 0.280089 0.248066 0.077089 0.038999
4 0.448921 0.247322 0.076448 0.040349
4 0.259509 0.334940 0.035468 0.038511
4 0.306572 0.290410 0.130502 0.039740
4 0.307230 0.466210 0.132438 0.041948
4 0.429359 0.335452 0.035234 0.038113
4 0.476095 0.467101 0.130329 0.041813
4 0.307143 0.510797 0.128897 0.039458
4 0.259386 0.160529 0.035137 0.040234
4 0.279550 0.423988 0.078640 0.039954
4 0.476843 0.204096 0.129140 0.037880
4 0.476186 0.511905 0.130762 0.042356
4 0.474963 0.290496 0.128710 0.039986
4 0.307111 0.204386 0.128793 0.037716
4 0.450095 0.423084 0.078376 0.040640
0 0.968689 0.084101 0.046163 0.036047
0 0.967501 0.971103 0.047884 0.037320
4 0.249791 0.379692 0.016894 0.035347
2 0.173653 0.082285 0.036473 0.028526
0 0.555017 0.424452 0.028317 0.039931
0 0.555016 0.249131 0.028386 0.039825
0 0.554866 0.511340 0.027429 0.037619
0 0.555445 0.203328 0.028644 0.038662
4 0.419317 0.379685 0.016374 0.034016
0 0.079616 0.084261 0.133728 0.031408
0 0.555210 0.380266 0.028802 0.036769
0 0.554978 0.335513 0.027855 0.039504
0 0.555115 0.291168 0.028141 0.038345
0 0.555080 0.467227 0.028060 0.037901
0 0.025402 0.021419 0.021304 0.035171
0 0.916912 0.021968 0.021304 0.029676
0 0.949142 0.025265 0.025675 0.040667
0 0.976729 0.025265 0.018573 0.034072