0 0.039331 0.025869 0.024582 0.051737
2 0.166421 0.027342 0.124385 0.040117
0 0.922812 0.023005 0.020649 0.042285
0 0.952557 0.024089 0.022124 0.042285
0 0.983530 0.024631 0.020157 0.045538
0 0.962635 0.092938 0.017699 0.030359
0 0.985005 0.092938 0.014258 0.030359
4 0.919617 0.091854 0.151917 0.032527
0 0.431908 0.105407 0.078171 0.037948
0 0.512291 0.104323 0.079646 0.040117
0 0.590708 0.104323 0.077188 0.037948
0 0.413963 0.380262 0.019666 0.039033
0 0.327188 0.314123 0.207965 0.192995
0 0.102016 0.212747 0.202065 0.044454
0 0.102507 0.257201 0.202065 0.044454
0 0.101770 0.304365 0.202557 0.049875
0 0.102262 0.355324 0.202557 0.047707
0 0.101524 0.401404 0.203048 0.042285
0 0.101278 0.448569 0.201573 0.052043
0 0.100541 0.498444 0.201082 0.045538
0 0.099803 0.546150 0.199606 0.047707
0 0.099312 0.592773 0.198623 0.045538
0 0.099312 0.642648 0.198623 0.054212
0 0.099803 0.692523 0.197640 0.043370
0 0.099066 0.741855 0.195182 0.053128
0 0.099066 0.788478 0.197148 0.040117
0 0.098820 0.832932 0.196657 0.048791
0 0.098083 0.880096 0.196165 0.045538
0 0.098083 0.928887 0.195182 0.049875
0 0.098328 0.976593 0.195674 0.043370