0 0.307389 0.729425 0.024395 0.044931
0 0.280594 0.726091 0.021546 0.040302
0 0.774147 0.730831 0.022127 0.042367
0 0.104542 0.336292 0.023992 0.046180
0 0.747801 0.730679 0.022794 0.043190
0 0.071086 0.336105 0.023774 0.045934
0 0.135154 0.336950 0.021519 0.044651
0 0.566253 0.731884 0.023595 0.045707
2 0.015191 0.336474 0.030382 0.045456
0 0.876648 0.732682 0.109619 0.047120
0 0.340633 0.730975 0.023330 0.047154
0 0.044818 0.336473 0.023082 0.042985
0 0.799111 0.731976 0.024131 0.044276
0 0.945580 0.731597 0.023280 0.043967
0 0.532845 0.732465 0.024990 0.047497
2 0.684430 0.734316 0.018283 0.047652
0 0.218142 0.099746 0.029737 0.031657
0 0.366663 0.731295 0.023682 0.045612
0 0.715246 0.731957 0.024040 0.045891
0 0.391692 0.731107 0.022642 0.044834
0 0.442442 0.731972 0.020379 0.043556
0 0.417696 0.731173 0.023895 0.043561
2 0.554577 0.470438 0.122005 0.048385
4 0.746346 0.343144 0.507307 0.211365
4 0.498824 0.163603 0.086578 0.043492
0 0.280728 0.099292 0.077695 0.032465
2 0.647611 0.101615 0.082628 0.035124
0 0.666709 0.732373 0.020439 0.046379
2 0.460299 0.732452 0.017195 0.044285
2 0.717774 0.100865 0.039331 0.032209
0 0.107252 0.102333 0.171417 0.038094
2 0.154530 0.337844 0.018262 0.043975
2 0.509274 0.731677 0.017801 0.045587
0 0.542957 0.101833 0.115866 0.034372
2 0.598369 0.732056 0.033556 0.047621
0 0.280586 0.217178 0.021919 0.039036
0 0.387352 0.101234 0.118276 0.044211
0 0.491518 0.732203 0.020081 0.045068
0 0.936108 0.099603 0.015507 0.033202
0 0.466181 0.100261 0.027005 0.034800
4 0.141585 0.570004 0.247772 0.044133
0 0.976121 0.100318 0.046583 0.033173
4 0.008669 0.650731 0.017338 0.039629
4 0.008676 0.570626 0.017352 0.039308
4 0.007092 0.532157 0.014134 0.039263
2 0.635104 0.732175 0.033782 0.046255
4 0.139845 0.729582 0.246652 0.043881
4 0.008656 0.809912 0.017312 0.039612
4 0.008637 0.611787 0.017256 0.039969
4 0.141527 0.534084 0.250016 0.038994
4 0.141003 0.610985 0.246608 0.045309
4 0.008628 0.771090 0.017254 0.039865
4 0.008664 0.730168 0.017328 0.039541
4 0.141298 0.649546 0.247198 0.043380
4 0.008281 0.689039 0.016476 0.041910
4 0.139729 0.809980 0.250336 0.043072
0 0.307781 0.219567 0.031351 0.037125
4 0.138596 0.770209 0.249062 0.045010
4 0.138587 0.690593 0.250259 0.044973
2 0.380095 0.164533 0.153629 0.040771
4 0.421686 0.355065 0.031573 0.039782
0 0.038938 0.027040 0.021239 0.050133
0 0.918289 0.032053 0.025369 0.052640
0 0.950737 0.028293 0.023009 0.052640
0 0.985251 0.030173 0.025959 0.048880
0 0.280531 0.165533 0.021829 0.053893
4 0.421534 0.314680 0.032448 0.041360
4 0.008555 0.455054 0.017109 0.038853
4 0.141593 0.455054 0.245428 0.036347
4 0.009145 0.493907 0.015929 0.031333
4 0.140118 0.493907 0.247198 0.036347