0 0.420882 0.759948 0.097913 0.039018
0 0.324277 0.759948 0.096628 0.039018
0 0.906507 0.974409 0.072822 0.036059
0 0.025061 0.850968 0.023060 0.043420
0 0.480668 0.170458 0.021464 0.037599
0 0.528377 0.760108 0.020770 0.037926
0 0.486182 0.760174 0.021246 0.037454
0 0.259670 0.759960 0.021267 0.037477
0 0.506860 0.170268 0.022556 0.037219
0 0.507004 0.760800 0.020794 0.037411
0 0.590501 0.760147 0.021268 0.039415
0 0.459082 0.170454 0.021728 0.039417
0 0.024558 0.261009 0.022902 0.039252
0 0.972468 0.970884 0.047141 0.031111
4 0.183494 0.352298 0.077226 0.038512
0 0.238275 0.760681 0.021405 0.037494
4 0.437983 0.308196 0.117965 0.039403
0 0.082614 0.262249 0.051119 0.038872
0 0.973507 0.090150 0.042535 0.029225
0 0.071154 0.854714 0.030563 0.042048
0 0.917423 0.089437 0.055942 0.031495
2 0.201819 0.089292 0.034576 0.029400
4 0.469705 0.352613 0.181409 0.040233
0 0.054187 0.088695 0.078841 0.031095
0 0.065777 0.759741 0.021203 0.036861
4 0.154247 0.761127 0.143314 0.041933
4 0.329071 0.579404 0.031874 0.037743
4 0.335050 0.171976 0.091123 0.038810
4 0.426671 0.650968 0.114916 0.036461
4 0.426945 0.612219 0.114531 0.038737
4 0.329139 0.615617 0.032711 0.034683
2 0.218012 0.171285 0.133961 0.037427
4 0.328976 0.651830 0.032378 0.035703
4 0.427386 0.687292 0.114076 0.036186
4 0.357674 0.578894 0.028048 0.038763
2 0.079583 0.171738 0.132245 0.038334
2 0.138207 0.089557 0.075300 0.031107
4 0.194488 0.651830 0.238527 0.033663
4 0.427570 0.578977 0.113677 0.034849
0 0.044571 0.759737 0.020772 0.036573
4 0.194410 0.616127 0.238908 0.035703
4 0.792488 0.171100 0.027674 0.038842
4 0.328860 0.687533 0.032954 0.035703
4 0.357142 0.616637 0.027090 0.036723
4 0.194516 0.580424 0.240216 0.039783
4 0.497768 0.612188 0.030509 0.036349
4 0.357345 0.685493 0.027177 0.037743
4 0.357430 0.651320 0.027796 0.032643
4 0.496617 0.649945 0.029237 0.042063
4 0.431501 0.171854 0.035790 0.038566
4 0.183114 0.306890 0.077933 0.038690
4 0.194319 0.687023 0.239428 0.038763
4 0.669647 0.647438 0.106454 0.037880
4 0.563623 0.647437 0.108076 0.038412
4 0.497868 0.577678 0.029443 0.037885
4 0.670238 0.612583 0.106331 0.037841
2 0.155776 0.399027 0.132828 0.040669
4 0.496707 0.687429 0.029056 0.034683
1 0.075628 0.398509 0.013630 0.027183
4 0.928235 0.576441 0.029301 0.035033
4 0.813752 0.172093 0.015346 0.037311
4 0.669607 0.579620 0.106092 0.036054
4 0.883202 0.611692 0.027751 0.035376
4 0.832736 0.648852 0.075208 0.040693
4 0.883034 0.577086 0.026658 0.034544
4 0.564818 0.578423 0.107948 0.037219
4 0.565019 0.612479 0.107726 0.038719
4 0.928701 0.612652 0.029639 0.034646
4 0.882990 0.686095 0.027687 0.037351
4 0.759178 0.612493 0.075023 0.036917
4 0.758789 0.646980 0.073972 0.037119
4 0.928850 0.648248 0.029915 0.038344
4 0.669690 0.683427 0.106415 0.039129
4 0.832635 0.612176 0.075312 0.036341
4 0.883117 0.647785 0.028189 0.039270
4 0.905131 0.611754 0.020067 0.034613
4 0.904914 0.577347 0.020168 0.036844
4 0.905234 0.648131 0.019833 0.038578
4 0.904931 0.686095 0.017728 0.037351
4 0.928540 0.684761 0.030191 0.036461
4 0.564858 0.683872 0.107245 0.038240
4 0.758967 0.578549 0.075476 0.037470
4 0.832394 0.686095 0.075964 0.035572
4 0.833224 0.577587 0.075108 0.037326
4 0.758781 0.684316 0.073940 0.040908
0 0.027718 0.027539 0.026956 0.047071
0 0.920049 0.027539 0.028481 0.049163
0 0.952853 0.028585 0.022887 0.049163
0 0.983115 0.029108 0.023395 0.048117
0 0.133252 0.260280 0.031533 0.039749
0 0.042722 0.398878 0.017292 0.034519
0 0.116214 0.851284 0.033059 0.043933
0 0.152833 0.852853 0.025938 0.044979