0 0.109291 0.919672 0.025527 0.030861
0 0.059557 0.919403 0.024384 0.032145
4 0.197637 0.303407 0.092251 0.032258
0 0.083954 0.919538 0.023394 0.030549
0 0.141018 0.920704 0.026239 0.033579
0 0.214562 0.919922 0.023900 0.031609
0 0.263783 0.078648 0.018957 0.027470
2 0.269148 0.773438 0.064175 0.032722
4 0.381326 0.304599 0.050630 0.034768
4 0.259477 0.441230 0.213470 0.036874
0 0.320164 0.919224 0.024830 0.033203
4 0.222378 0.406002 0.140774 0.033628
4 0.706563 0.441410 0.261857 0.035086
0 0.280613 0.918891 0.025608 0.035552
2 0.268899 0.740539 0.063439 0.033751
0 0.255175 0.918818 0.024571 0.035270
0 0.200079 0.238658 0.067294 0.033356
4 0.883082 0.772459 0.128762 0.033560
0 0.178104 0.919238 0.048822 0.033237
4 0.706212 0.339624 0.262066 0.036490
0 0.242943 0.078470 0.018583 0.027465
0 0.344842 0.919955 0.023551 0.030940
4 0.882386 0.802166 0.128913 0.031079
4 0.882456 0.677216 0.128547 0.033376
0 0.470537 0.078244 0.020548 0.028522
4 0.198053 0.339380 0.091308 0.033491
2 0.113336 0.079301 0.137730 0.034916
0 0.492220 0.076905 0.021137 0.029182
0 0.027358 0.919793 0.027259 0.034004
2 0.269738 0.803817 0.064459 0.029823
4 0.882166 0.835950 0.129546 0.032940
0 0.284954 0.078756 0.018333 0.028639
0 0.215450 0.076909 0.021027 0.030797
0 0.508146 0.183691 0.096862 0.027083
0 0.334907 0.184754 0.112372 0.027465
4 0.883456 0.708513 0.129207 0.033757
0 0.381213 0.076680 0.019407 0.029444
0 0.541262 0.076553 0.016638 0.025627
1 0.953599 0.837137 0.014965 0.023969
0 0.520585 0.077014 0.018823 0.027089
2 0.269365 0.835761 0.063406 0.034295
0 0.444688 0.077974 0.019539 0.026434
0 0.426848 0.184297 0.043223 0.025825
0 0.334301 0.077379 0.016077 0.030121
0 0.233170 0.183965 0.063039 0.024482
1 0.953389 0.774182 0.015362 0.022885
4 0.425336 0.677777 0.247728 0.035278
0 0.311720 0.078544 0.021631 0.028907
1 0.952756 0.805388 0.014035 0.021498
0 0.139812 0.185295 0.094639 0.025143
4 0.883117 0.740810 0.129191 0.035860
4 0.198457 0.373117 0.089869 0.032723
4 0.424970 0.772016 0.248655 0.033325
0 0.071935 0.238631 0.067199 0.031959
0 0.401835 0.077326 0.019798 0.027144
4 0.808771 0.741433 0.021775 0.033839
4 0.425970 0.741275 0.249354 0.028128
0 0.424471 0.077646 0.018649 0.026368
0 0.195440 0.076827 0.018201 0.027792
0 0.049172 0.183701 0.061066 0.024498
4 0.808969 0.708920 0.022022 0.031837
2 0.269789 0.709339 0.063032 0.030804
4 0.108601 0.740647 0.089254 0.036394
4 0.107862 0.773908 0.090232 0.034277
4 0.970157 0.676010 0.022470 0.030603
1 0.952200 0.741588 0.011663 0.022885
0 0.354345 0.076676 0.018484 0.030700
4 0.426347 0.709621 0.249366 0.034033
0 0.136864 0.238781 0.056934 0.033091
4 0.425804 0.804931 0.246324 0.037127
4 0.107552 0.803922 0.087018 0.032244
4 0.425386 0.837879 0.247369 0.030933
4 0.808865 0.802663 0.022113 0.030306
1 0.953503 0.710035 0.013404 0.022191
4 0.970569 0.740793 0.023396 0.033330
4 0.808937 0.835766 0.021443 0.031616
2 0.269254 0.676762 0.064535 0.032755
4 0.808788 0.676858 0.021865 0.031041
4 0.970526 0.708003 0.022597 0.031997
1 0.051076 0.837641 0.031754 0.029616
1 0.050927 0.805765 0.031489 0.030580
4 0.808628 0.773826 0.021879 0.031554
4 0.972057 0.772273 0.020401 0.029818
4 0.108815 0.837912 0.088798 0.034454
1 0.953483 0.677095 0.014309 0.024272
4 0.971430 0.803893 0.020721 0.032730
1 0.050976 0.741637 0.029597 0.032075
1 0.050734 0.773620 0.031272 0.031858
1 0.030579 0.474872 0.014418 0.021830
4 0.971164 0.836168 0.020363 0.028975
4 0.109612 0.676334 0.087133 0.034458
4 0.110174 0.709361 0.087690 0.035700