0 0.590473 0.095780 0.025326 0.035646
0 0.623573 0.095485 0.021657 0.035109
0 0.254847 0.226366 0.111854 0.033936
0 0.564860 0.096153 0.023615 0.034989
4 0.696552 0.586755 0.109612 0.042658
4 0.305591 0.334321 0.108968 0.041925
0 0.257548 0.096313 0.023127 0.035135
2 0.133886 0.097279 0.166217 0.041131
0 0.648550 0.094141 0.021273 0.033428
4 0.306063 0.587083 0.108098 0.040839
4 0.276747 0.418905 0.049466 0.042658
0 0.374411 0.096594 0.022859 0.034855
0 0.379469 0.227055 0.109685 0.034004
0 0.399089 0.096588 0.020282 0.033584
0 0.483106 0.094518 0.021510 0.033222
0 0.425649 0.095757 0.023434 0.036450
0 0.457393 0.094391 0.024810 0.034447
0 0.290553 0.097505 0.023884 0.034266
4 0.267204 0.628862 0.030380 0.041906
0 0.341816 0.097342 0.023547 0.034473
0 0.316460 0.097636 0.021515 0.033407
4 0.276734 0.375917 0.049493 0.039609
0 0.532547 0.095229 0.024875 0.035088
0 0.507494 0.095404 0.022049 0.034689
4 0.266935 0.755910 0.030262 0.040975
1 0.266700 0.544621 0.029600 0.038815
0 0.233569 0.095954 0.022895 0.033718
0 0.022333 0.032555 0.017927 0.025771
0 0.102773 0.227265 0.170320 0.030483