0 0.747544 0.952379 0.025935 0.034990
0 0.323847 0.182962 0.139121 0.027660
0 0.771810 0.953131 0.024469 0.033267
2 0.134620 0.078407 0.166318 0.031968
4 0.285388 0.457299 0.057965 0.031739
0 0.178559 0.184244 0.121924 0.029574
4 0.677322 0.829995 0.204132 0.032083
4 0.357533 0.627799 0.205631 0.032946
4 0.629314 0.661411 0.106933 0.032900
4 0.382484 0.323351 0.250812 0.032291
4 0.338181 0.390797 0.165546 0.032324
0 0.620494 0.077539 0.022603 0.028562
0 0.257437 0.076706 0.023840 0.029153
0 0.480596 0.075946 0.023930 0.030940
0 0.341428 0.078434 0.023860 0.028901
0 0.562766 0.077443 0.025539 0.029064
4 0.308550 0.356468 0.107328 0.031250
4 0.357522 0.830070 0.206014 0.031803
0 0.589493 0.077766 0.024186 0.028562
0 0.529549 0.076748 0.025562 0.029623
0 0.316496 0.078497 0.021666 0.028564
4 0.619704 0.593595 0.087743 0.033701
0 0.290453 0.078463 0.023433 0.028369
0 0.424296 0.077815 0.024287 0.030774
4 0.357533 0.525732 0.204661 0.030362
0 0.645475 0.077002 0.023162 0.030284
4 0.628948 0.526187 0.107665 0.032218
4 0.630382 0.389435 0.108333 0.033405
4 0.280522 0.762217 0.049253 0.032071
0 0.371315 0.077786 0.025831 0.030745
0 0.453194 0.076140 0.026860 0.031029
0 0.101574 0.181626 0.021939 0.027626
4 0.309999 0.694698 0.105738 0.032376
0 0.056265 0.183029 0.020153 0.026049
4 0.284661 0.492140 0.057478 0.031654
0 0.397821 0.077909 0.021068 0.030034
4 0.397089 0.694535 0.047102 0.032051
0 0.079584 0.182240 0.017951 0.027120
0 0.504505 0.076641 0.022576 0.030383
4 0.631184 0.425085 0.104682 0.033627
4 0.280528 0.795920 0.049581 0.031814
0 0.064948 0.437859 0.025040 0.028732
4 0.309576 0.864580 0.107231 0.032346
4 0.275532 0.728363 0.036873 0.030712
0 0.480521 0.183539 0.147648 0.032103
4 0.651002 0.458863 0.049954 0.032930
4 0.678285 0.863684 0.106293 0.033754
0 0.031084 0.076784 0.022974 0.030236
4 0.634643 0.898055 0.019648 0.033003
4 0.803522 0.303265 0.023890 0.029448
4 0.812735 0.269620 0.042501 0.030616
0 0.031511 0.438121 0.023422 0.029343
4 0.319327 0.558500 0.126617 0.032906
0 0.087906 0.438033 0.016877 0.025226
0 0.776329 0.243034 0.019819 0.023884
4 0.308918 0.660766 0.106930 0.031433
0 0.029805 0.183080 0.026319 0.032495
0 0.233376 0.076741 0.020532 0.025722
4 0.309716 0.593521 0.106304 0.032865
4 0.270968 0.289511 0.029116 0.029465
4 0.591547 0.458416 0.027336 0.030683
4 0.813358 0.369532 0.043629 0.032194