0 0.188050 0.102622 0.143744 0.037951
0 0.063294 0.102436 0.093468 0.034892
0 0.307731 0.101457 0.082477 0.034500
0 0.973882 0.103705 0.051103 0.041768
0 0.387117 0.101665 0.063568 0.033129
2 0.577142 0.102149 0.040287 0.030924
0 0.488056 0.103150 0.122795 0.035440
0 0.138586 0.463614 0.142633 0.029890
0 0.139317 0.701323 0.147165 0.030134
0 0.116945 0.662921 0.098556 0.027425
0 0.135965 0.861250 0.141034 0.031722
0 0.098460 0.384244 0.069901 0.024894
0 0.116983 0.424184 0.103186 0.028973
0 0.104139 0.506276 0.077092 0.027324
0 0.138903 0.742585 0.145935 0.029923
0 0.070192 0.186950 0.031132 0.024591
0 0.070841 0.227024 0.035024 0.024591
0 0.079056 0.267098 0.049725 0.022769
0 0.084677 0.303529 0.060103 0.024591
0 0.092460 0.345425 0.079993 0.024591
0 0.106297 0.543063 0.080858 0.022769
0 0.132025 0.623060 0.082155 0.023680
0 0.114729 0.582530 0.071778 0.033699
0 0.094622 0.781990 0.056644 0.024591
0 0.116675 0.823885 0.103342 0.028234
0 0.031957 0.030425 0.025675 0.047176
0 0.916912 0.029850 0.021304 0.052929
0 0.948596 0.032726 0.025675 0.051778
0 0.985469 0.032151 0.027313 0.052929