0 0.461136 0.767911 0.025897 0.044918
0 0.079365 0.114035 0.085459 0.040218
0 0.460558 0.406618 0.024741 0.044239
0 0.166565 0.115303 0.088242 0.042755
4 0.905243 0.115040 0.166866 0.040218
0 0.077235 0.472418 0.150337 0.036470
0 0.255084 0.114903 0.088366 0.043966
0 0.106502 0.422063 0.206835 0.038956
0 0.078056 0.522826 0.153879 0.036463
0 0.063017 0.574451 0.123331 0.035088
0 0.106204 0.369979 0.206644 0.041265
0 0.102730 0.268900 0.198931 0.037271
0 0.105449 0.318114 0.206997 0.040875
0 0.045143 0.624597 0.088255 0.035047
0 0.037229 0.676405 0.073133 0.032610
0 0.044847 0.727359 0.087571 0.031896
0 0.050603 0.881343 0.095065 0.030272
0 0.045812 0.828279 0.089796 0.036401
0 0.036887 0.931551 0.071793 0.034582
0 0.065183 0.217722 0.127733 0.033955
0 0.057188 0.777171 0.111767 0.033579
0 0.081501 0.981784 0.161709 0.036432
0 0.363736 0.694677 0.228851 0.204105
0 0.980094 0.114977 0.020020 0.038081
0 0.364212 0.335232 0.229803 0.205110
0 0.033305 0.029577 0.019983 0.044239
0 0.921591 0.029075 0.019983 0.047256
0 0.953944 0.029075 0.028547 0.047256
0 0.988629 0.030080 0.022742 0.047256
0 0.954658 0.113532 0.024265 0.033180
2 0.175289 0.025675 0.128205 0.045554