0 0.258298 0.116362 0.088879 0.042737
0 0.460434 0.762574 0.027124 0.046611
4 0.902571 0.119159 0.168991 0.042309
0 0.079915 0.470936 0.149432 0.036313
0 0.168625 0.115986 0.090130 0.043844
0 0.460636 0.404606 0.027474 0.049776
0 0.104429 0.268148 0.196668 0.036631
0 0.065072 0.570504 0.120271 0.033781
0 0.047737 0.824366 0.083142 0.028508
0 0.080055 0.520295 0.150930 0.035396
0 0.109476 0.420319 0.204230 0.037087
0 0.053628 0.875047 0.095736 0.031941
0 0.107423 0.370377 0.201340 0.036342
0 0.107290 0.317555 0.203655 0.040440
0 0.039759 0.672979 0.073254 0.032572
0 0.080802 0.116396 0.090090 0.043726
0 0.038956 0.925441 0.068898 0.032765
0 0.047738 0.621260 0.086816 0.034386
0 0.059457 0.773879 0.107685 0.034584
0 0.047385 0.722057 0.088473 0.030486
0 0.067048 0.217629 0.125832 0.035070
0 0.083499 0.976255 0.158689 0.039761
0 0.364761 0.973962 0.228046 0.052076
0 0.364193 0.691277 0.226912 0.202930
0 0.364193 0.334956 0.228046 0.196962
0 0.035739 0.030560 0.023826 0.051329
0 0.920127 0.029964 0.023826 0.057298
0 0.951044 0.030560 0.024393 0.051329
0 0.985081 0.032351 0.025528 0.050136
0 0.950193 0.117104 0.019287 0.042973
0 0.975153 0.115314 0.021557 0.044167
2 0.174155 0.032948 0.129340 0.046555