4 0.171498 0.438719 0.085970 0.043404
4 0.149049 0.489525 0.039887 0.045256
4 0.285577 0.389906 0.313349 0.044356
4 0.284932 0.339093 0.311331 0.042811
0 0.980897 0.971784 0.034157 0.042415
0 0.070438 0.188301 0.079412 0.044895
0 0.973980 0.097201 0.050782 0.039762
2 0.028592 0.096167 0.040416 0.033018
1 0.139142 0.591065 0.015128 0.031274
0 0.449402 0.338096 0.018130 0.039072
0 0.169343 0.184616 0.088496 0.048912
0 0.022397 0.025937 0.019666 0.040949
0 0.915274 0.024231 0.021304 0.046637
0 0.950508 0.023206 0.025128 0.046412
0 0.985742 0.026506 0.021304 0.046637