0 0.057009 0.101116 0.094498 0.032966
1 0.325089 0.256694 0.013404 0.029755
1 0.325089 0.849134 0.014269 0.029831
0 0.163366 0.100878 0.102975 0.033410
1 0.325089 0.652617 0.014269 0.028125
0 0.502635 0.946153 0.046630 0.032078
1 0.325089 0.455182 0.013404 0.028190
0 0.626558 0.946765 0.079907 0.033699
0 0.979886 0.972877 0.035262 0.043140
4 0.219646 0.240246 0.165174 0.049126
1 0.325657 0.810010 0.014539 0.029127
1 0.325089 0.494597 0.014269 0.027672
0 0.972266 0.100330 0.050755 0.036639
1 0.325431 0.770650 0.014954 0.027952
1 0.325625 0.296572 0.014476 0.028359
1 0.325089 0.415539 0.014269 0.027050
0 0.246918 0.100151 0.046292 0.031435
1 0.325163 0.691794 0.015282 0.028935
1 0.325096 0.731347 0.015148 0.028693
1 0.325305 0.337362 0.014701 0.028789
1 0.325305 0.613837 0.013837 0.028712
1 0.325089 0.375715 0.013404 0.029755
1 0.324657 0.573790 0.013404 0.026162
1 0.325305 0.533509 0.013837 0.027952
1 0.325089 0.888319 0.013404 0.030657
0 0.419488 0.946828 0.104309 0.036295
0 0.542046 0.945241 0.017810 0.031713
0 0.689314 0.121523 0.019392 0.039446
0 0.567671 0.944979 0.016971 0.031296
0 0.289902 0.100706 0.022198 0.029252
0 0.682834 0.945402 0.018597 0.032249
0 0.350957 0.946019 0.024204 0.042586
0 0.027833 0.028342 0.023313 0.047623
0 0.917547 0.026357 0.024265 0.043655
0 0.948711 0.026357 0.023789 0.041670
0 0.982729 0.031814 0.029023 0.040678
5 0.502437 0.534320 0.400795 0.887934