1 0.030728 0.671299 0.012291 0.042036
0 0.136651 0.130105 0.075171 0.033202
1 0.031649 0.620838 0.011676 0.049216
0 0.305057 0.129318 0.055937 0.036971
0 0.202235 0.129682 0.029680 0.034789
0 0.081774 0.428779 0.126877 0.057223
1 0.032711 0.770952 0.015028 0.037854
0 0.055881 0.130746 0.067454 0.046189
0 0.249314 0.123048 0.047614 0.041057
0 0.256258 0.432818 0.210297 0.057894
0 0.387705 0.240128 0.014904 0.057231
0 0.451675 0.125614 0.037695 0.056453
0 0.383725 0.123048 0.084317 0.046189
2 0.500281 0.126504 0.039679 0.042838
1 0.031493 0.721959 0.012539 0.032437
1 0.032358 0.821508 0.012539 0.036912
1 0.031709 0.868486 0.012972 0.036912
1 0.031925 0.919566 0.014269 0.036912
1 0.032358 0.969340 0.012539 0.033556
0 0.036259 0.035846 0.022124 0.049282
4 0.262414 0.242513 0.234759 0.052461
4 0.163164 0.367307 0.038717 0.044513
1 0.704277 0.619281 0.009833 0.023846
1 0.734698 0.619281 0.009218 0.030205
0 0.060893 0.494962 0.040877 0.043604
0 0.122840 0.496597 0.060261 0.049055
0 0.193637 0.493872 0.048462 0.045785