0 0.415822 0.651202 0.020082 0.038610
4 0.151226 0.331281 0.028705 0.032781
0 0.024468 0.647442 0.022825 0.040189
0 0.446408 0.651398 0.018522 0.037501
0 0.468373 0.651566 0.019708 0.037568
0 0.049584 0.650142 0.020702 0.038512
2 0.387164 0.652417 0.013880 0.039410
0 0.280859 0.653806 0.018155 0.042226
0 0.492386 0.650579 0.022110 0.037710
0 0.078014 0.652783 0.022740 0.041479
4 0.220913 0.165297 0.077878 0.040140
0 0.623530 0.651211 0.020660 0.039940
0 0.372117 0.651737 0.017493 0.034401
0 0.561716 0.652140 0.098979 0.041337
0 0.102352 0.651501 0.021383 0.035730
0 0.175656 0.087775 0.026835 0.029857
0 0.303411 0.654210 0.017318 0.041417
0 0.084802 0.093381 0.137815 0.035388
0 0.234246 0.091022 0.069198 0.025951
0 0.328740 0.091022 0.100017 0.023592
0 0.397550 0.091022 0.023260 0.025951
0 0.467911 0.091022 0.101180 0.028310
2 0.564149 0.090432 0.073850 0.027131
2 0.626369 0.088073 0.040123 0.022412
2 0.113295 0.166516 0.144793 0.040106
2 0.272157 0.430978 0.107736 0.033510
0 0.125216 0.655849 0.019771 0.041286
0 0.171445 0.655259 0.019189 0.042465
0 0.213894 0.655849 0.020352 0.041286
2 0.187727 0.654669 0.015700 0.038926
2 0.231630 0.655259 0.016282 0.037747
2 0.318757 0.654866 0.012211 0.037747
2 0.344343 0.653686 0.031982 0.040106
4 0.151917 0.296341 0.028909 0.029919
0 0.916519 0.025869 0.020649 0.041887
0 0.946018 0.027065 0.024189 0.039494
0 0.976106 0.025270 0.020649 0.040690
0 0.930383 0.085708 0.022419 0.041887
0 0.969322 0.086306 0.048378 0.040690
0 0.027729 0.026467 0.017699 0.033510
0 0.024484 0.165892 0.018289 0.041887
0 0.024484 0.212566 0.018289 0.034707