4 0.810739 0.847431 0.030913 0.046587
4 0.810417 0.793339 0.032172 0.051041
4 0.980077 0.843564 0.039266 0.046582
0 0.355646 0.353442 0.021268 0.040849
0 0.378059 0.353203 0.020659 0.045145
4 0.811577 0.736103 0.035498 0.047382
4 0.814654 0.623745 0.037370 0.051279
0 0.452965 0.355002 0.023813 0.042192
1 0.922315 0.629376 0.013877 0.032682
4 0.813897 0.953659 0.038478 0.044963
0 0.331024 0.353609 0.021554 0.043994
0 0.580212 0.354006 0.020666 0.039716
0 0.482646 0.355154 0.022497 0.040879
0 0.559167 0.354092 0.020920 0.040975
0 0.429211 0.354562 0.018923 0.039558
4 0.814489 0.570462 0.037643 0.045421
0 0.535831 0.354210 0.020100 0.042857
0 0.505657 0.354421 0.022128 0.041138
0 0.409097 0.355066 0.019543 0.040475
0 0.603599 0.354962 0.019794 0.039155
2 0.544010 0.683691 0.237543 0.052302
0 0.216793 0.103236 0.029307 0.046029
2 0.543332 0.955882 0.236227 0.047737
0 0.302310 0.353602 0.025200 0.045225
2 0.545122 0.791452 0.238351 0.053260
0 0.069631 0.360471 0.020743 0.043260
0 0.625588 0.354662 0.020723 0.040178
0 0.280569 0.461911 0.022576 0.043128
0 0.534625 0.518738 0.062690 0.038506
0 0.043836 0.360229 0.017482 0.040288
1 0.921751 0.681647 0.014063 0.030124
0 0.350911 0.519893 0.078307 0.036401
0 0.349209 0.352894 0.017891 0.044923
1 0.923894 0.792521 0.017957 0.041117
0 0.346250 0.354053 0.013822 0.042513
1 0.322659 0.246093 0.019811 0.035168
0 0.101941 0.360279 0.019248 0.046171
0 0.135259 0.359647 0.017889 0.044907
2 0.153284 0.359668 0.022052 0.050356
2 0.013669 0.361760 0.025608 0.049133
2 0.552034 0.461885 0.315171 0.047803
2 0.738986 0.462549 0.022678 0.049130
2 0.764281 0.463213 0.023260 0.050458
1 0.301746 0.162956 0.013584 0.028881
1 0.301277 0.203068 0.014521 0.029950
1 0.301511 0.245855 0.014053 0.034229
1 0.301277 0.287571 0.015458 0.032090
1 0.323059 0.160282 0.020611 0.038508
1 0.322825 0.202534 0.020142 0.039577
1 0.322122 0.289176 0.020611 0.041717
4 0.814262 0.683073 0.041757 0.051344
0 0.035398 0.025211 0.019666 0.040416
0 0.105949 0.102675 0.172566 0.042661
0 0.280728 0.102675 0.078663 0.042661
0 0.372173 0.106604 0.089479 0.039293
0 0.484759 0.104920 0.120944 0.040416
0 0.577188 0.103236 0.049164 0.043784
0 0.623894 0.100429 0.027532 0.040416
0 0.702557 0.103797 0.111111 0.035925
2 0.807522 0.104359 0.082104 0.039293
2 0.877089 0.106043 0.040315 0.040416
0 0.921091 0.029140 0.020157 0.043784
0 0.952802 0.029701 0.024582 0.047152
0 0.987463 0.030263 0.025074 0.039293
0 0.935595 0.103236 0.028515 0.046029
0 0.978122 0.106043 0.043756 0.035925
0 0.448239 0.519889 0.080660 0.032628
0 0.604720 0.518836 0.047935 0.038943
0 0.668096 0.518836 0.048396 0.038943
0 0.733776 0.519889 0.057153 0.036838
0 0.840478 0.519363 0.123986 0.042100
0 0.938422 0.521468 0.043326 0.031575
1 0.921829 0.573040 0.012906 0.029470
4 0.449392 0.902999 0.044248 0.043153
4 0.445474 0.574093 0.036412 0.039995
4 0.445704 0.628823 0.036873 0.042100
1 0.500553 0.574619 0.011062 0.024208