0 0.015600 0.026600 0.018720 0.041717
0 0.040844 0.093231 0.076015 0.028970
0 0.153733 0.093231 0.136147 0.028970
0 0.297254 0.092651 0.137282 0.025493
2 0.390005 0.092072 0.033469 0.026652
0 0.972600 0.088016 0.044815 0.025493
0 0.918709 0.026600 0.022124 0.044034
0 0.950193 0.024862 0.019287 0.040558
0 0.979975 0.025441 0.018720 0.044034
0 0.019004 0.720138 0.019855 0.038240
0 0.054459 0.720718 0.020422 0.032446
0 0.074881 0.719559 0.018153 0.034764
0 0.096154 0.719559 0.019855 0.034764
0 0.129907 0.718979 0.018153 0.033605
0 0.150329 0.718979 0.021557 0.035923
0 0.185500 0.720138 0.019287 0.035923
0 0.206490 0.720138 0.018153 0.033605
0 0.226912 0.718979 0.021557 0.035923
0 0.197886 0.979752 0.071288 0.031384
0 0.897247 0.980380 0.063913 0.035150
0 0.965462 0.981007 0.057768 0.033895
4 0.270710 0.218376 0.285767 0.032639
4 0.141962 0.308762 0.028269 0.035150
4 0.440293 0.719690 0.041516 0.035708
4 0.087130 0.489261 0.117448 0.039056
4 0.086857 0.528875 0.117994 0.031245
4 0.086857 0.564025 0.116902 0.034592
4 0.086037 0.599733 0.117448 0.032360
4 0.086584 0.633209 0.118540 0.030129
4 0.266852 0.490935 0.240905 0.037940
4 0.267399 0.528875 0.239812 0.037940
4 0.266852 0.564583 0.239812 0.033476
4 0.266579 0.599175 0.241451 0.033476
4 0.266852 0.634883 0.240905 0.033476
4 0.404785 0.492609 0.031684 0.036824
4 0.403966 0.529433 0.031137 0.030129
4 0.404239 0.565141 0.032776 0.034592
4 0.404785 0.600291 0.031684 0.033476
4 0.404239 0.633209 0.031684 0.032360
4 0.432372 0.491493 0.022397 0.036824
4 0.431826 0.528875 0.020212 0.033476
4 0.431826 0.563467 0.020212 0.031245
4 0.432099 0.599733 0.020758 0.036824
4 0.431826 0.635999 0.022397 0.033476
4 0.457773 0.489261 0.027313 0.034592
4 0.456681 0.527201 0.027313 0.036824
4 0.456954 0.564025 0.027860 0.034592
4 0.456954 0.599733 0.027860 0.036824
4 0.457500 0.635999 0.026767 0.035708
4 0.491096 0.490377 0.038239 0.036824
4 0.490823 0.528875 0.038785 0.037940
4 0.491096 0.564025 0.039331 0.030129
4 0.491096 0.598059 0.039331 0.035708
4 0.491096 0.633767 0.038239 0.031245
1 0.017207 0.492051 0.010379 0.020086
1 0.018027 0.526085 0.009833 0.023433
1 0.018027 0.562351 0.009833 0.020086
1 0.018300 0.598617 0.010379 0.021202
1 0.017481 0.635441 0.010925 0.021202