0 0.040225 0.026598 0.018772 0.037569
0 0.922052 0.027537 0.017878 0.037569
0 0.951327 0.027537 0.021007 0.033812
0 0.980602 0.026128 0.019666 0.034751
0 0.959819 0.091874 0.013855 0.030994
0 0.981720 0.090935 0.017431 0.029116
0 0.430857 0.102206 0.077769 0.032873
0 0.511084 0.103145 0.079110 0.034751
0 0.589747 0.102675 0.077322 0.033812
0 0.413650 0.363311 0.021007 0.038508
0 0.327165 0.300383 0.206490 0.181271
0 0.106522 0.191499 0.210860 0.033290
0 0.105430 0.236269 0.210860 0.049362
0 0.105703 0.287352 0.210314 0.050510
0 0.105976 0.333270 0.209767 0.036734
0 0.105157 0.374022 0.210314 0.040178
0 0.106249 0.420514 0.211406 0.055101
0 0.105976 0.472171 0.209767 0.045918
0 0.105703 0.514071 0.210314 0.037882
0 0.106522 0.559989 0.210860 0.049362
0 0.105703 0.605907 0.211406 0.042474
0 0.105430 0.651250 0.210860 0.043622
0 0.105976 0.698316 0.210860 0.045918
0 0.106249 0.744808 0.210314 0.044770
0 0.105703 0.790152 0.210314 0.041326
0 0.105976 0.835495 0.210860 0.047066
0 0.105703 0.879691 0.211406 0.041326
0 0.105703 0.919869 0.210314 0.041326
0 0.105976 0.970379 0.209767 0.057397
2 0.167705 0.026769 0.117994 0.041326
4 0.916912 0.091054 0.151317 0.039030