4 0.171074 0.624249 0.086114 0.042605
4 0.164259 0.521851 0.073223 0.042240
4 0.233005 0.523975 0.039546 0.040233
4 0.571676 0.470809 0.031564 0.040627
4 0.147268 0.423273 0.038614 0.046505
4 0.201647 0.218851 0.149832 0.048728
4 0.353693 0.828600 0.317048 0.048494
4 0.201510 0.171908 0.148024 0.050026
4 0.147938 0.472642 0.039424 0.040130
2 0.209195 0.573316 0.163395 0.048068
4 0.571615 0.422146 0.031128 0.042937
4 0.080757 0.827878 0.085866 0.039814
0 0.521865 0.827645 0.025519 0.044874
2 0.041009 0.101675 0.082017 0.032337
0 0.604385 0.827174 0.025116 0.041953
0 0.552121 0.828084 0.022642 0.042870
0 0.576139 0.827861 0.023124 0.042821
0 0.969802 0.101500 0.049689 0.040752
4 0.014247 0.827053 0.021026 0.046576
0 0.628980 0.827927 0.023131 0.043350
0 0.656200 0.827601 0.030048 0.041563
2 0.110511 0.102096 0.036652 0.032488
4 0.575668 0.525773 0.041824 0.043722
4 0.147153 0.827813 0.024398 0.043129
4 0.253973 0.626922 0.056722 0.046783
0 0.293066 0.624931 0.027595 0.044419
0 0.171028 0.829127 0.023109 0.042657
0 0.614331 0.575952 0.023076 0.046841
0 0.591477 0.576871 0.022632 0.045004
0 0.567957 0.578249 0.025295 0.045922
0 0.014012 0.025330 0.022124 0.045788
0 0.911504 0.022278 0.020649 0.039683
0 0.946165 0.026857 0.019174 0.042736
0 0.980088 0.022278 0.016224 0.039683