4 0.207842 0.243909 0.149762 0.044539
4 0.531678 0.460714 0.071691 0.046103
4 0.188581 0.511431 0.156124 0.045031
4 0.579332 0.510715 0.160845 0.044822
4 0.130470 0.409665 0.040210 0.049984
4 0.554289 0.665321 0.118164 0.047439
4 0.554217 0.718188 0.118126 0.042981
4 0.134886 0.870499 0.047510 0.048270
4 0.556211 0.767570 0.119121 0.042219
4 0.516739 0.409625 0.040531 0.049231
4 0.571049 0.817589 0.146232 0.046992
4 0.185249 0.766946 0.149426 0.044612
4 0.574999 0.563798 0.155770 0.047207
4 0.185354 0.818788 0.149293 0.045126
4 0.184307 0.718331 0.150712 0.047355
0 0.028695 0.104024 0.031979 0.031768
4 0.189008 0.563184 0.156485 0.043963
4 0.188486 0.614259 0.156786 0.047843
0 0.075925 0.102793 0.042632 0.029197
4 0.183526 0.664286 0.150508 0.046061
4 0.311813 0.510338 0.035438 0.045349
0 0.127141 0.102577 0.038154 0.028554
4 0.333989 0.192414 0.320592 0.043394
0 0.321272 0.242904 0.033163 0.044920
4 0.118837 0.460983 0.018295 0.046750
4 0.312166 0.564963 0.035279 0.043368
0 0.977508 0.103061 0.044983 0.043471
0 0.063686 0.351291 0.056715 0.041671
4 0.154862 0.194208 0.039910 0.048877
0 0.027487 0.026712 0.018772 0.045803
0 0.131403 0.347332 0.037544 0.037475
0 0.189394 0.348026 0.055645 0.044415
0 0.274873 0.350108 0.087155 0.040251
0 0.353647 0.347332 0.043577 0.037475
0 0.432086 0.348720 0.079780 0.043027
0 0.524604 0.350108 0.086484 0.037475
0 0.599356 0.350802 0.042907 0.036087
0 0.921829 0.030876 0.028158 0.045803
0 0.956020 0.031570 0.022794 0.044415
0 0.988402 0.032264 0.023196 0.043027