4 0.182438 0.547700 0.085283 0.047866
4 0.581459 0.498739 0.040892 0.043077
4 0.182991 0.396109 0.087577 0.048476
4 0.160339 0.802640 0.038366 0.047310
4 0.514097 0.701717 0.033251 0.041105
4 0.604180 0.546735 0.087873 0.042222
4 0.481532 0.751232 0.082107 0.040811
4 0.240461 0.549443 0.034012 0.046807
4 0.189930 0.193714 0.102083 0.046800
4 0.468576 0.700275 0.060600 0.042514
4 0.572938 0.598627 0.025361 0.043234
0 0.906430 0.970925 0.072575 0.042833
0 0.298930 0.103130 0.111281 0.029470
4 0.296116 0.855041 0.312551 0.049215
4 0.175302 0.496662 0.069872 0.044706
0 0.069534 0.104134 0.116042 0.031065
4 0.181471 0.701640 0.085343 0.044577
4 0.404115 0.549545 0.054738 0.042431
4 0.182835 0.751608 0.084490 0.043766
4 0.160111 0.245507 0.041872 0.045649
1 0.147147 0.598405 0.017234 0.035756
0 0.641229 0.851549 0.025361 0.047586
4 0.480128 0.649670 0.084493 0.047341
0 0.397086 0.103844 0.065956 0.030441
0 0.148531 0.105108 0.025053 0.026974
4 0.538028 0.651130 0.031271 0.043316
1 0.147550 0.648133 0.016907 0.038250
0 0.201590 0.103528 0.065767 0.029626
0 0.968875 0.101764 0.051786 0.038123
2 0.559089 0.104665 0.046334 0.029730
4 0.174739 0.446925 0.068360 0.039162
1 0.300319 0.599418 0.014598 0.031079
0 0.971960 0.970030 0.049310 0.039893
4 0.237727 0.448326 0.025295 0.040974
4 0.259860 0.751976 0.072372 0.048291
4 0.558625 0.750092 0.070943 0.046021
4 0.258572 0.702953 0.071669 0.052681
0 0.025369 0.031052 0.020059 0.045462
0 0.910914 0.032280 0.020059 0.047920
0 0.941888 0.033509 0.026549 0.047920
0 0.976696 0.031052 0.025369 0.050377
0 0.217109 0.448815 0.011799 0.035633