0 0.747997 0.835616 0.125864 0.045994
0 0.492771 0.835349 0.112173 0.046024
0 0.898606 0.972818 0.064610 0.035773
0 0.145858 0.835989 0.019185 0.035268
0 0.078723 0.834938 0.018566 0.035015
0 0.051405 0.834787 0.022883 0.038305
4 0.359491 0.225076 0.345072 0.035279
2 0.272275 0.922639 0.278248 0.036348
4 0.391329 0.313566 0.292771 0.036933
0 0.119022 0.835962 0.018498 0.034454
1 0.596628 0.716973 0.015284 0.031246
4 0.172122 0.223352 0.033771 0.039773
0 0.098572 0.835615 0.019326 0.034924
4 0.198344 0.310275 0.087569 0.035639
1 0.596604 0.650374 0.015188 0.031321
0 0.971341 0.088237 0.044948 0.031813
0 0.441397 0.921604 0.020108 0.037691
0 0.965797 0.974414 0.058781 0.033077
0 0.185914 0.836502 0.020207 0.035903
1 0.596553 0.682760 0.014786 0.031378
1 0.070003 0.617956 0.015690 0.029934
0 0.166674 0.835944 0.017596 0.034985
0 0.260460 0.836004 0.021524 0.037200
0 0.933746 0.089113 0.013906 0.030627
0 0.030982 0.921537 0.020076 0.039733
0 0.301669 0.836061 0.019531 0.034599
0 0.212776 0.835656 0.020197 0.036056
0 0.281200 0.836040 0.018468 0.035998
0 0.526087 0.088714 0.045391 0.028630
0 0.233156 0.834396 0.019744 0.035731
1 0.069490 0.682789 0.015718 0.033313
1 0.069395 0.717825 0.016581 0.033534
1 0.596524 0.615239 0.015462 0.032746
2 0.732185 0.088173 0.073900 0.031166
1 0.050311 0.719354 0.017025 0.033689
0 0.342078 0.834971 0.018174 0.035559
0 0.031114 0.529848 0.020331 0.035459
1 0.596158 0.753502 0.015112 0.031192
0 0.182144 0.087791 0.028421 0.029894
0 0.320662 0.835752 0.017937 0.035314
2 0.794190 0.087319 0.033414 0.028830
0 0.092388 0.087433 0.137555 0.029684
1 0.069840 0.649855 0.015365 0.031230
0 0.463374 0.921133 0.021341 0.038060
1 0.050198 0.683175 0.015975 0.033029
1 0.069333 0.753078 0.017511 0.030761
0 0.240637 0.088062 0.074725 0.030150
1 0.050201 0.648917 0.016625 0.031252
0 0.567250 0.088077 0.023337 0.027340
0 0.635986 0.087829 0.102989 0.029092
2 0.579272 0.529456 0.257479 0.042492
1 0.050595 0.616266 0.016695 0.031526
4 0.361403 0.140085 0.344360 0.032072
4 0.098660 0.683463 0.037810 0.036159
0 0.911127 0.088332 0.014914 0.031399
4 0.166761 0.612933 0.024237 0.034525
4 0.136396 0.613639 0.039814 0.035215
4 0.136264 0.715917 0.039910 0.033701
4 0.136242 0.648568 0.039776 0.036358
0 0.359780 0.086854 0.041094 0.026413
4 0.136450 0.683760 0.039699 0.036984
4 0.098103 0.648646 0.039509 0.036152
4 0.262673 0.650244 0.126062 0.034642
4 0.098163 0.716687 0.040025 0.035841
4 0.166608 0.648811 0.022761 0.035905
0 0.307905 0.086638 0.041905 0.027236
1 0.049989 0.670377 0.015876 0.033847
4 0.136157 0.752225 0.039165 0.037429
1 0.049740 0.752742 0.015956 0.030612
0 0.150565 0.836003 0.020473 0.035822
4 0.098566 0.614287 0.039878 0.035933
4 0.166564 0.683552 0.023615 0.035325
4 0.262154 0.617181 0.127131 0.032659
2 0.446970 0.089467 0.115976 0.030200
0 0.034503 0.025161 0.018437 0.033141
0 0.919722 0.025695 0.021070 0.038486
0 0.948167 0.026230 0.020017 0.039555
0 0.979246 0.023557 0.028445 0.040624
4 0.165402 0.137947 0.020017 0.036348
2 0.227033 0.530828 0.154867 0.033141
4 0.096924 0.756400 0.034766 0.035279
4 0.166719 0.718448 0.022651 0.036348
4 0.166719 0.754262 0.022651 0.031003
4 0.262590 0.687445 0.124842 0.032072
4 0.262063 0.719517 0.122735 0.034210
4 0.262326 0.755865 0.125369 0.032072