0 0.034839 0.025597 0.017801 0.038696
0 0.923609 0.025597 0.020344 0.036420
0 0.949039 0.025028 0.019327 0.039834
0 0.975740 0.026735 0.018818 0.038696
0 0.969128 0.087055 0.039162 0.031867
0 0.059760 0.086486 0.077815 0.039834
0 0.145458 0.087624 0.081375 0.042110
0 0.211067 0.087624 0.037636 0.042110
0 0.387041 0.946332 0.018309 0.036420
0 0.441715 0.943487 0.080867 0.030729
0 0.505544 0.942918 0.037636 0.027315
0 0.537839 0.945194 0.017801 0.020486
0 0.559455 0.943487 0.014241 0.030729
0 0.605991 0.942349 0.065609 0.033005
0 0.652019 0.942918 0.017292 0.034143
0 0.656088 0.107541 0.013223 0.040972
2 0.253535 0.087055 0.036110 0.036420
1 0.361866 0.223629 0.010681 0.020486
1 0.361866 0.256065 0.009663 0.019348
1 0.361357 0.290778 0.008646 0.022762
1 0.361357 0.323783 0.010681 0.022762
1 0.361611 0.356788 0.009155 0.018210
1 0.361611 0.390932 0.010172 0.022762
1 0.362120 0.423937 0.010172 0.020486
1 0.361611 0.454666 0.010172 0.020486
1 0.362628 0.492224 0.013223 0.020486
1 0.361357 0.524091 0.009663 0.020486
1 0.361357 0.558235 0.009663 0.022762
1 0.361866 0.591240 0.009663 0.018210
1 0.357542 0.867802 0.008138 0.020486
1 0.357797 0.908774 0.009663 0.015934
4 0.158682 0.677737 0.065100 0.034143
4 0.233191 0.717002 0.216153 0.033005
4 0.234717 0.504743 0.217170 0.031867
4 0.163513 0.376136 0.077815 0.031867
4 0.234717 0.204281 0.216153 0.031867
4 0.234717 0.244115 0.217170 0.036420
4 0.233445 0.290778 0.216662 0.036420
0 0.974469 0.974216 0.027464 0.035282
5 0.505338 0.527285 0.323781 0.886429