0 0.034191 0.026288 0.016090 0.037638
0 0.061344 0.091024 0.075758 0.034627
0 0.145817 0.090272 0.083803 0.033121
0 0.209171 0.091024 0.036203 0.028605
2 0.250402 0.091777 0.038214 0.033121
0 0.921829 0.028546 0.014749 0.036132
0 0.948981 0.029299 0.020783 0.040649
0 0.975127 0.029299 0.019442 0.040649
0 0.963730 0.093283 0.046259 0.033121
0 0.974122 0.980779 0.026817 0.034627
0 0.376441 0.212218 0.012738 0.030110
2 0.247721 0.249855 0.243363 0.036132
2 0.248391 0.294268 0.243363 0.034627
4 0.247721 0.209959 0.242022 0.031616
4 0.163918 0.380082 0.077098 0.028605
4 0.246715 0.511061 0.244033 0.034627
4 0.157884 0.680430 0.065031 0.030110
4 0.248056 0.726348 0.245374 0.034627