4 0.170196 0.173598 0.077579 0.041100
4 0.149141 0.760815 0.035322 0.037508
4 0.171072 0.262371 0.078625 0.039234
0 0.143064 0.093396 0.075022 0.037594
4 0.225214 0.670567 0.049453 0.037593
0 0.058135 0.092480 0.084008 0.030338
4 0.146072 0.670902 0.029270 0.040553
0 0.318991 0.091385 0.047470 0.027433
0 0.471659 0.091405 0.046264 0.027203
4 0.592319 0.353015 0.041418 0.037379
4 0.386713 0.352968 0.043216 0.038093
0 0.395221 0.090766 0.088503 0.029060
4 0.146457 0.716620 0.029365 0.038385
4 0.411292 0.623427 0.089238 0.040679
4 0.404192 0.398619 0.075808 0.039619
4 0.437914 0.580672 0.146486 0.040663
4 0.148621 0.578767 0.035327 0.039706
4 0.146454 0.626172 0.029370 0.034236
2 0.520505 0.092016 0.034082 0.029402
4 0.382169 0.171105 0.034449 0.036311
0 0.237751 0.091167 0.100684 0.030893
4 0.225346 0.628472 0.049717 0.041848
0 0.845449 0.975956 0.065234 0.037746
4 0.146126 0.807056 0.029161 0.035368
4 0.383328 0.219631 0.035654 0.046071
4 0.530574 0.579148 0.041928 0.040816
4 0.169775 0.399035 0.077417 0.041759
0 0.604254 0.172233 0.017673 0.032617
4 0.359005 0.852233 0.455402 0.040301
4 0.588545 0.218772 0.035600 0.042473
4 0.581224 0.400002 0.022968 0.037447
4 0.168996 0.354207 0.074605 0.040232
0 0.910611 0.975655 0.058399 0.041476
0 0.970470 0.090887 0.047582 0.036175
4 0.583067 0.172573 0.023086 0.032085
1 0.137718 0.446390 0.018269 0.031268
0 0.967700 0.974891 0.046699 0.039602
0 0.028952 0.026736 0.016388 0.039471
0 0.917459 0.026172 0.020212 0.038344
0 0.946411 0.027300 0.023490 0.036088
0 0.979460 0.027300 0.025128 0.042855
1 0.580411 0.625009 0.010379 0.020300