0 0.041003 0.024681 0.019469 0.045082
2 0.166372 0.026559 0.116814 0.041325
0 0.916224 0.025307 0.023599 0.041325
0 0.944838 0.024055 0.019469 0.043830
0 0.975516 0.025933 0.019469 0.042577
0 0.953392 0.088547 0.017699 0.032559
0 0.977286 0.087295 0.017109 0.030055
0 0.429204 0.098565 0.078466 0.037568
0 0.507670 0.101070 0.076106 0.037568
0 0.587021 0.099818 0.076696 0.037568
0 0.324189 0.299556 0.204720 0.181580
0 0.411504 0.363422 0.023009 0.036316
0 0.324484 0.620139 0.205310 0.181580
0 0.412094 0.687136 0.020649 0.037568
4 0.912684 0.088547 0.148673 0.032559
0 0.102065 0.198748 0.201770 0.035064
0 0.101180 0.238821 0.202360 0.042577
0 0.101770 0.284529 0.202360 0.048839
0 0.101475 0.333994 0.201770 0.045082
0 0.101180 0.380328 0.202360 0.045082
0 0.101475 0.426036 0.201770 0.043830
0 0.100590 0.472370 0.201180 0.046334
0 0.100885 0.522462 0.200590 0.046334
0 0.100590 0.566917 0.200000 0.037568
0 0.101475 0.610121 0.201770 0.048839
0 0.101770 0.660212 0.202360 0.051343
0 0.101180 0.705920 0.200000 0.042577
0 0.100000 0.749750 0.198820 0.045082
0 0.099115 0.796711 0.195870 0.048839
0 0.098820 0.843045 0.197640 0.041325
0 0.096755 0.887501 0.193510 0.047587
0 0.098525 0.936340 0.194690 0.050091
0 0.097935 0.982674 0.195870 0.032559