0 0.041243 0.039446 0.028952 0.055916
0 0.071834 0.134028 0.096690 0.057106
0 0.883590 0.039446 0.021304 0.044019
0 0.919098 0.039446 0.022397 0.053537
0 0.955971 0.041230 0.027313 0.049968
0 0.984650 0.341632 0.023490 0.053537
0 0.095597 0.350555 0.122364 0.042830
0 0.245275 0.349365 0.148585 0.045209
0 0.408882 0.347581 0.141484 0.048778
0 0.562384 0.348176 0.118540 0.052347
0 0.718890 0.348176 0.166066 0.049968
0 0.845351 0.348176 0.056266 0.049968
0 0.814760 0.742565 0.018027 0.046399
0 0.859827 0.800861 0.020758 0.044019
0 0.038239 0.904960 0.037146 0.045209
0 0.077297 0.905555 0.036600 0.044019
0 0.111985 0.906150 0.034961 0.045209
0 0.354255 0.902581 0.023490 0.030932
0 0.384027 0.904365 0.015296 0.036881
0 0.279690 0.744349 0.018573 0.045209
0 0.258112 0.802645 0.016934 0.040450
0 0.251011 0.851423 0.019119 0.030932
0 0.341502 0.431371 0.022691 0.045712
2 0.205218 0.134199 0.139864 0.052060
2 0.359831 0.136969 0.136812 0.050952
2 0.525633 0.132538 0.162242 0.068675
2 0.681518 0.128661 0.120028 0.065352
2 0.960736 0.127553 0.048825 0.052060
4 0.261164 0.429945 0.181569 0.043199
4 0.230902 0.544588 0.125114 0.046522
4 0.872241 0.487544 0.230902 0.040983
4 0.872495 0.545142 0.233445 0.043199
4 0.794171 0.743967 0.061540 0.044306
4 0.817313 0.802673 0.105788 0.042091
4 0.247686 0.743413 0.081375 0.047629
4 0.236497 0.801566 0.060014 0.042091
4 0.233445 0.853626 0.055945 0.031015