0 0.040868 0.024576 0.015364 0.036491
0 0.056232 0.088435 0.079277 0.044310
0 0.915991 0.024576 0.019051 0.041704
0 0.947026 0.025879 0.019666 0.039097
0 0.976217 0.025228 0.021509 0.032581
0 0.074668 0.270237 0.102630 0.035188
0 0.197886 0.269586 0.122911 0.039097
0 0.333395 0.268934 0.123525 0.040400
0 0.430187 0.270237 0.054081 0.040400
0 0.499017 0.265024 0.063913 0.043007
0 0.568461 0.264373 0.051622 0.044310
0 0.670477 0.265676 0.136431 0.044310
0 0.786935 0.266328 0.075590 0.045613
0 0.020280 0.970730 0.024582 0.036491
0 0.258112 0.770682 0.014749 0.035188
0 0.230457 0.816296 0.015978 0.037794
0 0.326020 0.863212 0.016593 0.035188
0 0.973206 0.973988 0.053588 0.043007
0 0.775258 0.771985 0.015364 0.035188
0 0.739000 0.817599 0.015364 0.032581
0 0.774336 0.861909 0.017207 0.035188
2 0.166236 0.091042 0.112463 0.044310
2 0.282387 0.089087 0.095256 0.043007
2 0.407448 0.094951 0.130285 0.039097
2 0.984206 0.096255 0.031342 0.039097
4 0.271940 0.460511 0.395157 0.282803
4 0.772800 0.725720 0.135816 0.036491
4 0.735927 0.772637 0.060841 0.033884
4 0.717490 0.817599 0.023968 0.032581
4 0.735005 0.862561 0.058997 0.031278
4 0.290991 0.680107 0.205875 0.031278
4 0.239983 0.726372 0.100172 0.035188
4 0.218781 0.770682 0.060226 0.037794
4 0.205568 0.816947 0.032571 0.039097
4 0.236910 0.863212 0.096485 0.040400
4 0.301745 0.859954 0.029499 0.033884
4 0.239061 0.908174 0.099558 0.033884