0 0.037488 0.027422 0.019666 0.039429
0 0.892023 0.030901 0.026426 0.046388
0 0.926745 0.028581 0.023353 0.046388
0 0.961468 0.029741 0.026426 0.046388
0 0.950406 0.099322 0.053466 0.032471
0 0.074975 0.323723 0.061455 0.040589
0 0.175455 0.325462 0.106318 0.041749
0 0.274398 0.326042 0.065757 0.045228
0 0.348451 0.325462 0.045477 0.046388
0 0.418203 0.324302 0.063299 0.046388
0 0.488877 0.324882 0.052237 0.047547
0 0.553712 0.323723 0.056539 0.045228
0 0.867134 0.975469 0.073746 0.035950
0 0.943338 0.976048 0.063913 0.037110
4 0.241826 0.617124 0.085423 0.031312
4 0.240905 0.662352 0.087266 0.038270
4 0.217859 0.713958 0.038717 0.032471
4 0.253503 0.713378 0.031342 0.035950
4 0.599803 0.617704 0.087266 0.039429
4 0.601340 0.711059 0.086652 0.038270
4 0.241212 0.421137 0.086652 0.040589
4 0.261799 0.471583 0.125369 0.037110
4 0.162549 0.181660 0.102630 0.037110
4 0.257190 0.182240 0.038717 0.038270
4 0.145956 0.232107 0.069444 0.035950
2 0.044555 0.095264 0.047321 0.031312
1 0.387783 0.423456 0.012291 0.022034