0 0.028828 0.027195 0.020113 0.052434
0 0.073411 0.091358 0.114642 0.028977
0 0.063355 0.353529 0.063690 0.031736
0 0.136431 0.352149 0.063690 0.034496
0 0.191740 0.349389 0.018772 0.037256
0 0.243698 0.352149 0.061008 0.040015
0 0.318115 0.349389 0.067713 0.037256
0 0.918142 0.028575 0.016761 0.038636
0 0.947975 0.029265 0.021453 0.040015
0 0.979150 0.032025 0.020783 0.040015
0 0.933561 0.093428 0.027487 0.035876
0 0.970099 0.090668 0.041566 0.022078
0 0.293309 0.264529 0.117324 0.038636
0 0.344261 0.172079 0.014079 0.033116
0 0.397560 0.173459 0.018772 0.035876
0 0.417672 0.172769 0.017431 0.040015
0 0.437450 0.171389 0.018101 0.034496
0 0.458568 0.173459 0.018772 0.038636
0 0.478345 0.174839 0.019442 0.035876
2 0.239005 0.092738 0.040896 0.028977
2 0.174645 0.092048 0.075758 0.033116
4 0.229284 0.172769 0.209171 0.034496
4 0.169617 0.219684 0.088496 0.037256
4 0.170287 0.263149 0.087155 0.035876
0 0.198445 0.973079 0.069724 0.040015