0 0.019973 0.027724 0.016593 0.037627
0 0.917527 0.025843 0.017207 0.036373
0 0.947333 0.026470 0.022738 0.035118
0 0.978368 0.026470 0.019666 0.040135
0 0.970686 0.090436 0.051008 0.037627
0 0.782633 0.345044 0.017822 0.042644
0 0.672628 0.722567 0.019051 0.035118
0 0.695981 0.721940 0.015364 0.033864
0 0.718412 0.723821 0.014749 0.032610
0 0.742072 0.722567 0.019051 0.035118
0 0.766654 0.723194 0.016593 0.033864
0 0.232608 0.415908 0.010447 0.031356
0 0.292834 0.418417 0.098943 0.036373
0 0.416974 0.420298 0.117380 0.032610
0 0.564774 0.420298 0.157325 0.035118
0 0.764503 0.417789 0.019666 0.037627
0 0.238754 0.469840 0.019051 0.033864
0 0.290683 0.469213 0.020895 0.035118
0 0.317416 0.470467 0.019051 0.032610
2 0.397923 0.469213 0.128441 0.035118
0 0.264872 0.469840 0.018437 0.033864
1 0.231072 0.561399 0.014749 0.023830
0 0.034108 0.088555 0.054695 0.041390
0 0.107239 0.089182 0.080506 0.040135
0 0.197579 0.089809 0.086652 0.041390
2 0.286382 0.090436 0.076205 0.042644
2 0.350910 0.087927 0.039331 0.040135
0 0.897554 0.977175 0.063299 0.035118
0 0.966691 0.976548 0.060226 0.038881
0 0.384403 0.171961 0.020280 0.037627
0 0.405912 0.173842 0.017822 0.033864
0 0.425270 0.173842 0.018437 0.036373
0 0.445243 0.171961 0.017822 0.035118
0 0.466753 0.173215 0.017822 0.035118
4 0.216937 0.172588 0.130285 0.031356
4 0.165622 0.220249 0.028884 0.036373
4 0.197271 0.264146 0.088496 0.036373
1 0.015364 0.486772 0.009833 0.020068
1 0.015671 0.522518 0.009218 0.016305
1 0.015057 0.557636 0.010447 0.023830
1 0.015057 0.593381 0.010447 0.022576
1 0.015057 0.631008 0.011676 0.020068
1 0.015978 0.665500 0.008604 0.021322
1 0.015057 0.699991 0.011676 0.022576
1 0.015057 0.735736 0.010447 0.021322
1 0.015978 0.772109 0.009833 0.021322
1 0.015057 0.809736 0.011676 0.021322
1 0.015671 0.843600 0.011676 0.018813
1 0.015057 0.878718 0.009218 0.021322
1 0.015057 0.913837 0.010447 0.018813
5 0.499263 0.528596 0.600295 0.430451