4 0.492162 0.159672 0.046631 0.042707
4 0.541318 0.211259 0.310954 0.046332
4 0.766383 0.464194 0.099829 0.045150
4 0.526888 0.513363 0.084188 0.041688
4 0.469820 0.462168 0.197779 0.043910
1 0.254060 0.804613 0.016049 0.033759
4 0.766274 0.514612 0.100521 0.044168
0 0.080616 0.180009 0.020357 0.043099
4 0.414144 0.513216 0.084024 0.043310
0 0.130425 0.179519 0.023289 0.046935
2 0.727530 0.101461 0.040988 0.031952
0 0.421143 0.917555 0.021524 0.043870
0 0.375863 0.917023 0.021990 0.043692
2 0.100004 0.179512 0.019482 0.044761
0 0.293287 0.915765 0.020362 0.040304
2 0.051390 0.180085 0.019197 0.043277
4 0.758857 0.413909 0.085319 0.043648
4 0.428624 0.160476 0.085189 0.045650
0 0.398128 0.918089 0.022490 0.043685
0 0.192750 0.102466 0.152583 0.034470
0 0.270584 0.916572 0.022281 0.039025
2 0.434920 0.362970 0.125739 0.040862
0 0.328578 0.101723 0.100425 0.032246
0 0.032840 0.180354 0.020830 0.043747
0 0.976086 0.101376 0.046859 0.034472
1 0.254290 0.843139 0.017056 0.037721
0 0.008896 0.180499 0.017791 0.041765
4 0.436001 0.412898 0.128560 0.044581
0 0.554028 0.101187 0.110622 0.031587
0 0.246999 0.916829 0.020851 0.037840
0 0.525830 0.161244 0.023850 0.037635
0 0.438408 0.100964 0.105001 0.032277
0 0.287029 0.314428 0.056446 0.037673
0 0.065001 0.101928 0.084617 0.032223
1 0.253990 0.763609 0.017800 0.037077
4 0.471585 0.512087 0.027514 0.042822
1 0.361176 0.803787 0.015355 0.036923
2 0.657596 0.101128 0.082311 0.032143
1 0.361658 0.765165 0.015628 0.034772
3 0.098706 0.693258 0.104383 0.026672
4 0.936913 0.918400 0.045391 0.038110
3 0.096521 0.414799 0.100737 0.031676
3 0.097630 0.456723 0.098518 0.026086
3 0.097408 0.496784 0.101624 0.029813
3 0.095633 0.569452 0.097186 0.033539
3 0.096965 0.529857 0.103399 0.025154
3 0.096299 0.611842 0.099405 0.032608
3 0.096077 0.650039 0.099849 0.034471
3 0.095855 0.728298 0.100293 0.023291
3 0.096521 0.767893 0.098962 0.033539
1 0.360020 0.843872 0.014454 0.026973