0 0.568683 0.296825 0.022343 0.043217
4 0.240707 0.190564 0.082715 0.042583
0 0.536399 0.297081 0.024071 0.043270
0 0.079931 0.296595 0.022441 0.045345
0 0.621231 0.295617 0.024353 0.043234
0 0.383844 0.297132 0.023591 0.045234
0 0.594917 0.296216 0.022926 0.042517
2 0.218850 0.845436 0.134132 0.046511
4 0.194732 0.792841 0.086064 0.046118
0 0.309283 0.296573 0.022883 0.042143
1 0.041262 0.441575 0.017494 0.035030
0 0.895165 0.971707 0.071669 0.038396
0 0.154885 0.296314 0.023080 0.046415
0 0.207442 0.297003 0.023203 0.044345
0 0.232982 0.296752 0.022364 0.045951
0 0.351427 0.296992 0.023534 0.045992
0 0.969223 0.973610 0.061554 0.037196
2 0.118166 0.190699 0.166557 0.045791
0 0.047166 0.294858 0.024714 0.045928
4 0.194819 0.895730 0.085253 0.051507
4 0.209472 0.745049 0.117255 0.044456
0 0.259280 0.297963 0.019981 0.044717
2 0.762922 0.102976 0.041639 0.031811
0 0.181559 0.296649 0.022373 0.045211
2 0.416343 0.297337 0.032250 0.043856
0 0.698912 0.296774 0.110721 0.044065
0 0.088205 0.104445 0.156770 0.034611
2 0.453716 0.297471 0.033077 0.044692
1 0.041399 0.402530 0.017625 0.036034
0 0.106069 0.295875 0.019799 0.043703
0 0.769282 0.296401 0.021868 0.043247
2 0.504896 0.296590 0.020107 0.043574
0 0.485376 0.296633 0.021956 0.042587
0 0.019526 0.640415 0.025877 0.047357
0 0.440588 0.104844 0.091438 0.031803
0 0.361802 0.104825 0.050002 0.029704
4 0.106956 0.441368 0.043011 0.040390
0 0.608540 0.661251 0.061615 0.032378
0 0.271919 0.104856 0.114714 0.032731
0 0.976745 0.102919 0.045717 0.034492
0 0.559473 0.663382 0.021255 0.041517
1 0.041365 0.479880 0.017368 0.034640
0 0.019116 0.290826 0.023954 0.044948
2 0.327374 0.296930 0.017928 0.043935
4 0.182015 0.441283 0.035121 0.039981
4 0.106802 0.479985 0.043578 0.038562
4 0.353752 0.742873 0.053424 0.043923
1 0.041548 0.517807 0.018076 0.033314
4 0.147360 0.479901 0.036876 0.038194
4 0.068314 0.479808 0.036168 0.038118
0 0.190164 0.102912 0.031092 0.029775
4 0.068386 0.517936 0.036678 0.039817
4 0.146895 0.440823 0.036598 0.041591
0 0.506446 0.103580 0.023819 0.030235
4 0.887981 0.479484 0.048708 0.038012
4 0.180728 0.479477 0.037409 0.037377
2 0.691906 0.105165 0.085157 0.031961
0 0.584648 0.104997 0.115519 0.033398
4 0.288930 0.744526 0.048560 0.040632
4 0.106698 0.517993 0.042410 0.040060
4 0.238647 0.480110 0.083134 0.039589
4 0.736332 0.441888 0.081696 0.041133
4 0.068061 0.441143 0.036137 0.040893
0 0.018802 0.241033 0.022470 0.042572
4 0.180923 0.519643 0.037389 0.042183
4 0.818894 0.441457 0.088954 0.041718
4 0.147340 0.519621 0.037054 0.044043
4 0.237608 0.522431 0.082307 0.049041
4 0.887788 0.441342 0.049901 0.039006
4 0.238883 0.442695 0.081231 0.039540
4 0.106837 0.402310 0.044147 0.039932
4 0.248489 0.644523 0.218481 0.040678
4 0.145484 0.402646 0.033516 0.040345
4 0.674795 0.481077 0.043634 0.038578
0 0.609766 0.407179 0.015894 0.030622
0 0.933004 0.104268 0.023257 0.032863
4 0.180327 0.402387 0.037446 0.040583
0 0.290057 0.694425 0.057949 0.035153
1 0.326041 0.189928 0.015769 0.032673
4 0.887049 0.403852 0.049004 0.039579
4 0.819902 0.480792 0.089657 0.041501
4 0.735105 0.481098 0.079938 0.037897
0 0.635967 0.405575 0.014756 0.029159
2 0.277430 0.301709 0.018495 0.040333
2 0.124736 0.302045 0.017666 0.043001
5 0.504078 0.536153 0.296720 0.315385
0 0.023230 0.035083 0.019912 0.041009
0 0.918510 0.028248 0.021386 0.048603
0 0.949853 0.030526 0.019174 0.047084
0 0.984145 0.034323 0.021386 0.045566
0 0.091077 0.691985 0.084808 0.039490
0 0.196903 0.695783 0.094395 0.037971
0 0.749631 0.696542 0.077434 0.033415
4 0.239307 0.402644 0.080383 0.031896