0 0.043865 0.756223 0.023331 0.047115
0 0.893523 0.979966 0.071499 0.035170
0 0.381308 0.756950 0.023075 0.045262
0 0.121264 0.758061 0.019305 0.045762
4 0.238312 0.192014 0.084430 0.041843
0 0.533022 0.757207 0.023202 0.045152
0 0.968171 0.981718 0.063657 0.034140
2 0.295190 0.494995 0.125845 0.045481
0 0.205214 0.756749 0.021737 0.044182
0 0.275790 0.757079 0.020562 0.047497
0 0.619754 0.756630 0.022259 0.044812
0 0.348280 0.757998 0.023512 0.047663
0 0.230897 0.756973 0.022983 0.043493
0 0.697633 0.756825 0.112267 0.045755
0 0.255853 0.757153 0.020792 0.045991
4 0.279859 0.864367 0.075117 0.044508
2 0.661131 0.102623 0.039135 0.031433
0 0.593294 0.756184 0.023072 0.043934
4 0.198808 0.864565 0.090711 0.044170
0 0.016246 0.750675 0.024247 0.045659
0 0.269078 0.103589 0.113547 0.030922
0 0.358771 0.103292 0.050557 0.027312
0 0.566895 0.756859 0.022405 0.046084
2 0.115301 0.192873 0.163888 0.046474
0 0.078184 0.756979 0.023260 0.045817
0 0.179312 0.756709 0.022329 0.044419
0 0.483691 0.756348 0.019123 0.040345
0 0.305181 0.756912 0.021444 0.046159
0 0.768008 0.756367 0.022841 0.045780
0 0.502090 0.756808 0.018919 0.041208
0 0.405445 0.102804 0.028359 0.027152
0 0.083904 0.104501 0.160032 0.033193
0 0.414909 0.757287 0.034112 0.043672
0 0.186504 0.104256 0.032419 0.026213
0 0.103521 0.757044 0.020122 0.043306
0 0.152510 0.757683 0.024008 0.048584
0 0.975575 0.102229 0.047941 0.032697
4 0.636142 0.863676 0.046178 0.043629
0 0.324705 0.756726 0.019025 0.045853
0 0.016206 0.243640 0.022942 0.042116
0 0.485024 0.104038 0.115864 0.030315
0 0.933966 0.101948 0.017455 0.033067
0 0.453172 0.756617 0.032854 0.041322
0 0.495304 0.756703 0.032455 0.041696
4 0.465086 0.864847 0.138866 0.045346
4 0.754877 0.863075 0.053217 0.042915
4 0.336975 0.863964 0.042216 0.042695
4 0.139922 0.862724 0.028562 0.041346
4 0.065071 0.936737 0.034726 0.031075
4 0.572506 0.864754 0.080675 0.042981
4 0.064876 0.902514 0.036241 0.037162
4 0.692767 0.864374 0.072549 0.044413
4 0.578122 0.370674 0.692500 0.210886
4 0.197905 0.905786 0.089617 0.039421
4 0.337367 0.902542 0.043067 0.039256
4 0.844693 0.863935 0.134295 0.046678
4 0.377836 0.906012 0.035442 0.038199
4 0.278998 0.903994 0.074129 0.041424
1 0.038555 0.904554 0.014269 0.029028
4 0.139899 0.902686 0.030257 0.037885
1 0.038339 0.863003 0.013837 0.028839
4 0.635438 0.903492 0.046055 0.038855
4 0.104392 0.937448 0.044961 0.032918
4 0.377707 0.863496 0.036921 0.042843
4 0.103804 0.864299 0.041045 0.041031
4 0.337627 0.939131 0.044916 0.036652
4 0.844876 0.904975 0.132931 0.042400
4 0.160448 0.384075 0.033887 0.041922
4 0.572263 0.902839 0.083334 0.038946
2 0.590800 0.102900 0.085327 0.032204
4 0.693899 0.904175 0.073697 0.040987
1 0.324154 0.191638 0.015949 0.031952
0 0.043617 0.245480 0.031093 0.040288
4 0.139592 0.937370 0.028811 0.034055
4 0.572270 0.936801 0.083353 0.031532
1 0.038123 0.940600 0.015134 0.023616
4 0.104712 0.903558 0.045401 0.041456
4 0.198811 0.938589 0.088755 0.028673
4 0.430978 0.904675 0.074998 0.043472
4 0.499985 0.903750 0.064791 0.041622
4 0.754563 0.906217 0.051182 0.041622
0 0.019912 0.031917 0.023107 0.044063
0 0.918142 0.029355 0.019174 0.040988
0 0.950836 0.029355 0.017699 0.045087
0 0.984022 0.031405 0.021141 0.047137
4 0.159538 0.341380 0.032940 0.039964
4 0.279744 0.936736 0.071780 0.029717
4 0.431662 0.938786 0.074730 0.023568
4 0.377581 0.940835 0.033432 0.027667
4 0.500492 0.939811 0.058997 0.025618
4 0.635988 0.939636 0.041298 0.033201
4 0.693805 0.940866 0.070796 0.023363
4 0.753687 0.937791 0.050147 0.022134
4 0.844543 0.938406 0.128024 0.023363