2 0.726899 0.107040 0.039834 0.038494
0 0.419636 0.967296 0.020835 0.041587
0 0.270131 0.967003 0.021818 0.042389
0 0.130400 0.189393 0.023744 0.050901
0 0.293622 0.967143 0.022343 0.044309
2 0.099137 0.192627 0.019942 0.042531
0 0.064773 0.107296 0.089462 0.043757
1 0.359290 0.569896 0.013835 0.035080
1 0.253496 0.318851 0.016489 0.034857
1 0.359823 0.403255 0.015244 0.035592
1 0.359585 0.486896 0.014324 0.035042
0 0.375657 0.969866 0.020537 0.039392
0 0.080620 0.189687 0.020732 0.047117
1 0.359246 0.652500 0.013763 0.035247
0 0.396801 0.968609 0.020405 0.040490
1 0.359818 0.735011 0.015031 0.036055
1 0.253038 0.402726 0.016875 0.035122
1 0.253436 0.235368 0.016417 0.033907
4 0.422077 0.276926 0.092699 0.045135
0 0.009081 0.191434 0.018162 0.044846
4 0.421549 0.610918 0.092799 0.041845
1 0.359954 0.319412 0.015496 0.035583
4 0.421580 0.444588 0.092806 0.041929
4 0.421646 0.776378 0.093021 0.044480
1 0.360034 0.235642 0.016109 0.035800
4 0.421618 0.360713 0.092543 0.042646
0 0.032857 0.192223 0.023153 0.047476
4 0.315002 0.858257 0.055923 0.043681
4 0.421145 0.860114 0.091260 0.042491
4 0.421467 0.527137 0.092407 0.042860
4 0.421258 0.693374 0.092377 0.042681
0 0.192726 0.106549 0.148730 0.037754
4 0.422277 0.319849 0.092747 0.041481
1 0.359160 0.529272 0.013152 0.035144
4 0.420342 0.652483 0.088988 0.044994
1 0.359049 0.611952 0.013028 0.035322
4 0.420167 0.735382 0.088567 0.045148
4 0.420483 0.569246 0.089066 0.045124
4 0.315731 0.775655 0.054740 0.044145
1 0.360635 0.817711 0.015806 0.036422
1 0.252472 0.734890 0.017456 0.036765
1 0.359353 0.445987 0.013888 0.035459
1 0.252737 0.485810 0.017049 0.036272
4 0.315754 0.609627 0.054841 0.044073
4 0.314963 0.276160 0.056527 0.043762
0 0.246979 0.967427 0.020909 0.040516
4 0.420554 0.486248 0.089230 0.045096
4 0.422517 0.194283 0.094235 0.043219
1 0.252587 0.901063 0.017434 0.038618
4 0.420753 0.402691 0.089703 0.045293
4 0.420360 0.818564 0.088762 0.045175
4 0.314924 0.734799 0.056662 0.042942
1 0.252335 0.652148 0.017246 0.036177
1 0.252500 0.818031 0.016916 0.036828
4 0.422058 0.235768 0.092669 0.045084
1 0.359858 0.360002 0.014944 0.036224
1 0.252764 0.859206 0.016884 0.037081
4 0.314723 0.569180 0.056026 0.043122
1 0.360062 0.276017 0.015537 0.035824
4 0.315041 0.817953 0.056501 0.043176
0 0.328623 0.105172 0.098808 0.034806
4 0.314746 0.652228 0.056357 0.043226
4 0.314827 0.692499 0.056585 0.043956
4 0.315870 0.443328 0.055502 0.044181
0 0.436346 0.105858 0.107224 0.035893
4 0.314794 0.359734 0.057128 0.043781
1 0.252299 0.776522 0.016562 0.037235
1 0.253056 0.362105 0.016436 0.034628
1 0.359023 0.694476 0.013090 0.035348
1 0.252258 0.693712 0.017242 0.036597
1 0.252109 0.610956 0.017366 0.036954
4 0.314783 0.318902 0.058042 0.043483
1 0.361745 0.857295 0.016415 0.037709
4 0.315726 0.526535 0.055208 0.043915
0 0.552640 0.106493 0.113520 0.038150
1 0.252510 0.528247 0.017652 0.036927
1 0.252556 0.445019 0.016533 0.036201
4 0.314727 0.485775 0.057919 0.043132
4 0.314824 0.402323 0.058020 0.043265
1 0.252504 0.569447 0.018045 0.036376
1 0.253510 0.275283 0.016841 0.034931
4 0.314877 0.235419 0.057125 0.042599
1 0.359476 0.776986 0.013297 0.035633
0 0.975756 0.104897 0.048488 0.035275
4 0.314893 0.901035 0.054713 0.041376
1 0.361500 0.899091 0.021369 0.038582
1 0.360576 0.193492 0.017827 0.037188
1 0.253350 0.194844 0.016742 0.034961
2 0.655349 0.105581 0.085421 0.036750
4 0.422569 0.901660 0.090990 0.044152
4 0.315603 0.193024 0.055575 0.043223
2 0.050086 0.193420 0.015999 0.049870
0 0.035739 0.032515 0.018153 0.055361
0 0.917858 0.033144 0.028364 0.046554
0 0.950760 0.034403 0.021557 0.049070
0 0.984513 0.036290 0.030066 0.052845
0 0.090481 0.357762 0.135580 0.039004
0 0.090481 0.399283 0.136714 0.041521
0 0.090197 0.441433 0.135012 0.040263
0 0.091332 0.482954 0.135012 0.037746
0 0.091332 0.522587 0.135012 0.044037
0 0.091048 0.566625 0.135580 0.039004
0 0.091048 0.606887 0.136714 0.044037
0 0.089063 0.646521 0.135012 0.040263
0 0.088496 0.689300 0.136147 0.042779
0 0.087928 0.732079 0.136147 0.042779
1 0.255276 0.159594 0.013615 0.017615
1 0.360222 0.161482 0.013615 0.018873
4 0.941768 0.968490 0.046979 0.039983
2 0.110073 0.314827 0.214684 0.036348