4 0.129794 0.264829 0.035398 0.032137
4 0.182596 0.354038 0.142183 0.037678
4 0.182891 0.401690 0.141593 0.033246
4 0.182301 0.447126 0.142773 0.035462
4 0.129794 0.489237 0.036578 0.035462
4 0.129794 0.536335 0.038938 0.034354
4 0.159882 0.714753 0.096755 0.032137
4 0.227729 0.716970 0.035398 0.034354
0 0.033628 0.029339 0.021239 0.037678
0 0.067257 0.091952 0.094395 0.029921
0 0.146608 0.095276 0.048968 0.021056
0 0.900295 0.027677 0.022419 0.036570
0 0.931268 0.025460 0.024189 0.036570
0 0.963717 0.027123 0.021829 0.042111
0 0.958112 0.094722 0.056637 0.028813
0 0.155457 0.262613 0.017109 0.032137
0 0.618289 0.355700 0.023599 0.032137
0 0.617109 0.402798 0.022419 0.033246
0 0.618584 0.446572 0.021829 0.032137
2 0.189971 0.310265 0.156932 0.034354
1 0.035693 0.670980 0.012389 0.019947
2 0.202360 0.095276 0.047198 0.029921