0 0.850297 0.965736 0.086547 0.046082
2 0.346047 0.492971 0.143046 0.043002
0 0.936403 0.963317 0.070226 0.035239
2 0.819716 0.103733 0.046319 0.035762
0 0.018405 0.227674 0.025687 0.043497
4 0.277725 0.173966 0.100427 0.046559
0 0.018838 0.758702 0.027978 0.045349
0 0.262340 0.103418 0.034915 0.030164
0 0.358825 0.103283 0.134862 0.033902
0 0.462447 0.103548 0.058404 0.032538
0 0.516486 0.103358 0.031420 0.031053
0 0.611154 0.103484 0.135232 0.034965
0 0.131936 0.105075 0.204060 0.035562
0 0.947045 0.102901 0.054950 0.038311
1 0.379038 0.176553 0.017983 0.033994
0 0.050461 0.229371 0.039156 0.041200
2 0.737859 0.103873 0.098375 0.034208
4 0.185611 0.374170 0.036118 0.039435
0 0.899109 0.104778 0.019641 0.034084
2 0.134799 0.175147 0.192858 0.051645
0 0.043363 0.034045 0.027729 0.047103
0 0.878761 0.032950 0.026549 0.036149
0 0.916224 0.031854 0.027139 0.042721
0 0.956637 0.032950 0.025369 0.044912
4 0.185841 0.329806 0.035398 0.038339
4 0.600111 0.362375 0.652040 0.207672