4 0.150273 0.375071 0.036973 0.039899
4 0.217300 0.568878 0.091002 0.040451
4 0.212978 0.617678 0.078593 0.039965
0 0.071527 0.095212 0.095243 0.034430
4 0.184961 0.665629 0.023748 0.042453
4 0.273098 0.280014 0.282818 0.047231
4 0.143995 0.472027 0.024674 0.045028
0 0.164253 0.095738 0.074833 0.033546
0 0.247686 0.096020 0.075849 0.034537
0 0.967804 0.094683 0.043701 0.038597
2 0.308389 0.095723 0.031654 0.030929
4 0.138895 0.423999 0.013917 0.037926
0 0.039058 0.030082 0.020212 0.043966
0 0.917459 0.030692 0.021304 0.045188
0 0.945865 0.028860 0.020212 0.041524
0 0.975910 0.028250 0.022397 0.040303
0 0.154867 0.428222 0.014749 0.036639