4 0.167074 0.213031 0.029361 0.037524
1 0.016788 0.881214 0.013929 0.029225
0 0.697053 0.720531 0.022526 0.040349
1 0.017127 0.593894 0.013209 0.027860
4 0.198584 0.260931 0.091258 0.036968
0 0.720362 0.720760 0.020979 0.040345
0 0.447048 0.167145 0.021114 0.037475
0 0.425694 0.167193 0.019255 0.038337
1 0.016750 0.661513 0.013429 0.028914
1 0.784927 0.879064 0.012110 0.026726
1 0.016816 0.771078 0.013501 0.027497
1 0.017030 0.557563 0.013009 0.029308
0 0.743659 0.720824 0.021358 0.040149
0 0.971195 0.088773 0.047820 0.033979
0 0.672750 0.719685 0.021914 0.039361
1 0.016687 0.842625 0.013482 0.028854
0 0.107319 0.088878 0.078257 0.029916
1 0.016783 0.523829 0.013287 0.029409
1 0.722212 0.878534 0.013031 0.029378
1 0.016629 0.701540 0.013916 0.030413
0 0.469602 0.168162 0.021230 0.038586
0 0.034931 0.088434 0.052637 0.031416
0 0.966720 0.975848 0.060127 0.034150
0 0.406149 0.167200 0.019368 0.039522
4 0.219744 0.169745 0.133807 0.038526
0 0.385433 0.167199 0.020976 0.039468
0 0.238953 0.463819 0.022232 0.041046
1 0.017074 0.486267 0.013389 0.027295
1 0.016857 0.735258 0.013877 0.029794
0 0.897297 0.974347 0.065765 0.042112
0 0.265599 0.463491 0.026168 0.041011
1 0.016726 0.808181 0.013716 0.029604
0 0.293406 0.463758 0.023414 0.039609
1 0.817471 0.880898 0.009327 0.023867
2 0.286744 0.088355 0.074574 0.030151
1 0.016890 0.628616 0.013505 0.029182
1 0.016745 0.915020 0.014297 0.031699
1 0.784634 0.845210 0.011730 0.026857
0 0.319110 0.463811 0.024539 0.041178
0 0.197453 0.088762 0.082822 0.030598
1 0.721970 0.843983 0.012951 0.029729
1 0.722706 0.915912 0.009817 0.024283
1 0.784022 0.913247 0.012853 0.028848
1 0.754070 0.879963 0.012672 0.027405
1 0.816475 0.592557 0.009134 0.024087
1 0.817001 0.807809 0.011361 0.028143
0 0.767316 0.720381 0.020945 0.041458
1 0.818431 0.700482 0.012870 0.026217
1 0.438971 0.880733 0.012477 0.028111
1 0.817562 0.558950 0.011331 0.027195
1 0.618741 0.879921 0.010197 0.024978
2 0.399122 0.465416 0.130662 0.043436
1 0.816513 0.771852 0.010151 0.025129
1 0.784774 0.807581 0.014285 0.028861
4 0.192281 0.304405 0.078547 0.034289
1 0.755008 0.846320 0.013016 0.026579
1 0.817179 0.662318 0.011004 0.026097
0 0.179259 0.398073 0.036742 0.034508
1 0.816757 0.735965 0.010755 0.027997
1 0.817868 0.915110 0.010718 0.030821
0 0.784258 0.339282 0.017769 0.035236
1 0.438851 0.843386 0.013457 0.029651
1 0.588685 0.879163 0.013719 0.026124
2 0.348819 0.087456 0.032022 0.029897
1 0.722877 0.809833 0.013436 0.025454
1 0.817444 0.523315 0.010475 0.029069
1 0.754435 0.915767 0.014127 0.026237
4 0.088576 0.878128 0.134905 0.040037
4 0.090057 0.521304 0.132085 0.040259
4 0.089943 0.631787 0.131488 0.028655
1 0.817342 0.626302 0.011771 0.026479
4 0.087872 0.557497 0.136416 0.037482
4 0.091218 0.915121 0.129519 0.039353
1 0.816177 0.843788 0.012152 0.027970
1 0.617162 0.912719 0.011170 0.027016
0 0.018846 0.022942 0.014749 0.028070
0 0.918005 0.022942 0.015842 0.034806
0 0.948869 0.022942 0.017481 0.034806
0 0.980280 0.024626 0.014749 0.038175
1 0.232437 0.561881 0.010379 0.021333
0 0.234623 0.413112 0.012564 0.026947
0 0.416530 0.411989 0.120725 0.042666
0 0.294166 0.414234 0.099967 0.040420
0 0.568939 0.414796 0.158964 0.043789
0 0.764503 0.413112 0.019119 0.031438
1 0.587512 0.918929 0.011472 0.021333
1 0.586693 0.845386 0.010925 0.020210
1 0.587512 0.809457 0.011472 0.022456
1 0.586966 0.773527 0.012564 0.017965
1 0.618650 0.774650 0.010379 0.020210
1 0.618103 0.808895 0.010379 0.019087
1 0.618376 0.845947 0.009833 0.019087
4 0.089861 0.484409 0.129466 0.030315
4 0.089861 0.596126 0.128373 0.040420
4 0.089315 0.668546 0.128373 0.041543
4 0.089861 0.710090 0.129466 0.030315
4 0.089315 0.742089 0.127281 0.033684
4 0.090134 0.776896 0.128919 0.031438
4 0.089861 0.811141 0.130558 0.034806
4 0.090954 0.845947 0.131651 0.028070
1 0.722441 0.774089 0.010379 0.016842
1 0.753578 0.774650 0.011472 0.020210
1 0.784989 0.775211 0.009833 0.016842
1 0.754397 0.810579 0.009833 0.020210
5 0.499263 0.531831 0.600295 0.433509