2 0.440297 0.107151 0.105482 0.035460
0 0.961586 0.974240 0.071684 0.040325
0 0.024688 0.870982 0.033347 0.041873
2 0.301230 0.107484 0.143310 0.035329
2 0.968251 0.110362 0.030391 0.041635
2 0.859434 0.608276 0.051881 0.040227
0 0.058837 0.871201 0.032265 0.039214
0 0.983903 0.383793 0.020573 0.044739
4 0.050722 0.608981 0.064025 0.039984
4 0.168460 0.610119 0.171288 0.044740
0 0.075219 0.767124 0.108315 0.041015
4 0.051071 0.568002 0.064643 0.038255
4 0.050718 0.648974 0.063450 0.039449
4 0.935780 0.608972 0.104310 0.042915
0 0.013816 0.973567 0.027631 0.040592
0 0.091198 0.384055 0.021575 0.044776
0 0.058522 0.107552 0.100179 0.035061
4 0.167520 0.567761 0.170726 0.042140
0 0.168922 0.106278 0.088497 0.033183
2 0.860606 0.566865 0.050725 0.042499
4 0.795030 0.610235 0.082155 0.044701
2 0.860366 0.648684 0.053317 0.039222
2 0.859656 0.528050 0.052453 0.040856
4 0.935562 0.567375 0.102340 0.045436
4 0.051430 0.530833 0.063904 0.039446
0 0.058892 0.385458 0.016872 0.036042
4 0.168306 0.529020 0.171597 0.044365
4 0.613596 0.608798 0.082550 0.041131
4 0.794894 0.568909 0.080152 0.042877
4 0.935828 0.528284 0.103143 0.042864
4 0.317594 0.531417 0.131304 0.042238
4 0.543391 0.608007 0.062412 0.039811
4 0.936382 0.649282 0.103677 0.045644
4 0.167409 0.646527 0.172526 0.040436
4 0.318171 0.567952 0.131016 0.041355
4 0.318171 0.608848 0.131016 0.042275
4 0.318603 0.646527 0.129286 0.040436
4 0.795247 0.530732 0.080858 0.040436
4 0.795030 0.647906 0.081290 0.043194
4 0.730099 0.531191 0.049725 0.043194
4 0.729018 0.569330 0.051023 0.042275
4 0.729883 0.608848 0.049293 0.042275
4 0.729234 0.647906 0.049725 0.039517
4 0.680374 0.528894 0.051455 0.040436
4 0.679293 0.570249 0.050158 0.040436
4 0.679509 0.609307 0.051455 0.039517
4 0.678644 0.648825 0.051455 0.039517
4 0.614722 0.531651 0.083020 0.042275
4 0.614289 0.647446 0.082155 0.038598
4 0.614289 0.567492 0.082155 0.040436
4 0.544025 0.530272 0.060968 0.045032
4 0.543160 0.568871 0.060103 0.037679
4 0.543809 0.650203 0.062265 0.040436
2 0.447028 0.531808 0.130470 0.041501
2 0.448138 0.570008 0.130913 0.040557
2 0.447916 0.609150 0.130470 0.043387
2 0.447472 0.649708 0.128694 0.041501
0 0.027330 0.034575 0.013882 0.035036
0 0.904694 0.032270 0.019521 0.039646
0 0.937012 0.031348 0.019955 0.039646
0 0.970632 0.031809 0.018653 0.047944
0 0.090014 0.254933 0.133177 0.040568
0 0.196295 0.254011 0.048152 0.042412
0 0.258763 0.869908 0.015183 0.035036
0 0.284791 0.870830 0.011713 0.035036
3 0.011279 0.489582 0.017352 0.037802
3 0.010411 0.531072 0.016484 0.034114
3 0.009327 0.569796 0.016051 0.035958
3 0.010194 0.610825 0.015183 0.040568
3 0.009544 0.649088 0.014749 0.037802
0 0.185793 0.766004 0.078504 0.040449
0 0.304977 0.766510 0.133219 0.045505