0 0.062252 0.201767 0.024660 0.046462
0 0.198349 0.201281 0.024622 0.045927
0 0.310710 0.201283 0.022948 0.045992
0 0.121976 0.201916 0.025493 0.047299
0 0.923945 0.975063 0.071210 0.040136
0 0.088762 0.201959 0.024117 0.047183
0 0.412253 0.202037 0.025180 0.047269
0 0.257560 0.202397 0.024035 0.046386
0 0.336378 0.201513 0.022170 0.046103
0 0.224900 0.201539 0.024286 0.045912
0 0.028167 0.201520 0.026538 0.049545
0 0.284287 0.201883 0.024542 0.046609
0 0.983350 0.976593 0.032299 0.036541
2 0.380922 0.203307 0.019675 0.045656
0 0.480868 0.201466 0.024560 0.044913
0 0.922523 0.106491 0.048866 0.043527
0 0.361906 0.202513 0.021124 0.046642
0 0.147654 0.202092 0.020614 0.044895
0 0.438485 0.201442 0.019874 0.044830
0 0.976027 0.107579 0.047945 0.038507
1 0.021736 0.351800 0.015640 0.028853
2 0.166095 0.202294 0.018495 0.044818
1 0.021721 0.391166 0.015671 0.033088
4 0.473093 0.308013 0.067925 0.039613
4 0.663235 0.308341 0.138537 0.042064
1 0.022757 0.308990 0.014687 0.035790
4 0.472742 0.346592 0.067761 0.041745
2 0.033224 0.106744 0.043139 0.037226
4 0.402425 0.348281 0.075790 0.039401
4 0.963777 0.307818 0.033121 0.039224
4 0.341085 0.350113 0.052469 0.041271
4 0.879891 0.309179 0.136572 0.041945
2 0.456309 0.204182 0.015775 0.042892
4 0.963809 0.350562 0.032862 0.042169
4 0.880140 0.349216 0.136204 0.043066
4 0.771897 0.310636 0.082587 0.041271
4 0.771897 0.349665 0.081723 0.038580
4 0.662934 0.350113 0.135340 0.041271
4 0.240412 0.350113 0.151338 0.039477
4 0.123737 0.349665 0.081723 0.038580
0 0.025675 0.034431 0.018573 0.040806
0 0.918551 0.033298 0.020212 0.036272
0 0.951601 0.033298 0.022943 0.040806
0 0.987108 0.037265 0.025128 0.046473