0 0.874491 0.969830 0.073333 0.042195
4 0.480007 0.480869 0.201271 0.038913
0 0.298700 0.901982 0.022110 0.037507
4 0.783399 0.481274 0.102111 0.040066
4 0.536790 0.527265 0.086360 0.038312
0 0.276020 0.902606 0.021770 0.035753
0 0.429499 0.903354 0.021955 0.036008
0 0.949517 0.969273 0.061838 0.035593
4 0.551304 0.245347 0.318243 0.038909
4 0.502426 0.198372 0.046733 0.041249
0 0.133946 0.169304 0.024630 0.043949
4 0.436909 0.151370 0.085721 0.039720
1 0.258208 0.762930 0.016108 0.030574
4 0.774803 0.433995 0.085497 0.041174
0 0.382336 0.902642 0.023472 0.036055
1 0.258117 0.799180 0.015752 0.031135
0 0.406459 0.903285 0.022388 0.034900
4 0.783715 0.527057 0.103694 0.039562
1 0.368253 0.800799 0.014984 0.028898
0 0.335724 0.092350 0.101854 0.029643
4 0.437019 0.197906 0.087048 0.040022
0 0.064605 0.092144 0.088433 0.030882
4 0.421072 0.526511 0.087778 0.039949
4 0.445465 0.432353 0.131175 0.038988
0 0.252179 0.903773 0.022625 0.034865
0 0.293066 0.342025 0.057041 0.037046
1 0.367896 0.838505 0.014269 0.028147
2 0.843345 0.093458 0.039253 0.029925
0 0.566846 0.093960 0.111606 0.033255
1 0.258450 0.837183 0.016099 0.030110
0 0.195605 0.093922 0.156042 0.034234
1 0.367782 0.764177 0.015362 0.028505
0 0.676960 0.093919 0.088105 0.030786
0 0.448361 0.093358 0.107568 0.031095
0 0.008506 0.169357 0.017011 0.046227
2 0.444638 0.386650 0.132030 0.041164
1 0.861980 0.150557 0.013404 0.028147
0 0.537237 0.198911 0.023808 0.040717
2 0.051206 0.169886 0.020226 0.043195
0 0.099669 0.501503 0.154644 0.034229
0 0.032508 0.169710 0.020392 0.042992
0 0.099893 0.537443 0.152409 0.034229
0 0.098999 0.576378 0.153303 0.038507
0 0.101457 0.390688 0.156432 0.033373
0 0.100116 0.465418 0.155538 0.034518
0 0.082287 0.169830 0.020924 0.043129
2 0.772980 0.093904 0.086111 0.032135
2 0.110222 0.276626 0.220443 0.038957
0 0.101010 0.428363 0.155538 0.033326
0 0.957081 0.092359 0.049609 0.034060
0 0.098999 0.614030 0.153303 0.035084
0 0.099222 0.651188 0.153750 0.034360
2 0.101328 0.169954 0.017751 0.041632
4 0.956082 0.903827 0.048391 0.039305
0 0.033745 0.026153 0.020113 0.040219
0 0.898811 0.027864 0.019666 0.035084
0 0.932779 0.027864 0.022347 0.033373
0 0.966747 0.029576 0.021453 0.041930
0 0.372978 0.341484 0.069277 0.037652
0 0.439349 0.342768 0.032180 0.040219
0 0.492983 0.341484 0.050058 0.037652
0 0.551533 0.342768 0.050058 0.040219
0 0.101457 0.314101 0.154644 0.035940
0 0.101234 0.353036 0.155091 0.038507