0 0.593053 0.105815 0.084272 0.043255
0 0.431634 0.103393 0.083372 0.048023
0 0.513748 0.103080 0.079372 0.047938
0 0.093768 0.291416 0.181290 0.036120
0 0.093831 0.243908 0.181040 0.036160
4 0.908537 0.093180 0.130684 0.045885
0 0.071006 0.429764 0.138857 0.034478
0 0.045581 0.803691 0.086901 0.030715
0 0.064300 0.942293 0.123358 0.035585
0 0.415879 0.369541 0.025854 0.046042
0 0.041112 0.662903 0.078433 0.032278
0 0.986211 0.091144 0.022974 0.037773
0 0.095382 0.381799 0.184305 0.034694
0 0.065784 0.476551 0.127488 0.033439
0 0.036002 0.616451 0.066589 0.030711
0 0.041322 0.755858 0.077686 0.029647
0 0.416960 0.698684 0.024696 0.042983
0 0.052304 0.708879 0.100278 0.033233
0 0.095005 0.338043 0.183363 0.035686
0 0.073989 0.895292 0.144125 0.034939
0 0.057444 0.522433 0.109896 0.035307
0 0.032141 0.849237 0.063928 0.031137
0 0.059328 0.197466 0.112054 0.034096
0 0.054232 0.986219 0.104672 0.027562
0 0.042747 0.569627 0.081467 0.034936
0 0.040970 0.025214 0.015296 0.037366
2 0.168251 0.029301 0.116902 0.033862
0 0.327761 0.306623 0.206490 0.186828
0 0.328308 0.635323 0.207582 0.185660
0 0.923741 0.026966 0.018573 0.038533
0 0.952693 0.026966 0.020758 0.040869
0 0.984104 0.028717 0.020212 0.042036