0 0.953600 0.099548 0.056800 0.046757
2 0.044800 0.098793 0.046400 0.037707
4 0.305600 0.520362 0.104000 0.039216
4 0.274000 0.569382 0.039200 0.036199
4 0.274000 0.616139 0.037600 0.034691
1 0.264000 0.760181 0.012000 0.025641
4 0.291200 0.279035 0.072000 0.037707
4 0.274800 0.331071 0.039200 0.037707
4 0.270400 0.377074 0.032000 0.036199
0 0.816000 0.978130 0.099200 0.040724
0 0.926800 0.977376 0.106400 0.039216
0 0.033186 0.022787 0.028931 0.041712
0 0.893181 0.030274 0.022124 0.043851
0 0.926651 0.028135 0.026662 0.039573
0 0.963524 0.028669 0.026662 0.040642