0 0.953600 0.097182 0.052000 0.040517
4 0.401600 0.472851 0.407200 0.036199
4 0.402000 0.521116 0.408800 0.037707
4 0.274000 0.714178 0.152000 0.037707
1 0.204400 0.761689 0.012800 0.024133
4 0.374800 0.714932 0.032000 0.039216
0 0.868800 0.975867 0.076800 0.039216
0 0.946000 0.975113 0.064800 0.037707
4 0.402201 0.425465 0.406172 0.038503
0 0.658328 0.423861 0.024393 0.037434
4 0.234570 0.570387 0.070910 0.035295
4 0.273996 0.616912 0.149762 0.034225
4 0.301509 0.664506 0.208192 0.037434
4 0.161675 0.181078 0.102110 0.039573
4 0.145791 0.232415 0.069208 0.035295
4 0.259530 0.183751 0.039142 0.032086
0 0.037157 0.025996 0.022124 0.041712
2 0.044531 0.095515 0.044815 0.031016
0 0.894883 0.027065 0.023258 0.039573
0 0.926367 0.025461 0.023826 0.038503
0 0.963808 0.027065 0.022691 0.039573
4 0.665868 0.231507 0.037488 0.037077