0 0.953674 0.097451 0.056709 0.044978
4 0.235623 0.617691 0.073482 0.035982
4 0.251198 0.714393 0.104633 0.038981
0 0.868211 0.974513 0.075080 0.038981
0 0.946486 0.973013 0.067093 0.041979
4 0.218522 0.424898 0.036485 0.034971
4 0.219298 0.474440 0.038038 0.034971
4 0.218910 0.521797 0.038814 0.030600
4 0.219686 0.572067 0.037261 0.034971
4 0.667598 0.234016 0.040366 0.037885
4 0.164183 0.185202 0.101692 0.039342
4 0.147104 0.234744 0.070641 0.030600
4 0.259277 0.185931 0.040366 0.037885
0 0.038426 0.030747 0.027170 0.039342
0 0.893107 0.029290 0.020959 0.048085
0 0.926487 0.032933 0.028722 0.046628
0 0.964136 0.030019 0.027946 0.040799
2 0.045800 0.101418 0.048129 0.032057
0 0.074911 0.328000 0.067536 0.042256
0 0.175439 0.322900 0.099363 0.043714
0 0.276743 0.329457 0.075299 0.036428
0 0.351653 0.323628 0.045024 0.036428
0 0.419966 0.328000 0.062102 0.030600
0 0.491383 0.328728 0.052787 0.043714
0 0.558531 0.325085 0.058221 0.042256