2 0.488709 0.193246 0.123466 0.031203
4 0.614634 0.193971 0.107144 0.030168
4 0.745952 0.192630 0.107430 0.032454
2 0.357621 0.193582 0.124406 0.029391
0 0.938421 0.263742 0.023529 0.030598
4 0.879563 0.193843 0.108258 0.029913
4 0.084007 0.265568 0.106451 0.029281
2 0.067169 0.084793 0.082525 0.032268
0 0.924477 0.349683 0.020297 0.028589
0 0.505739 0.302352 0.013891 0.026442
4 0.082724 0.192599 0.103886 0.032392
0 0.024569 0.965177 0.029899 0.029922
1 0.177836 0.420090 0.014576 0.026774
1 0.177850 0.652521 0.013824 0.026459
1 0.177951 0.380924 0.013939 0.026433
1 0.177870 0.497890 0.014803 0.027528
0 0.779878 0.347325 0.035929 0.025090
1 0.177985 0.458531 0.014292 0.025834
0 0.845210 0.347339 0.074683 0.031055
1 0.177900 0.613789 0.014298 0.025081
1 0.039875 0.397228 0.015394 0.028570
1 0.177829 0.342129 0.014509 0.026892
0 0.886218 0.261351 0.067680 0.031245
1 0.177834 0.536212 0.014527 0.025275
1 0.177845 0.574923 0.014443 0.027220
1 0.040170 0.708816 0.014474 0.025733
1 0.177947 0.302773 0.013957 0.026486
1 0.040289 0.460640 0.014965 0.026127
0 0.899061 0.348989 0.014917 0.028707
1 0.040183 0.542634 0.014121 0.025542
1 0.040099 0.875244 0.014609 0.025306
1 0.177841 0.225861 0.014037 0.026242
1 0.177787 0.691904 0.014744 0.026254
0 0.742107 0.347120 0.019407 0.023764
1 0.040212 0.791852 0.014756 0.023942
1 0.040218 0.625375 0.014618 0.023813
2 0.944459 0.350598 0.019682 0.027935
2 0.224535 0.192450 0.123303 0.029043
0 0.940668 0.192195 0.017120 0.029101
0 0.808254 0.190571 0.015538 0.030245
0 0.675351 0.191837 0.016365 0.030868
1 0.177392 0.264265 0.014380 0.028089
0 0.145242 0.265211 0.015545 0.028568
0 0.663681 0.348354 0.118055 0.029434
0 0.994044 0.077700 0.011867 0.026708
0 0.042324 0.024870 0.014108 0.027326
0 0.143645 0.193171 0.017956 0.031052
0 0.485050 0.303573 0.016761 0.026597
2 0.179002 0.026649 0.146152 0.035060
0 0.818919 0.024701 0.020783 0.031165
0 0.848083 0.024701 0.018772 0.033762
0 0.875235 0.025351 0.018101 0.029866
0 0.901716 0.025351 0.017431 0.032463
0 0.927863 0.027948 0.016090 0.032463
0 0.957361 0.024052 0.021453 0.035060