4 0.620474 0.190160 0.109279 0.029657
4 0.754660 0.189008 0.109077 0.032548
4 0.083615 0.261777 0.108984 0.032650
4 0.083864 0.189369 0.109827 0.030672
0 0.949029 0.260937 0.023256 0.030970
2 0.494677 0.190652 0.126994 0.030641
4 0.216380 0.263014 0.108941 0.029929
2 0.062998 0.083417 0.071970 0.031215
0 0.903904 0.258079 0.055174 0.029443
2 0.360584 0.190501 0.126446 0.030339
0 0.915974 0.079430 0.055182 0.027967
2 0.360362 0.263746 0.125544 0.028796
2 0.897603 0.190793 0.125225 0.028327
0 0.909658 0.346409 0.017224 0.034420
0 0.934778 0.347500 0.020238 0.030092
0 0.960122 0.078814 0.017032 0.027929
0 0.859779 0.345783 0.013778 0.028045
0 0.884770 0.345031 0.015003 0.029956
0 0.509239 0.300379 0.016655 0.031366
1 0.040110 0.396931 0.013459 0.019877
2 0.955213 0.347668 0.020647 0.030429
0 0.490285 0.300283 0.017325 0.031316
0 0.778370 0.345860 0.054569 0.028859
0 0.817493 0.187909 0.015851 0.030349
0 0.683077 0.189836 0.015888 0.026412
2 0.182811 0.345755 0.067920 0.031712
1 0.179113 0.222164 0.012795 0.025070
0 0.828959 0.345529 0.026647 0.026151
0 0.731172 0.346142 0.021029 0.026056
0 0.145818 0.261389 0.015561 0.028966
0 0.279379 0.260873 0.014853 0.026977
0 0.145684 0.189083 0.014841 0.032230
0 0.043242 0.026649 0.022124 0.037657
2 0.227273 0.189615 0.123357 0.028568
0 0.199450 0.395433 0.081121 0.032463
0 0.310740 0.394784 0.069053 0.033762
0 0.429069 0.392836 0.049611 0.035060
0 0.499128 0.393485 0.078439 0.038956
0 0.597345 0.394784 0.046929 0.044150
0 0.671427 0.392836 0.073076 0.040255
0 0.791767 0.394784 0.093859 0.038956
0 0.933896 0.396082 0.060338 0.036359