0 0.867564 0.081616 0.070232 0.030626
2 0.880813 0.173431 0.159690 0.031423
0 0.937424 0.079788 0.020320 0.031848
0 0.537655 0.863914 0.022916 0.027425
1 0.419727 0.595403 0.014636 0.026879
1 0.419821 0.475085 0.014351 0.027211
0 0.819522 0.258546 0.021871 0.030247
0 0.667574 0.941047 0.022954 0.033139
1 0.044086 0.404823 0.011634 0.018840
1 0.044096 0.435889 0.011598 0.016980
1 0.044072 0.465842 0.011573 0.017464
1 0.420070 0.435006 0.013946 0.027034
1 0.044070 0.496308 0.011527 0.016690
0 0.844554 0.258850 0.019406 0.028568
1 0.419800 0.715548 0.014556 0.028143
1 0.044051 0.526217 0.011424 0.017088
1 0.044056 0.374283 0.011729 0.019465
0 0.742525 0.170290 0.019531 0.029710
1 0.044038 0.555567 0.011313 0.018651
1 0.419975 0.394563 0.013908 0.026733
0 0.917078 0.079927 0.019775 0.031933
0 0.762631 0.169718 0.019744 0.030853
1 0.044085 0.586704 0.011297 0.016935
0 0.914651 0.257581 0.019821 0.031873
1 0.044035 0.889836 0.011660 0.019847
2 0.665811 0.443682 0.128194 0.030280
0 0.737154 0.941047 0.033823 0.023997
1 0.419875 0.514690 0.014075 0.028238
1 0.044056 0.617342 0.011415 0.016504
1 0.419722 0.635216 0.014171 0.027431
1 0.044454 0.707654 0.011032 0.018866
1 0.044112 0.647428 0.011398 0.017254
1 0.044097 0.829697 0.011880 0.018411
1 0.044741 0.860955 0.010426 0.016936
1 0.044161 0.738326 0.011728 0.018503
1 0.044411 0.676980 0.010945 0.019223
1 0.419897 0.755137 0.014611 0.028729
1 0.419960 0.554235 0.014263 0.027436
1 0.044140 0.767829 0.011808 0.020373
1 0.044208 0.799034 0.011719 0.018791
0 0.572838 0.864486 0.031899 0.026282
1 0.419850 0.674989 0.014268 0.027122
0 0.889742 0.257524 0.021391 0.032839
1 0.043978 0.918750 0.011765 0.022922
4 0.885372 0.430863 0.109011 0.032814
1 0.044092 0.344185 0.012124 0.018690
2 0.068272 0.086171 0.081267 0.033398
4 0.885415 0.400644 0.108481 0.032836
1 0.419903 0.355044 0.014191 0.025286
2 0.865030 0.258737 0.020078 0.030629
0 0.955349 0.256484 0.020128 0.032817
1 0.420036 0.277148 0.013959 0.021741
4 0.885357 0.461344 0.109325 0.033422
0 0.697745 0.939320 0.025119 0.025114
4 0.884541 0.492184 0.108906 0.033215
4 0.885392 0.370311 0.107535 0.032877
4 0.884555 0.553258 0.109161 0.033049
4 0.884477 0.522792 0.109093 0.033106
4 0.884596 0.583681 0.109222 0.032942
1 0.419827 0.795021 0.014534 0.026447
4 0.884624 0.614174 0.109191 0.033044
0 0.780100 0.938762 0.031210 0.021711
4 0.884618 0.644553 0.109158 0.032850
1 0.740426 0.285703 0.013512 0.018283
4 0.884600 0.674834 0.109092 0.032914
0 0.962557 0.079137 0.015548 0.027202
4 0.100000 0.174268 0.157522 0.030811
1 0.420354 0.237732 0.011209 0.020614
1 0.044248 0.308787 0.011799 0.021027
4 0.884563 0.705167 0.109060 0.032908
4 0.377849 0.365883 0.045374 0.030090
4 0.376639 0.441918 0.045314 0.031323
0 0.146224 0.082426 0.054100 0.036316
4 0.884562 0.735550 0.108948 0.032836
4 0.885485 0.765819 0.108623 0.032445
0 0.934676 0.257216 0.018567 0.032072
4 0.377542 0.328555 0.044759 0.030853
0 0.721393 0.285560 0.016801 0.027711
4 0.884518 0.339926 0.107680 0.033507
4 0.885499 0.796088 0.108514 0.032445
4 0.378074 0.404351 0.044644 0.027037
4 0.377260 0.288810 0.044196 0.029068
4 0.885573 0.826373 0.108371 0.032329
1 0.740653 0.364838 0.012706 0.021145
0 0.720889 0.324453 0.016562 0.027629
4 0.885138 0.856575 0.107011 0.032248
4 0.885540 0.886805 0.107387 0.032196
1 0.420079 0.315527 0.015183 0.029262
4 0.656953 0.287989 0.110283 0.031996
0 0.375474 0.750869 0.046989 0.026988
1 0.740156 0.404608 0.011134 0.018409
0 0.721077 0.363420 0.016625 0.028788
4 0.499172 0.179431 0.178286 0.029710
4 0.656787 0.404545 0.110614 0.029710
4 0.500125 0.101156 0.581371 0.030853
1 0.740495 0.324790 0.012599 0.023324
4 0.656474 0.326841 0.111241 0.029710
4 0.885275 0.916370 0.107916 0.031611
1 0.740748 0.440311 0.012245 0.023224
4 0.656452 0.364917 0.110105 0.032730
0 0.189182 0.174061 0.017303 0.031309
0 0.375735 0.593014 0.046263 0.025959
0 0.100295 0.840489 0.000000 0.001143
0 0.583776 0.180574 0.000590 0.000000
1 0.761357 0.300558 0.000590 0.000000
1 0.775811 0.417686 0.000000 0.001143
0 0.720354 0.403974 0.017699 0.028568
0 0.386726 0.907909 0.069027 0.028568
5 0.500092 0.501295 0.200037 0.777578