0 0.929340 0.155285 0.071056 0.038044
0 0.586333 0.267483 0.150806 0.155495
0 0.265487 0.267110 0.151274 0.156214
0 0.939114 0.412574 0.044149 0.030191
0 0.426027 0.265550 0.150896 0.156024
0 0.050019 0.461476 0.041094 0.032626
0 0.040189 0.077874 0.016523 0.024685
0 0.096137 0.078385 0.043236 0.030745
2 0.248468 0.082790 0.224643 0.038090
0 0.104947 0.267015 0.150140 0.153094
0 0.747107 0.267381 0.149384 0.153826
0 0.138274 0.413235 0.016330 0.034689
0 0.089549 0.678507 0.022124 0.038771
2 0.350787 0.026209 0.051622 0.029520
4 0.515733 0.026209 0.271386 0.025711
0 0.905113 0.027161 0.018682 0.033329
0 0.932645 0.028589 0.019666 0.036186
0 0.960914 0.028113 0.025074 0.039043
2 0.106195 0.024304 0.048181 0.027615
2 0.055310 0.152383 0.058505 0.034281