4 0.556501 0.431092 0.165267 0.030024
4 0.858618 0.432347 0.151004 0.029366
2 0.248657 0.431069 0.169049 0.031443
4 0.625912 0.808753 0.113536 0.028534
4 0.556312 0.468707 0.164133 0.032003
2 0.875763 0.808201 0.115562 0.030151
4 0.859083 0.467998 0.152883 0.027207
4 0.406732 0.806680 0.032160 0.029830
0 0.968591 0.964085 0.030562 0.031754
4 0.352217 0.806043 0.071991 0.031275
0 0.506142 0.240556 0.017191 0.026687
4 0.757129 0.666814 0.251440 0.030333
4 0.248468 0.470062 0.169427 0.030319
0 0.068515 0.279067 0.082952 0.038605
4 0.739395 0.808070 0.091655 0.029889
0 0.947342 0.663852 0.015321 0.027291
4 0.481875 0.101678 0.317592 0.031911
0 0.952365 0.079503 0.019048 0.030122
0 0.943483 0.429808 0.015145 0.027008
0 0.942650 0.467665 0.014561 0.027074
1 0.049768 0.804875 0.013431 0.023756
0 0.486667 0.240429 0.016717 0.026434
1 0.049476 0.719162 0.015940 0.027334
0 0.922043 0.664029 0.014825 0.029013
0 0.042213 0.023664 0.017292 0.035463
0 0.820364 0.025142 0.018309 0.040389
0 0.848845 0.024157 0.017292 0.040389
0 0.876564 0.025635 0.019835 0.041374
0 0.904791 0.025635 0.017292 0.043344
0 0.930475 0.024157 0.019835 0.044329
0 0.959719 0.026127 0.027464 0.050240
0 0.653522 0.101687 0.023859 0.028568
0 0.139901 0.281495 0.033403 0.036970
0 0.193476 0.283596 0.058129 0.039491
0 0.894410 0.666029 0.023448 0.031093
0 0.796460 0.807410 0.019666 0.028568
0 0.503582 0.808770 0.019666 0.034009
0 0.433347 0.806729 0.018261 0.027207
0 0.158460 0.516800 0.000000 0.000733
2 0.213864 0.027494 0.211028 0.032963