4 0.395471 0.726397 0.068985 0.029115
0 0.282831 0.142316 0.069761 0.029850
4 0.427533 0.920056 0.131905 0.030782
4 0.624693 0.530952 0.100172 0.031031
4 0.373621 0.491105 0.025866 0.029898
4 0.464294 0.415312 0.205875 0.030673
4 0.592736 0.414395 0.048550 0.028839
4 0.615614 0.919178 0.069165 0.029012
4 0.395660 0.687282 0.069053 0.029446
0 0.430115 0.142842 0.165916 0.030902
4 0.395428 0.764016 0.068288 0.030553
4 0.150917 0.150514 0.069005 0.029588
4 0.586341 0.492073 0.025695 0.029453
0 0.176423 0.078088 0.073141 0.026997
4 0.489491 0.299721 0.256268 0.030415
0 0.333302 0.142480 0.020736 0.030178
4 0.558014 0.453696 0.256883 0.031261
4 0.395483 0.570143 0.069407 0.028470
4 0.383234 0.532296 0.044973 0.028958
0 0.096091 0.078927 0.063355 0.024836
0 0.184014 0.698027 0.019805 0.032665
4 0.164514 0.466289 0.095130 0.030608
0 0.232854 0.142756 0.020978 0.030730
4 0.133797 0.544341 0.030552 0.027547
2 0.426459 0.881434 0.131260 0.032086
0 0.033725 0.078922 0.034726 0.025811
0 0.930590 0.963158 0.027211 0.031823
4 0.165402 0.505570 0.094817 0.029588
0 0.728021 0.567430 0.019664 0.033587
4 0.151180 0.227683 0.068479 0.030885
0 0.145755 0.698213 0.018773 0.031744
4 0.150653 0.187754 0.069532 0.028568
4 0.176872 0.389811 0.071572 0.030692
0 0.164764 0.698310 0.017517 0.031357
0 0.083238 0.698048 0.019403 0.031941
4 0.394439 0.453242 0.067808 0.030352
4 0.489798 0.261303 0.256883 0.032139
0 0.728162 0.295389 0.019882 0.034378
0 0.121504 0.698028 0.019350 0.031659
0 0.723229 0.974453 0.049269 0.025532
0 0.039149 0.698284 0.017768 0.031101
4 0.133007 0.583269 0.030025 0.029904
0 0.058615 0.697746 0.018947 0.031409
4 0.129861 0.621993 0.025782 0.031852
0 0.102155 0.698303 0.018043 0.031120
0 0.728212 0.762241 0.019794 0.033812
0 0.969877 0.963260 0.032179 0.026227
0 0.020010 0.698515 0.018286 0.031689
4 0.164429 0.267068 0.096030 0.030073
1 0.019295 0.811195 0.013340 0.025690
1 0.019296 0.841900 0.013238 0.025338
0 0.655665 0.880208 0.162117 0.032013
0 0.043696 0.343619 0.026616 0.029309
2 0.464899 0.222148 0.207992 0.030009
0 0.724413 0.918887 0.026559 0.030175
1 0.125276 0.426657 0.012978 0.025071
0 0.205855 0.698191 0.014185 0.031631
1 0.019261 0.872482 0.013853 0.025689
0 0.970352 0.079162 0.020435 0.027503
0 0.677022 0.974003 0.014822 0.025195
0 0.774278 0.074690 0.015110 0.024816
0 0.975862 0.389163 0.011703 0.023808
1 0.124337 0.387426 0.014893 0.031361
0 0.780811 0.128013 0.010831 0.023010
0 0.995161 0.135510 0.009663 0.025343
0 0.770275 0.974518 0.016881 0.025510
0 0.647124 0.971330 0.020895 0.033329
0 0.107459 0.343856 0.070586 0.038771
0 0.183839 0.344877 0.055836 0.030608
5 0.500737 0.524283 0.573746 0.939879