0 0.937166 0.294338 0.027835 0.048036
4 0.079056 0.210135 0.097935 0.041436
0 0.928420 0.389152 0.024907 0.043960
0 0.658319 0.943289 0.025487 0.041265
4 0.078761 0.296368 0.096165 0.040378
0 0.733639 0.939630 0.035597 0.025626
0 0.779573 0.939424 0.033376 0.026130
0 0.691291 0.940433 0.026442 0.025965
0 0.882337 0.293352 0.068449 0.034489
0 0.865033 0.387190 0.030888 0.026084
0 0.947742 0.085530 0.018098 0.030383
0 0.821661 0.386838 0.031785 0.026310
4 0.488791 0.109637 0.569322 0.047815
0 0.900715 0.387931 0.016114 0.032363
4 0.532066 0.735908 0.353982 0.039148
0 0.807981 0.208799 0.015669 0.043766
4 0.532339 0.630630 0.356714 0.042323
4 0.530427 0.255017 0.351797 0.042323
4 0.532339 0.469276 0.355621 0.043381
4 0.531520 0.683534 0.352890 0.042323
4 0.532513 0.416901 0.355273 0.042323
0 0.994010 0.082995 0.011833 0.030857
2 0.542172 0.576669 0.375287 0.042323
0 0.719959 0.416095 0.017750 0.039703
1 0.742416 0.467673 0.015369 0.029595
1 0.742282 0.524021 0.015992 0.025904
1 0.742019 0.414278 0.015931 0.032297
1 0.742237 0.574793 0.016196 0.030106
4 0.531520 0.522708 0.353982 0.042323
4 0.530427 0.362940 0.352890 0.042323
1 0.742228 0.361096 0.015415 0.028053
1 0.742095 0.628894 0.017277 0.032501
0 0.720336 0.736417 0.020044 0.042362
1 0.742295 0.734149 0.016327 0.032257
0 0.139823 0.208570 0.023599 0.044566
0 0.138938 0.297130 0.026549 0.041138
0 0.785251 0.110869 0.021239 0.045708
0 0.717797 0.256076 0.024036 0.040206
0 0.718890 0.362411 0.020758 0.041265
2 0.542718 0.308979 0.374194 0.042323
0 0.719983 0.468747 0.017481 0.044439
0 0.718890 0.521121 0.020758 0.041265
0 0.719983 0.630101 0.017481 0.041265
0 0.718890 0.683005 0.019666 0.041265
1 0.742380 0.681418 0.012018 0.027510
1 0.742106 0.308979 0.016934 0.031742
5 0.499263 0.500000 0.606195 0.942736
3 0.034907 0.516145 0.024582 0.041899
3 0.034415 0.598516 0.020649 0.037138
3 0.034415 0.684219 0.022616 0.040947
3 0.033677 0.768970 0.024090 0.040947
3 0.033677 0.850864 0.024090 0.035234
3 0.033923 0.933711 0.024582 0.040947