4 0.166369 0.301120 0.074940 0.031201
2 0.094525 0.077782 0.116120 0.033229
4 0.368914 0.267089 0.034267 0.031681
4 0.410038 0.335188 0.115916 0.032805
4 0.149313 0.367445 0.040509 0.032011
4 0.166338 0.267015 0.073806 0.032012
0 0.039300 0.182893 0.014411 0.027658
4 0.559229 0.301177 0.021065 0.032675
4 0.389410 0.301141 0.074666 0.032285
4 0.565347 0.266970 0.034016 0.030367
0 0.204010 0.078190 0.015575 0.026179
0 0.318881 0.436016 0.019766 0.031690
0 0.244956 0.435939 0.022175 0.030459
4 0.186620 0.335082 0.113893 0.031539
0 0.295809 0.435784 0.019118 0.030478
0 0.045762 0.435582 0.017102 0.028944
0 0.237327 0.182292 0.110537 0.028531
0 0.150407 0.436081 0.023770 0.029600
0 0.269096 0.436170 0.023067 0.031003
0 0.056283 0.182034 0.015037 0.026635
0 0.200505 0.435307 0.017327 0.030393
0 0.434677 0.077328 0.015120 0.026808
0 0.127040 0.183317 0.091779 0.028316
0 0.121789 0.436513 0.022821 0.030454
0 0.175373 0.436289 0.021838 0.031261
0 0.221214 0.435507 0.022552 0.030213
0 0.411569 0.077488 0.017188 0.027653
0 0.064407 0.435945 0.017107 0.029163
0 0.082697 0.435925 0.016297 0.028691
4 0.565672 0.368262 0.035434 0.031472
0 0.021515 0.183438 0.017043 0.030549
0 0.100867 0.436606 0.016616 0.029532
0 0.221265 0.078356 0.015235 0.026584
0 0.073189 0.181601 0.015486 0.025383
0 0.393488 0.077492 0.016938 0.027703
0 0.238440 0.078360 0.016182 0.027172
0 0.022897 0.435625 0.017950 0.029490
0 0.353240 0.076730 0.014204 0.026088
1 0.359552 0.368893 0.012261 0.022686
0 0.180147 0.077440 0.016064 0.026955
0 0.261098 0.078110 0.016261 0.027163
0 0.452288 0.075888 0.013886 0.025133
0 0.931186 0.014973 0.014323 0.025188
0 0.278327 0.077448 0.015058 0.027129
0 0.296793 0.077136 0.016714 0.027899
0 0.371726 0.076944 0.016645 0.026558
0 0.163231 0.077136 0.015599 0.026966
0 0.336040 0.076632 0.015780 0.026569
0 0.317590 0.076872 0.016389 0.026628
0 0.175459 0.033298 0.031572 0.022094
0 0.946032 0.014797 0.014992 0.027961
0 0.136039 0.033434 0.024875 0.021644
0 0.959666 0.015323 0.013243 0.025251
0 0.342607 0.033672 0.036042 0.022696
0 0.054008 0.033562 0.051805 0.025161
0 0.015384 0.028232 0.014258 0.021345
0 0.283555 0.032942 0.060682 0.023796
0 0.222202 0.033596 0.040771 0.022776
0 0.101458 0.032739 0.020623 0.023601
0 0.384584 0.032683 0.023654 0.022441
0 0.978186 0.986329 0.016302 0.027342
4 0.849152 0.496480 0.031565 0.027017
4 0.849152 0.523496 0.031565 0.028654
4 0.798994 0.497298 0.068751 0.027017
4 0.798994 0.523087 0.067886 0.027835
4 0.730459 0.496480 0.068318 0.025379
4 0.730459 0.523087 0.069183 0.024561
4 0.661709 0.496889 0.068318 0.027835
4 0.661204 0.523223 0.068751 0.025379
4 0.586472 0.496207 0.081290 0.027017
4 0.586472 0.522814 0.081290 0.026198
4 0.511019 0.496207 0.069616 0.027017
4 0.511235 0.522814 0.069183 0.027835
4 0.466843 0.497025 0.019025 0.027017
4 0.467924 0.523633 0.018593 0.027835
4 0.438809 0.497025 0.037618 0.025379
4 0.439025 0.524451 0.038051 0.026198
4 0.344979 0.496616 0.150041 0.026198
4 0.345412 0.524042 0.149176 0.025379
4 0.204451 0.496207 0.131880 0.027017
4 0.204883 0.523633 0.131880 0.026198
4 0.105000 0.496207 0.068751 0.025379
4 0.105216 0.522814 0.068318 0.026198
4 0.064571 0.496207 0.012972 0.027017
4 0.065003 0.522405 0.013837 0.027017
4 0.048572 0.496616 0.019025 0.026198
4 0.048789 0.522814 0.019458 0.026198
4 0.026953 0.495797 0.024214 0.027835
4 0.026736 0.522405 0.024647 0.025379