0 0.265963 0.087841 0.017377 0.028026
0 0.496450 0.087647 0.018836 0.029661
0 0.286760 0.087990 0.018814 0.029464
2 0.113912 0.089234 0.137066 0.038933
0 0.475903 0.087555 0.017524 0.029221
0 0.525511 0.086585 0.017249 0.028660
2 0.644557 0.489113 0.168634 0.030855
0 0.245015 0.087774 0.017657 0.028669
0 0.405717 0.086844 0.017102 0.027248
2 0.505977 0.261453 0.228742 0.032697
0 0.446947 0.087296 0.018045 0.026970
0 0.384986 0.086905 0.018212 0.027229
0 0.215690 0.087973 0.018139 0.030149
0 0.426335 0.087499 0.017354 0.026825
0 0.357008 0.087620 0.019000 0.029521
0 0.248193 0.204064 0.019913 0.029966
0 0.195135 0.088253 0.018571 0.031248
0 0.314677 0.087735 0.019528 0.030797
0 0.179347 0.203316 0.089960 0.028346
0 0.335353 0.087992 0.016624 0.029544
2 0.420236 0.749778 0.250658 0.035441
0 0.750615 0.489023 0.030218 0.034379
4 0.703312 0.391471 0.125495 0.032248
0 0.296306 0.202511 0.052643 0.028209
0 0.362138 0.203182 0.062479 0.028139
0 0.546388 0.085826 0.016483 0.026911
0 0.784048 0.326770 0.016143 0.026699
4 0.600583 0.750182 0.081785 0.030379
4 0.905609 0.260522 0.134272 0.030835
0 0.648620 0.974201 0.028648 0.046986
4 0.498878 0.619412 0.167426 0.031628
0 0.298928 0.974942 0.020335 0.033946
0 0.800814 0.326758 0.016287 0.026676
1 0.648016 0.457242 0.012972 0.023841
0 0.717601 0.749110 0.036188 0.033583
0 0.022233 0.921236 0.015941 0.024806
0 0.767359 0.327094 0.016393 0.027976
4 0.582207 0.456127 0.044159 0.032043
0 0.330411 0.975055 0.023753 0.037230
0 0.484452 0.202777 0.016165 0.028394
0 0.933259 0.016191 0.016129 0.028682
0 0.677191 0.974982 0.021538 0.037596
0 0.866367 0.976144 0.015298 0.022584
4 0.582392 0.522355 0.337665 0.030224
0 0.973641 0.923126 0.019584 0.029753
4 0.600357 0.586971 0.374006 0.033564
0 0.951701 0.016105 0.015566 0.027316
0 0.915596 0.016689 0.014269 0.027687
0 0.072570 0.203575 0.098154 0.027687
0 0.506623 0.203190 0.027673 0.031532
0 0.300194 0.292756 0.021267 0.032216
0 0.340799 0.330344 0.082587 0.034608
0 0.416468 0.331498 0.069616 0.035378
0 0.475923 0.328422 0.051023 0.032301
0 0.526513 0.328037 0.051887 0.029994
0 0.603479 0.328422 0.103775 0.029225
0 0.700552 0.328422 0.091235 0.029225
4 0.454735 0.390076 0.081290 0.031532
0 0.502083 0.390076 0.015999 0.031532
4 0.454303 0.423146 0.080425 0.029994
4 0.476139 0.456601 0.124097 0.029225
4 0.477004 0.488903 0.123233 0.029225
0 0.367281 0.687756 0.135510 0.034279
0 0.486529 0.688291 0.102987 0.033208
4 0.670421 0.749886 0.043965 0.032136