2 0.112134 0.092446 0.146150 0.043440
0 0.259486 0.211682 0.020674 0.034351
0 0.229767 0.210345 0.021422 0.030384
0 0.287542 0.211561 0.021470 0.036862
1 0.261312 0.483535 0.014921 0.027343
0 0.200763 0.213099 0.021091 0.036435
0 0.172165 0.212476 0.021856 0.035518
0 0.222931 0.027300 0.055472 0.025701
0 0.283455 0.095628 0.019780 0.036582
0 0.257595 0.095563 0.020722 0.036645
0 0.224707 0.095379 0.022352 0.040806
0 0.166294 0.027156 0.030664 0.024452
2 0.665402 0.608787 0.499930 0.038661
0 0.123496 0.027224 0.026615 0.026938
1 0.422667 0.650866 0.014274 0.027770
2 0.665402 0.566656 0.499227 0.039653
0 0.288882 0.025673 0.046250 0.025895
0 0.048898 0.025212 0.091898 0.032990
0 0.020281 0.095755 0.021658 0.038336
0 0.200307 0.094466 0.022552 0.040047
0 0.309013 0.097068 0.019575 0.039614
0 0.346878 0.026854 0.046985 0.025706
0 0.315887 0.211792 0.022107 0.035540
2 0.665402 0.441254 0.499930 0.038661
4 0.436964 0.274051 0.042235 0.037254
4 0.521430 0.316379 0.042782 0.038074
0 0.561071 0.097669 0.024880 0.042959
1 0.244114 0.816604 0.013458 0.024402
0 0.397896 0.028657 0.030354 0.029003
0 0.620252 0.095727 0.025054 0.043505
0 0.593512 0.096180 0.022645 0.035348
0 0.535212 0.096180 0.021682 0.044411
0 0.341524 0.094367 0.025536 0.048036
4 0.436008 0.316069 0.041271 0.038401
2 0.664963 0.526012 0.499051 0.037670
1 0.591976 0.649927 0.013702 0.023792
1 0.439415 0.775329 0.014228 0.026766
1 0.244591 0.733232 0.013260 0.026841
1 0.244303 0.773901 0.013837 0.025215
1 0.244736 0.858494 0.013837 0.025215
1 0.244519 0.981451 0.012539 0.024402
0 0.023493 0.210222 0.021620 0.043110
0 0.367392 0.095127 0.021620 0.042296
0 0.392471 0.094314 0.020755 0.043923
0 0.425765 0.096347 0.019890 0.043110
0 0.451132 0.096754 0.021620 0.045550
0 0.476860 0.096347 0.022917 0.039856
0 0.502155 0.097161 0.019890 0.039856
0 0.114443 0.303873 0.208128 0.027745
0 0.127554 0.334701 0.183000 0.033911
0 0.126734 0.370153 0.183546 0.036994