4 0.457834 0.474167 0.092100 0.039070
4 0.444430 0.580855 0.065292 0.038813
2 0.080249 0.157103 0.130913 0.039332
0 0.462788 0.825197 0.114208 0.044504
4 0.444214 0.527538 0.064859 0.039811
2 0.184705 0.158006 0.050623 0.031928
0 0.398882 0.527139 0.018886 0.038844
3 0.189601 0.689456 0.090205 0.033382
3 0.200041 0.639270 0.067445 0.031061
3 0.182206 0.834226 0.110544 0.036544
0 0.732858 0.349366 0.019064 0.037236
0 0.260715 0.350171 0.021115 0.032878
0 0.584966 0.824232 0.118337 0.041924
0 0.357946 0.407065 0.193327 0.050754
0 0.019431 0.022993 0.017350 0.027187
3 0.216537 0.589698 0.035844 0.031553
0 0.055620 0.024044 0.037277 0.029290
0 0.096003 0.023626 0.026626 0.028453
0 0.133650 0.025299 0.032395 0.030126
0 0.196666 0.024463 0.074110 0.030126
0 0.265229 0.024463 0.046152 0.030126
0 0.320035 0.024463 0.043934 0.030126
0 0.367297 0.022789 0.029289 0.033474
0 0.706624 0.826670 0.051996 0.037100
0 0.709018 0.348687 0.021773 0.041058
0 0.578382 0.404313 0.233881 0.051653
0 0.724119 0.404976 0.015452 0.045031
2 0.741326 0.404976 0.016154 0.050329