2 0.112466 0.092569 0.142027 0.042603
0 0.069284 0.274242 0.020838 0.034830
0 0.092016 0.273940 0.020649 0.035063
0 0.115317 0.273386 0.022692 0.037484
0 0.051747 0.418784 0.020823 0.034165
0 0.283432 0.095801 0.019726 0.036794
0 0.021672 0.418728 0.020544 0.032519
0 0.081453 0.419033 0.022026 0.034860
0 0.105161 0.419303 0.021287 0.034752
0 0.021529 0.272400 0.021395 0.037417
0 0.322782 0.026081 0.051874 0.026240
0 0.044253 0.272978 0.023666 0.037370
0 0.263648 0.027309 0.039280 0.025168
0 0.163343 0.419019 0.020473 0.035046
0 0.257597 0.095702 0.020647 0.036966
0 0.386897 0.272744 0.020902 0.035991
0 0.309069 0.095535 0.019434 0.036527
0 0.383764 0.026864 0.045553 0.025481
0 0.170348 0.027120 0.026339 0.026137
0 0.561108 0.097488 0.024803 0.042093
0 0.213366 0.026906 0.030530 0.024377
0 0.426469 0.096839 0.021399 0.038808
0 0.224784 0.095230 0.022026 0.039988
0 0.341899 0.095772 0.019104 0.037809
0 0.514411 0.315436 0.019570 0.032110
0 0.392159 0.315630 0.019475 0.034336
0 0.139834 0.273653 0.021152 0.037091
0 0.418355 0.314653 0.022166 0.036917
0 0.466080 0.314711 0.021296 0.037772
0 0.361151 0.272344 0.021130 0.036532
0 0.451934 0.096939 0.022526 0.039641
0 0.130174 0.418018 0.027514 0.036383
0 0.441119 0.315111 0.022144 0.037182
0 0.013012 0.021875 0.016863 0.030547
0 0.087056 0.029378 0.111558 0.033349
0 0.534945 0.096483 0.022052 0.040670
0 0.593534 0.096076 0.021620 0.043110
0 0.619046 0.096890 0.022485 0.044736
0 0.162725 0.273260 0.022485 0.037416
0 0.341880 0.315692 0.029403 0.034976
0 0.369554 0.314471 0.021620 0.039043
0 0.489111 0.313251 0.020323 0.038229
0 0.526513 0.276242 0.024214 0.039043
0 0.536674 0.314878 0.022052 0.036603
0 0.561969 0.314065 0.020755 0.036603
0 0.587481 0.314471 0.021620 0.037416
0 0.190305 0.419444 0.027070 0.035896
0 0.376544 0.569605 0.083452 0.039043
0 0.480535 0.569198 0.123665 0.034976
0 0.644364 0.390884 0.110604 0.026124
0 0.655772 0.422607 0.132427 0.026124
0 0.632708 0.456195 0.087293 0.031722
0 0.652548 0.489317 0.126972 0.027057
4 0.560626 0.650727 0.094237 0.040119
0 0.772185 0.817960 0.025511 0.042296
4 0.063280 0.533143 0.102713 0.032683
4 0.169315 0.533624 0.111401 0.035567
0 0.037353 0.356058 0.018495 0.034792
0 0.367536 0.096076 0.023349 0.043110
0 0.392831 0.095670 0.020323 0.042296
0 0.433476 0.027345 0.030700 0.032536
0 0.476932 0.098110 0.020755 0.037416
0 0.501794 0.096483 0.022052 0.037416
0 0.338926 0.272494 0.020280 0.033526
0 0.465524 0.389833 0.241519 0.032369
0 0.386861 0.420469 0.078048 0.024277
0 0.387168 0.449948 0.079892 0.030057
0 0.387783 0.484630 0.078663 0.034682