4 0.512900 0.605128 0.101736 0.041916
4 0.638445 0.487092 0.084059 0.041577
4 0.513446 0.487241 0.100597 0.041675
4 0.421213 0.919354 0.084551 0.041412
4 0.512832 0.723078 0.101947 0.041993
4 0.638470 0.447993 0.083920 0.040637
4 0.513129 0.959225 0.101306 0.042146
4 0.513981 0.565925 0.099623 0.041787
4 0.513972 0.841090 0.099946 0.042101
4 0.638625 0.604961 0.084740 0.041867
4 0.512948 0.683860 0.101784 0.041821
4 0.513207 0.919592 0.101683 0.041579
4 0.513432 0.448172 0.100569 0.041803
4 0.638346 0.565642 0.083851 0.040534
4 0.514008 0.526368 0.099677 0.042696
4 0.513998 0.801777 0.099998 0.041799
4 0.513163 0.644209 0.101791 0.042803
4 0.513776 0.880182 0.100576 0.042269
4 0.638764 0.722887 0.085433 0.042202
2 0.080492 0.157520 0.130691 0.040795
4 0.421590 0.958993 0.084931 0.041977
4 0.513281 0.409664 0.101160 0.040902
4 0.638333 0.840954 0.084773 0.042324
4 0.513168 0.762179 0.101669 0.042612
4 0.638311 0.369376 0.084011 0.041233
4 0.513011 0.369833 0.100640 0.041656
4 0.513326 0.290778 0.099454 0.044214
1 0.366195 0.684245 0.015432 0.029793
4 0.638332 0.408476 0.083910 0.042748
4 0.421708 0.486874 0.085387 0.041337
1 0.366173 0.802082 0.015348 0.029504
0 0.194153 0.159321 0.069355 0.033984
4 0.421584 0.840821 0.085955 0.041808
4 0.637781 0.919328 0.083512 0.041006
4 0.638030 0.291043 0.082871 0.042362
4 0.512970 0.330729 0.100463 0.041792
4 0.638648 0.801589 0.084968 0.040861
4 0.638184 0.526106 0.083791 0.042585
1 0.366084 0.919961 0.015284 0.029229
4 0.638410 0.330529 0.083735 0.040060
1 0.366269 0.448276 0.015354 0.029591
1 0.366167 0.566336 0.015622 0.030018
4 0.638822 0.683699 0.084997 0.040395
1 0.366160 0.723004 0.015348 0.029884
1 0.366323 0.644460 0.015896 0.030331
4 0.421834 0.879893 0.085869 0.042539
1 0.366310 0.762563 0.015751 0.030050
0 0.432449 0.159007 0.021793 0.034969
1 0.366480 0.408500 0.015972 0.030087
4 0.637738 0.959137 0.083864 0.042277
4 0.638694 0.644267 0.085072 0.042746
4 0.421709 0.447773 0.085217 0.040881
1 0.366163 0.604931 0.015553 0.030279
1 0.366305 0.369194 0.015528 0.029885
4 0.638719 0.762051 0.085522 0.042751
0 0.396982 0.158955 0.021249 0.035090
3 0.223815 0.801960 0.016581 0.030361
4 0.421791 0.526344 0.085227 0.043398
1 0.366496 0.330524 0.016118 0.029631
0 0.253464 0.158939 0.020330 0.033203
1 0.366149 0.880709 0.015466 0.029693
1 0.366163 0.526441 0.015841 0.030197
1 0.366103 0.841103 0.015236 0.029944
3 0.223484 0.606452 0.017238 0.030795
4 0.637940 0.879800 0.084234 0.042151
1 0.366105 0.958636 0.015161 0.028473
0 0.289374 0.159684 0.020826 0.033068
1 0.579473 0.448915 0.014349 0.028415
1 0.579510 0.331219 0.014650 0.028697
1 0.579569 0.409442 0.015221 0.029400
1 0.366105 0.487083 0.015431 0.030432
1 0.579442 0.487253 0.014746 0.028992
0 0.324910 0.160344 0.019110 0.032888
1 0.579484 0.566664 0.014615 0.028702
0 0.361213 0.158786 0.021261 0.035219
1 0.579482 0.369438 0.014846 0.028934
4 0.421732 0.801658 0.085976 0.040972
1 0.579577 0.920337 0.015078 0.029625
1 0.579549 0.527259 0.015285 0.029561
3 0.223589 0.490176 0.017251 0.029712
1 0.579548 0.802466 0.015039 0.029510
3 0.223312 0.921595 0.017257 0.028582
1 0.579502 0.880940 0.015587 0.030177
3 0.223509 0.449673 0.017651 0.030479
1 0.579564 0.958974 0.015136 0.028934
1 0.579474 0.841166 0.015174 0.029475
1 0.579523 0.684614 0.014865 0.029170
1 0.579522 0.763071 0.015581 0.030214
1 0.579471 0.723200 0.015078 0.029396
1 0.579452 0.605186 0.014890 0.029236
3 0.224234 0.567919 0.018045 0.031850
1 0.579518 0.645203 0.015466 0.029966
1 0.579561 0.291875 0.015334 0.029191
2 0.483664 0.158937 0.052221 0.035179
4 0.513335 0.989582 0.100120 0.020835
3 0.223788 0.881368 0.016130 0.030419
3 0.223680 0.371649 0.017105 0.028821
3 0.223756 0.763494 0.016416 0.030846
1 0.366499 0.290989 0.017419 0.030803
3 0.224707 0.333211 0.018193 0.031529
3 0.223827 0.684518 0.016572 0.029464
1 0.366676 0.992643 0.015438 0.014713
4 0.421515 0.989311 0.085328 0.021378
4 0.421539 0.565221 0.085350 0.039751
4 0.690637 0.369330 0.021540 0.039856
3 0.223627 0.645656 0.016833 0.031446
4 0.638207 0.989722 0.083619 0.020556
3 0.223149 0.409998 0.018023 0.031747
3 0.222574 0.527808 0.019058 0.031518
1 0.579133 0.993174 0.015029 0.013652
4 0.690512 0.408652 0.021513 0.040576
4 0.690240 0.332602 0.021305 0.036933
4 0.690368 0.604697 0.021185 0.039982
0 0.708693 0.291517 0.017495 0.037317
3 0.223697 0.290773 0.020212 0.033994
0 0.019596 0.023172 0.020142 0.030033
0 0.069952 0.022730 0.064643 0.030917
0 0.125226 0.023172 0.027169 0.030033
0 0.164028 0.024938 0.030448 0.030033
0 0.217663 0.025380 0.053401 0.030917
0 0.277622 0.023613 0.045906 0.034450
0 0.331725 0.025822 0.042627 0.031800
0 0.378099 0.021847 0.029511 0.032683
0 0.024983 0.085889 0.015927 0.031800
4 0.690151 0.291117 0.021548 0.044167
4 0.690853 0.448499 0.020142 0.036217
4 0.690385 0.486041 0.020142 0.040634
4 0.689916 0.527116 0.021079 0.041517
4 0.690385 0.565541 0.021079 0.037100
4 0.690619 0.645483 0.018737 0.041517
4 0.691087 0.683908 0.019674 0.040634
4 0.690853 0.723658 0.020142 0.038867
4 0.690385 0.762967 0.018269 0.039750
4 0.690619 0.801687 0.020611 0.040634
4 0.690619 0.841437 0.021548 0.042400
4 0.690853 0.882070 0.022016 0.038867
4 0.690151 0.921379 0.021548 0.041517
4 0.689916 0.960246 0.021079 0.041517
4 0.689214 0.989619 0.020611 0.020762
4 0.421841 0.291886 0.083295 0.040473
4 0.422607 0.330431 0.081762 0.040473
4 0.421841 0.370904 0.080229 0.040473
4 0.421585 0.408486 0.081762 0.038546
4 0.422267 0.606514 0.081762 0.039509
4 0.421500 0.645542 0.082273 0.038546
4 0.421244 0.684248 0.081762 0.039509
4 0.421756 0.722312 0.081762 0.040473
4 0.422267 0.762785 0.081762 0.036618
3 0.223970 0.725486 0.019666 0.031934
3 0.223970 0.841376 0.017481 0.035024
3 0.224243 0.962416 0.018027 0.033994
3 0.222878 0.989714 0.018573 0.014422
0 0.106757 0.275842 0.191038 0.033111
0 0.108864 0.310278 0.192443 0.033111
0 0.107810 0.350673 0.190336 0.039733