2 0.112710 0.092407 0.145572 0.043362
0 0.283419 0.095782 0.019909 0.037351
0 0.248479 0.027071 0.074752 0.026699
0 0.257635 0.095558 0.021355 0.037620
0 0.224737 0.095333 0.021112 0.040296
0 0.180245 0.027901 0.030635 0.024549
4 0.239691 0.317002 0.093397 0.038681
0 0.137142 0.027161 0.027269 0.027395
0 0.058202 0.025166 0.105739 0.034685
0 0.322934 0.026736 0.047764 0.026179
0 0.309271 0.095738 0.020321 0.037929
0 0.561094 0.097395 0.025540 0.044120
0 0.045261 0.444363 0.063426 0.041252
0 0.341628 0.096144 0.020600 0.040033
0 0.201152 0.094424 0.021509 0.039845
0 0.020210 0.096089 0.022032 0.039781
4 0.032954 0.609832 0.016014 0.029519
0 0.426335 0.097224 0.022140 0.040119
0 0.535437 0.097639 0.024799 0.043359
0 0.023060 0.211807 0.019484 0.039414
4 0.218936 0.357446 0.050158 0.036603
0 0.373878 0.026938 0.031997 0.028469
0 0.619046 0.097703 0.022485 0.041483
0 0.593750 0.097703 0.022052 0.041483
0 0.502083 0.098110 0.022052 0.040670
0 0.476788 0.098110 0.019025 0.037416
0 0.451060 0.097161 0.020323 0.039856
0 0.392903 0.098381 0.019890 0.042296
0 0.367608 0.095941 0.022917 0.042296
0 0.294821 0.315963 0.015999 0.038229
0 0.116028 0.445969 0.073746 0.033294
0 0.201819 0.446894 0.094887 0.033294
0 0.299902 0.445506 0.097345 0.032369
0 0.419862 0.444582 0.136676 0.034219