0 0.491181 0.838010 0.025850 0.042830
0 0.248832 0.837974 0.025936 0.042821
0 0.307580 0.837951 0.026249 0.042966
0 0.344053 0.837748 0.026393 0.043537
4 0.262813 0.296719 0.242634 0.042400
0 0.563538 0.838796 0.109913 0.043853
4 0.199807 0.248107 0.116764 0.043024
0 0.050508 0.838401 0.024870 0.042403
0 0.109084 0.838469 0.025035 0.041805
0 0.190268 0.838175 0.025856 0.042695
0 0.402815 0.838125 0.025530 0.043355
0 0.079904 0.838239 0.025640 0.042580
0 0.278268 0.838202 0.026054 0.043458
0 0.373303 0.837954 0.025245 0.043078
2 0.080693 0.157240 0.131801 0.041279
0 0.431976 0.838257 0.024323 0.042644
0 0.021273 0.838137 0.024431 0.042437
0 0.138399 0.838492 0.023251 0.041801
0 0.219823 0.838205 0.025412 0.042849
1 0.015902 0.345393 0.012869 0.024269
2 0.382687 0.158588 0.051110 0.033608
1 0.339718 0.978520 0.012107 0.023646
0 0.331755 0.159923 0.019216 0.032766
1 0.015680 0.444141 0.012426 0.024269
1 0.020178 0.978927 0.011242 0.022831
1 0.015680 0.394767 0.013313 0.024269
2 0.161282 0.838467 0.023661 0.043220
1 0.015458 0.493515 0.012869 0.024269
1 0.019962 0.938158 0.012539 0.022831
2 0.455666 0.838480 0.023592 0.043757
1 0.587608 0.978830 0.012717 0.023724
4 0.743624 0.937131 0.078286 0.039803
0 0.266259 0.246828 0.018057 0.044045
4 0.909278 0.978592 0.180376 0.042816
1 0.027817 0.631164 0.012107 0.023646
4 0.743531 0.976831 0.078752 0.043230
4 0.908993 0.938418 0.180042 0.040746
1 0.280193 0.979223 0.013808 0.024509
1 0.494537 0.978953 0.012929 0.023969
0 0.028921 0.585259 0.020195 0.038276
1 0.666321 0.977704 0.012107 0.023646
4 0.232400 0.935543 0.031829 0.038831
0 0.233141 0.160266 0.146845 0.037886
4 0.145955 0.973781 0.142014 0.036928
1 0.666537 0.938158 0.011675 0.022831
4 0.145836 0.936245 0.142165 0.040244
1 0.587429 0.938430 0.012499 0.024462
4 0.054588 0.974608 0.042189 0.035726
4 0.054480 0.995237 0.042307 0.009526
0 0.021259 0.893719 0.017728 0.031800
4 0.232216 0.975938 0.031377 0.037508
4 0.169553 0.629460 0.119123 0.041218
1 0.495148 0.937614 0.013372 0.024462
4 0.800782 0.976776 0.039093 0.041700
1 0.279976 0.937207 0.012539 0.023646
0 0.019170 0.022612 0.019025 0.031800
0 0.059166 0.025466 0.042807 0.029354
0 0.105216 0.023835 0.026808 0.029354
0 0.142402 0.025466 0.032862 0.030985
0 0.205099 0.024243 0.069183 0.030169
0 0.273418 0.025058 0.046699 0.035062
0 0.319035 0.023428 0.030700 0.028539
0 0.025520 0.085519 0.019562 0.035616
1 0.075165 0.629941 0.012539 0.022831
4 0.800219 0.937614 0.037186 0.039139
1 0.404938 0.938158 0.012539 0.022831
1 0.404722 0.978112 0.012107 0.024462
1 0.339718 0.938566 0.012972 0.023646
4 0.054194 0.937614 0.043240 0.042400