4 0.161181 0.492157 0.041624 0.043818
4 0.528490 0.980709 0.040417 0.038582
4 0.207966 0.394577 0.134939 0.045307
4 0.552449 0.541496 0.088216 0.045106
4 0.551953 0.345153 0.087855 0.041884
4 0.211904 0.688975 0.144147 0.046636
4 0.184396 0.344364 0.088879 0.043754
4 0.575518 0.394167 0.135030 0.045585
4 0.243075 0.444070 0.204705 0.044447
4 0.161171 0.737941 0.041275 0.043757
4 0.227398 0.934601 0.049226 0.043326
4 0.552195 0.492686 0.088205 0.042515
4 0.165047 0.934461 0.049001 0.043845
4 0.599082 0.295794 0.087653 0.043139
4 0.184642 0.247759 0.087551 0.041633
4 0.207756 0.981009 0.135037 0.037982
4 0.184546 0.295774 0.088398 0.043289
0 0.223653 0.159596 0.055488 0.032224
2 0.080478 0.158375 0.132175 0.039711
0 0.294687 0.159781 0.055492 0.032220
4 0.532308 0.295134 0.048470 0.040979
4 0.528624 0.246254 0.040384 0.043203
2 0.362601 0.158860 0.051330 0.032037
0 0.169764 0.160432 0.018073 0.031963
4 0.340734 0.295668 0.026263 0.042138
4 0.517054 0.690425 0.015775 0.044083
4 0.340822 0.246704 0.026004 0.044709
0 0.235734 0.247707 0.019253 0.045707
0 0.026088 0.085805 0.020755 0.035877
0 0.019602 0.022612 0.019890 0.028539
0 0.068030 0.022612 0.058806 0.031800
0 0.120566 0.025058 0.024647 0.030169
0 0.158617 0.025058 0.031565 0.033431
0 0.207694 0.023835 0.044969 0.029354
0 0.263473 0.023020 0.044104 0.030985
0 0.311252 0.021389 0.030700 0.030985