0 0.019571 0.022886 0.020989 0.045771
0 0.045666 0.097846 0.085659 0.038753
0 0.902541 0.022156 0.024960 0.037542
0 0.939698 0.021550 0.020989 0.041176
0 0.973168 0.021550 0.024393 0.041176
0 0.961822 0.972827 0.069775 0.042387
0 0.011062 0.975249 0.022124 0.039965
0 0.069775 0.352166 0.112321 0.048442
0 0.178977 0.355193 0.077717 0.052075
0 0.299523 0.353982 0.139551 0.049653
0 0.410427 0.353377 0.055026 0.048442
0 0.468573 0.355193 0.045382 0.049653
0 0.034888 0.247410 0.047084 0.047231
0 0.143522 0.244988 0.141820 0.049653
2 0.179544 0.100874 0.146925 0.035120
2 0.968062 0.099663 0.042546 0.039965
2 0.320513 0.100268 0.108918 0.036331
4 0.409468 0.595700 0.438264 0.325368