0 0.028227 0.028195 0.019835 0.036322
0 0.053911 0.101373 0.084427 0.037390
0 0.906317 0.026592 0.022378 0.039527
0 0.940393 0.027126 0.019327 0.040595
0 0.974469 0.028195 0.022378 0.036322
0 0.986675 0.376457 0.018309 0.040595
0 0.093327 0.377525 0.019835 0.038458
0 0.042722 0.245592 0.046791 0.035254
0 0.150798 0.243455 0.138847 0.035254
0 0.039416 0.375389 0.065609 0.036322
0 0.075526 0.697478 0.107314 0.043800
0 0.016275 0.958141 0.028481 0.041663
0 0.184620 0.699615 0.080358 0.045936
0 0.307192 0.698546 0.137321 0.048073
0 0.411454 0.698546 0.051877 0.045936
0 0.473502 0.697478 0.045774 0.050210
0 0.964602 0.959209 0.070796 0.039527
3 0.012461 0.479547 0.018818 0.037390
3 0.012461 0.520142 0.017801 0.035254
3 0.012715 0.559669 0.019327 0.041663
3 0.012461 0.599730 0.017801 0.038458
3 0.012461 0.637120 0.019835 0.034185
2 0.490286 0.481684 0.142407 0.035254
2 0.490286 0.519608 0.142407 0.038458
2 0.490540 0.559669 0.141898 0.039527
2 0.489891 0.599195 0.142179 0.037390
2 0.489523 0.636586 0.142915 0.037390
2 0.186654 0.101907 0.142407 0.036322
2 0.327281 0.099236 0.104262 0.041663
2 0.972434 0.102441 0.032550 0.035254
4 0.414823 0.852721 0.436947 0.147157
4 0.054145 0.480108 0.060938 0.038318
4 0.053369 0.520464 0.060938 0.039133
4 0.053175 0.560821 0.061326 0.038318
4 0.053563 0.599546 0.061326 0.037503
4 0.054145 0.637864 0.060161 0.037503
4 0.181261 0.480516 0.191740 0.037503
4 0.180873 0.519242 0.193293 0.039948
4 0.180484 0.558782 0.191740 0.039133
4 0.181067 0.599138 0.192129 0.038318
4 0.181067 0.638679 0.192129 0.037503
4 0.347772 0.480924 0.141282 0.036687
4 0.347966 0.519242 0.140894 0.039948
4 0.347772 0.557967 0.141282 0.039133
4 0.348937 0.597915 0.141282 0.037503
4 0.347190 0.637456 0.140118 0.038318
4 0.591911 0.480516 0.060550 0.035872
4 0.592105 0.520057 0.060161 0.039948
4 0.592299 0.560005 0.060550 0.039948
4 0.591911 0.598731 0.061326 0.039133
4 0.591911 0.636641 0.060550 0.036687