0 0.642727 0.419719 0.015506 0.034580
0 0.618524 0.418110 0.023069 0.042621
0 0.560094 0.662177 0.021935 0.041817
0 0.610582 0.661373 0.068452 0.043425
0 0.592618 0.576533 0.018153 0.037796
2 0.528893 0.503353 0.175857 0.041013
4 0.551017 0.577739 0.104379 0.041817
4 0.269584 0.371039 0.149131 0.148683
4 0.220146 0.685829 0.050257 0.041817
4 0.841527 0.633558 0.243090 0.044140
2 0.771332 0.684667 0.166066 0.041817
0 0.966623 0.971579 0.066099 0.041817
0 0.256200 0.860648 0.112531 0.040656
0 0.014476 0.972160 0.027860 0.040656
0 0.237900 0.684667 0.014749 0.037171
0 0.052442 0.102132 0.093958 0.042979
0 0.024582 0.023725 0.018573 0.037171
0 0.912815 0.024886 0.027313 0.034848
0 0.943133 0.024305 0.020212 0.033686
0 0.978368 0.021402 0.022943 0.039494
0 0.042336 0.250815 0.051896 0.031363
0 0.150770 0.247330 0.140937 0.036009
5 0.501994 0.539469 0.314596 0.304336
1 0.200754 0.735196 0.012564 0.024393
2 0.183820 0.100970 0.149131 0.040656
2 0.325576 0.098066 0.113624 0.041817
2 0.976456 0.099228 0.037693 0.037171