4 0.286586 0.461317 0.134792 0.039763
4 0.236808 0.511453 0.033596 0.039763
4 0.236193 0.563318 0.034825 0.039763
4 0.236603 0.709837 0.035644 0.038899
4 0.202598 0.832585 0.035644 0.037170
4 0.249918 0.834746 0.049984 0.036306
0 0.018027 0.973917 0.028679 0.041492
0 0.266716 0.833449 0.017207 0.040628
0 0.970338 0.972621 0.059324 0.037170
0 0.917732 0.027811 0.022124 0.044085
0 0.949893 0.027379 0.024172 0.046679
0 0.986316 0.027379 0.027368 0.044950
0 0.031137 0.025650 0.018846 0.036306
0 0.055924 0.105177 0.085628 0.038034
0 0.043224 0.244348 0.046296 0.058780
0 0.154458 0.244780 0.142576 0.054458
0 0.315880 0.336409 0.019666 0.040628
4 0.762455 0.512750 0.035234 0.037170
4 0.762250 0.563751 0.034825 0.035441
4 0.765528 0.612590 0.038922 0.038034
4 0.722919 0.833017 0.034825 0.041492
1 0.191536 0.885746 0.011881 0.022475
4 0.244704 0.335401 0.119335 0.037720
2 0.189188 0.101344 0.146925 0.033513
2 0.330440 0.104336 0.104947 0.034710
2 0.981393 0.103140 0.035171 0.037104