4 0.328874 0.477958 0.488623 0.301311
4 0.714938 0.848486 0.049215 0.041353
4 0.243108 0.896790 0.118222 0.042391
4 0.331874 0.895312 0.054351 0.039712
4 0.736778 0.800916 0.093062 0.041441
4 0.738531 0.894885 0.096856 0.040899
0 0.953767 0.961449 0.074720 0.038646
0 0.023646 0.962019 0.030538 0.037211
4 0.772963 0.754268 0.166753 0.042972
4 0.247669 0.753542 0.125385 0.042047
4 0.214813 0.847350 0.060421 0.040491
4 0.308852 0.705670 0.254148 0.045724
0 0.182949 0.093907 0.090576 0.032997
2 0.441490 0.093479 0.106174 0.030946
2 0.310359 0.094166 0.130529 0.031409
2 0.961744 0.095459 0.033211 0.036170
4 0.229659 0.801239 0.091246 0.040088
2 0.727951 0.093565 0.108010 0.031410
2 0.585099 0.093589 0.147588 0.031816
0 0.069490 0.094960 0.103979 0.031917
0 0.775684 0.802265 0.016497 0.031199
0 0.349833 0.896439 0.013888 0.027808
0 0.271003 0.802051 0.016727 0.034958
0 0.083574 0.279858 0.111686 0.040650
0 0.776149 0.897907 0.015566 0.035226
0 0.223804 0.280001 0.139797 0.045872
0 0.378992 0.279381 0.135950 0.039673
0 0.489291 0.276901 0.064127 0.042153
0 0.567526 0.275042 0.067975 0.043393
0 0.642555 0.274422 0.053867 0.039673
0 0.762793 0.282480 0.151982 0.035954
0 0.900026 0.284960 0.085289 0.040913
0 0.037365 0.025516 0.027532 0.048476