1 0.023144 0.443684 0.015733 0.029605
1 0.022845 0.402514 0.014269 0.030530
1 0.023061 0.524835 0.014701 0.029081
1 0.022894 0.482308 0.016097 0.032842
0 0.618555 0.251792 0.023928 0.046724
0 0.650607 0.251519 0.024470 0.046623
0 0.356992 0.251046 0.024155 0.047482
0 0.501202 0.251695 0.023115 0.045789
0 0.449326 0.251034 0.023012 0.045151
0 0.475050 0.250826 0.024395 0.045425
0 0.423312 0.251648 0.025167 0.044348
0 0.794405 0.250954 0.023293 0.046074
0 0.390298 0.251799 0.024566 0.047485
1 0.022629 0.360882 0.015566 0.028680
0 0.295020 0.251459 0.093588 0.046622
0 0.186337 0.251720 0.116801 0.048628
2 0.769555 0.251155 0.018954 0.043229
2 0.593559 0.251654 0.020741 0.046839
0 0.575110 0.252826 0.020515 0.043857
0 0.072545 0.251103 0.107153 0.044742
4 0.381933 0.360716 0.156108 0.046580
2 0.721502 0.251556 0.033445 0.046179
2 0.683674 0.251389 0.032908 0.046141
0 0.976920 0.104012 0.046056 0.038702
2 0.151181 0.103102 0.039353 0.032580
4 0.913850 0.403153 0.081484 0.043463
0 0.752306 0.251649 0.020849 0.043920
2 0.544370 0.252447 0.019571 0.046035
4 0.381738 0.442683 0.154832 0.041566
0 0.526603 0.252349 0.020287 0.046422
4 0.914448 0.442640 0.078743 0.039673
4 0.914166 0.483271 0.080158 0.043379
4 0.382129 0.403520 0.154770 0.045074
4 0.913016 0.361086 0.082133 0.042543
4 0.516029 0.361187 0.115010 0.044383
4 0.914142 0.522745 0.080111 0.041603
4 0.514752 0.402938 0.115602 0.043125
0 0.069309 0.105331 0.108762 0.034862
4 0.382499 0.483751 0.156454 0.044567
4 0.515358 0.442321 0.114390 0.040311