0 0.529412 0.844033 0.024704 0.042570
0 0.643336 0.190521 0.025581 0.043061
4 0.419542 0.190464 0.047475 0.041264
0 0.613754 0.190971 0.024609 0.042668
0 0.020210 0.290256 0.025493 0.041515
0 0.619980 0.844706 0.023331 0.040924
0 0.589232 0.190963 0.024057 0.042741
0 0.573284 0.844526 0.024006 0.041679
4 0.353733 0.190599 0.084376 0.042479
0 0.350436 0.844602 0.108872 0.045054
0 0.900745 0.970838 0.080483 0.042656
4 0.910527 0.678100 0.082720 0.040147
0 0.278737 0.844789 0.023838 0.040037
0 0.457720 0.843680 0.109041 0.046835
0 0.255371 0.844033 0.021145 0.038539
4 0.194944 0.342640 0.086827 0.047313
0 0.596818 0.844568 0.022771 0.040198
4 0.477308 0.342008 0.129041 0.047490
2 0.080464 0.191745 0.144914 0.044638
0 0.973657 0.969419 0.050327 0.037187
0 0.975528 0.103126 0.047680 0.033687
2 0.214634 0.103163 0.039142 0.031219
4 0.967031 0.639559 0.034419 0.042138
0 0.052716 0.103818 0.087595 0.034694
4 0.967089 0.678095 0.033827 0.038859
4 0.829751 0.678606 0.082806 0.039997
0 0.081978 0.293935 0.058875 0.040938
0 0.914011 0.103495 0.061404 0.034160
4 0.476253 0.391636 0.132399 0.046369
4 0.910157 0.718824 0.082928 0.045699
0 0.065771 0.844927 0.023232 0.040171
4 0.910502 0.639803 0.082547 0.044089
0 0.042288 0.844642 0.022058 0.040371
1 0.075427 0.443297 0.017502 0.034537
2 0.232605 0.190782 0.148202 0.047076
4 0.889710 0.189955 0.019344 0.043649
4 0.831025 0.718119 0.083116 0.044844
4 0.910060 0.757926 0.082711 0.041135
4 0.830506 0.639985 0.084977 0.044787
2 0.164791 0.442603 0.148040 0.047005
4 0.729886 0.392865 0.200336 0.047797
4 0.967056 0.717459 0.034068 0.044212
4 0.195242 0.392207 0.086721 0.043880
4 0.830775 0.757210 0.081924 0.042226
4 0.866147 0.190511 0.030544 0.044314
4 0.163135 0.844992 0.161595 0.044533
2 0.145929 0.102645 0.084347 0.034367
4 0.967725 0.756992 0.034348 0.039554
4 0.990861 0.679028 0.017884 0.040574
4 0.990700 0.639539 0.018375 0.041583
0 0.218030 0.292029 0.016516 0.031936
4 0.990910 0.717116 0.017653 0.042768
4 0.989944 0.760712 0.017488 0.043940
4 0.207371 0.642181 0.263216 0.039445
4 0.206271 0.680868 0.262483 0.040962
4 0.207004 0.724864 0.263949 0.040962
4 0.205905 0.762033 0.263216 0.042479
4 0.354860 0.643323 0.034351 0.042648
4 0.387650 0.642677 0.031229 0.043940
4 0.354860 0.683386 0.034351 0.037478
4 0.355485 0.720864 0.036850 0.042648
4 0.354860 0.760927 0.035601 0.037478
4 0.387962 0.681448 0.031853 0.038771
4 0.388275 0.720864 0.031229 0.042648
4 0.388587 0.759635 0.030604 0.040063
4 0.464785 0.643323 0.121791 0.045232
4 0.465721 0.683386 0.122416 0.042648
4 0.465721 0.722803 0.121167 0.043940
4 0.465409 0.761574 0.121791 0.043940