0 0.933908 0.094321 0.016526 0.032775
0 0.234087 0.094129 0.016753 0.032568
0 0.971854 0.094702 0.043497 0.033838
0 0.186506 0.095313 0.017693 0.032941
0 0.256816 0.094589 0.017118 0.032338
0 0.308619 0.094405 0.071124 0.031331
0 0.162429 0.095454 0.017856 0.032604
0 0.389741 0.094497 0.078611 0.031309
0 0.209953 0.094984 0.016182 0.033710
0 0.471287 0.094444 0.070534 0.030317
0 0.116060 0.095327 0.016210 0.027481
0 0.140291 0.095113 0.016529 0.029180
0 0.091771 0.094975 0.015497 0.027655
0 0.910401 0.095281 0.015516 0.032778
0 0.555420 0.093828 0.083799 0.029611
0 0.887533 0.094149 0.016382 0.032057
0 0.045914 0.094064 0.013845 0.029184
0 0.021842 0.093764 0.016453 0.030243
0 0.068708 0.096267 0.014216 0.029158
2 0.620141 0.093897 0.031813 0.030707
0 0.025128 0.029345 0.015296 0.039108
1 0.025528 0.379370 0.011346 0.019691
1 0.024677 0.499977 0.011913 0.024614
1 0.024960 0.539974 0.010211 0.025844
1 0.025244 0.661810 0.011913 0.023383
1 0.024677 0.781186 0.010778 0.025844
1 0.024109 0.823644 0.011913 0.024614
1 0.024677 0.944251 0.010778 0.024614