2 0.309394 0.164950 0.202336 0.038323
4 0.111174 0.855710 0.092832 0.033608
2 0.281298 0.821056 0.070174 0.033832
4 0.049181 0.888145 0.032741 0.030940
4 0.049288 0.922302 0.033303 0.033282
4 0.111621 0.889303 0.091756 0.034997
4 0.111175 0.822496 0.092795 0.035410
2 0.088713 0.088638 0.148432 0.037002
4 0.230980 0.413923 0.150283 0.040105
4 0.231436 0.536645 0.149200 0.037432
0 0.513300 0.090302 0.079906 0.028680
0 0.214967 0.090379 0.071480 0.029264
4 0.205972 0.330199 0.098590 0.037016
0 0.045696 0.208202 0.073204 0.034009
2 0.799556 0.090214 0.055258 0.029441
4 0.291698 0.453922 0.272313 0.037882
4 0.205363 0.370237 0.099178 0.040554
0 0.599890 0.090296 0.050539 0.029751
2 0.281091 0.856001 0.069937 0.033142
4 0.730748 0.165173 0.280079 0.038770
4 0.500527 0.330207 0.152897 0.039398
2 0.432071 0.536346 0.201712 0.038029
0 0.697934 0.090498 0.117208 0.029540
0 0.429538 0.090448 0.057418 0.030060
1 0.021493 0.923474 0.014879 0.021265
4 0.048990 0.855251 0.032627 0.029314
4 0.112201 0.924340 0.093314 0.038566
0 0.327084 0.091009 0.122190 0.030517
4 0.932580 0.856726 0.134839 0.035589
1 0.339600 0.495251 0.016874 0.025433
4 0.435435 0.288878 0.022412 0.038764
4 0.932963 0.822995 0.132333 0.037269
4 0.200913 0.856966 0.091197 0.035234
4 0.235332 0.289475 0.160174 0.039444
4 0.933614 0.890208 0.132771 0.036063
4 0.357483 0.579347 0.401479 0.039160
4 0.047450 0.821168 0.035903 0.031043
4 0.447128 0.823545 0.265020 0.039589
2 0.281356 0.889937 0.069736 0.032009
1 0.021989 0.823528 0.015871 0.022683
4 0.200892 0.823821 0.091327 0.035555
4 0.932996 0.923099 0.130185 0.036468
1 0.021493 0.889805 0.014879 0.020556
2 0.281576 0.923576 0.069473 0.031824
4 0.200856 0.889613 0.091041 0.035280
4 0.447624 0.857275 0.266012 0.036893
1 0.022237 0.856489 0.015375 0.021974
4 0.505398 0.454680 0.056501 0.038220
0 0.137757 0.207590 0.066451 0.031041
4 0.448498 0.923382 0.266248 0.034682
4 0.856901 0.856235 0.023163 0.031589
4 0.447716 0.890788 0.266820 0.037075
4 0.856773 0.823240 0.020911 0.033741
4 0.856436 0.891204 0.025632 0.034705
4 0.856773 0.922534 0.023609 0.035669