1 0.058669 0.712276 0.019570 0.032995
1 0.059806 0.753064 0.019300 0.036926
0 0.145560 0.826947 0.023217 0.043091
1 0.058587 0.672561 0.020338 0.037730
0 0.320321 0.828058 0.022612 0.042110
0 0.273937 0.828273 0.025116 0.042989
0 0.297604 0.827966 0.020960 0.041519
0 0.826307 0.830351 0.138995 0.047890
0 0.220168 0.826821 0.023744 0.042213
0 0.890810 0.984254 0.071487 0.031491
0 0.928667 0.829631 0.025734 0.042125
0 0.168849 0.826974 0.021251 0.040885
4 0.175505 0.210744 0.039019 0.043626
0 0.343676 0.827405 0.021946 0.041911
0 0.244625 0.827238 0.023664 0.042534
0 0.536735 0.831197 0.126240 0.050434
0 0.191685 0.826945 0.023873 0.041711
4 0.389464 0.212696 0.388661 0.047752
1 0.037647 0.754605 0.013757 0.029109
0 0.367047 0.827372 0.024082 0.043821
4 0.421565 0.315316 0.335622 0.049094
0 0.068716 0.830195 0.023925 0.046950
1 0.037647 0.714256 0.013757 0.029164
0 0.038695 0.828295 0.025541 0.046358
0 0.116164 0.826457 0.023074 0.042857
0 0.092833 0.830664 0.023099 0.044133
0 0.016302 0.571619 0.023758 0.044845
0 0.931072 0.100077 0.018178 0.031667
0 0.252014 0.097927 0.081520 0.033284
0 0.733679 0.100554 0.116400 0.034424
0 0.083310 0.100242 0.158934 0.034718
0 0.419311 0.098337 0.047811 0.030413
0 0.972567 0.099782 0.048432 0.031475
0 0.343144 0.099695 0.082975 0.031414
0 0.607587 0.099880 0.051654 0.030777
0 0.186671 0.099078 0.031457 0.030481
0 0.512546 0.101859 0.120787 0.035389
0 0.655313 0.099555 0.026682 0.029344
0 0.965840 0.986153 0.065289 0.027694
4 0.205358 0.313446 0.100475 0.044035
4 0.092032 0.711021 0.044870 0.038070
1 0.036981 0.674321 0.013313 0.028170
4 0.658592 0.714340 0.082601 0.042031
4 0.507898 0.673353 0.123023 0.044193
0 0.905507 0.100658 0.017724 0.033104
2 0.819112 0.098919 0.039493 0.032468
4 0.658710 0.757707 0.082734 0.040947
4 0.092270 0.753684 0.043957 0.044526
4 0.125943 0.671624 0.026705 0.041515
4 0.092013 0.672282 0.045226 0.042495
4 0.126170 0.709638 0.026398 0.038966
4 0.508302 0.714849 0.124487 0.044769
4 0.909155 0.755586 0.028745 0.041088
4 0.150564 0.671969 0.025785 0.041753
4 0.585292 0.754400 0.031748 0.041845
4 0.150761 0.709532 0.026195 0.037820
4 0.125900 0.751164 0.025672 0.045631
0 0.016008 0.931569 0.025662 0.043480
4 0.232635 0.754605 0.142996 0.042255
4 0.609600 0.753374 0.018318 0.043691
4 0.150921 0.751165 0.025918 0.051014
4 0.233283 0.713779 0.142587 0.045032
4 0.909593 0.714369 0.029622 0.040399
4 0.235126 0.672912 0.140676 0.038499
4 0.507973 0.756014 0.123369 0.041316
4 0.585190 0.713759 0.031064 0.039438
4 0.609154 0.673382 0.018639 0.041316
4 0.608266 0.713759 0.016863 0.039438
4 0.658856 0.675729 0.079879 0.040377
4 0.909091 0.673409 0.028617 0.041088