0 0.034169 0.025960 0.017207 0.031022
0 0.044494 0.085234 0.057522 0.040993
0 0.130039 0.089666 0.102753 0.036562
0 0.231072 0.087450 0.086529 0.034346
0 0.318092 0.088004 0.082596 0.031022
0 0.389381 0.088004 0.053097 0.028806
0 0.923058 0.024852 0.017207 0.035454
0 0.947640 0.024852 0.018191 0.035454
0 0.974926 0.027068 0.021632 0.033238
0 0.967060 0.085788 0.043265 0.037669
0 0.949853 0.164451 0.011799 0.026590
0 0.965339 0.167221 0.016224 0.018835
0 0.088250 0.161681 0.088987 0.032130
0 0.191249 0.165005 0.100295 0.025482
0 0.299656 0.164451 0.088987 0.026590
0 0.377581 0.162235 0.051131 0.035454
0 0.457227 0.165559 0.085546 0.035454
0 0.556785 0.163343 0.092920 0.039885
0 0.661013 0.159465 0.085054 0.040993
0 0.755162 0.162235 0.086529 0.044317
0 0.849558 0.161681 0.083579 0.034346
0 0.959440 0.979884 0.057522 0.037669
0 0.472468 0.210984 0.023599 0.033238
0 0.495329 0.253639 0.022124 0.032130
4 0.208702 0.853581 0.106686 0.033238
4 0.208702 0.895682 0.105703 0.033238
4 0.399705 0.854689 0.023599 0.031022
4 0.378810 0.595988 0.029990 0.034346
4 0.396509 0.552225 0.064405 0.033238
4 0.375615 0.465253 0.023599 0.029914
4 0.420846 0.422598 0.113078 0.035454
4 0.393068 0.379388 0.058505 0.031022
4 0.167404 0.380496 0.023107 0.033238
4 0.212144 0.424259 0.111603 0.034346
4 0.163225 0.467469 0.017699 0.032130
4 0.211898 0.510678 0.113078 0.032130
4 0.164454 0.552225 0.017207 0.033238
4 0.170108 0.725615 0.028515 0.032130
4 0.211406 0.209876 0.243854 0.031022
4 0.210914 0.251423 0.243854 0.032130
1 0.161320 0.595415 0.007989 0.018004