4 0.190621 0.603409 0.077708 0.038778
0 0.020784 0.167485 0.021712 0.038147
0 0.020630 0.471428 0.021197 0.036384
0 0.435149 0.471934 0.022080 0.036362
0 0.456975 0.471787 0.021653 0.036940
0 0.098921 0.171928 0.020513 0.036627
0 0.045264 0.170624 0.021844 0.037832
0 0.074684 0.171773 0.021326 0.038954
0 0.279772 0.172377 0.022941 0.038898
0 0.467354 0.172335 0.021643 0.038546
4 0.572162 0.603493 0.022761 0.037969
0 0.122137 0.172242 0.020594 0.036064
0 0.414719 0.172413 0.021878 0.039467
2 0.625266 0.088659 0.036607 0.029299
0 0.145136 0.172334 0.020467 0.036338
0 0.444096 0.172277 0.021700 0.039430
0 0.560360 0.174573 0.100479 0.037846
4 0.276725 0.690760 0.243759 0.041129
0 0.231261 0.087579 0.073012 0.028954
4 0.701512 0.561348 0.280037 0.040027
0 0.623368 0.172356 0.020250 0.036575
0 0.491217 0.172387 0.022611 0.039097
0 0.173297 0.088612 0.027467 0.025365
2 0.386672 0.172656 0.016786 0.039944
0 0.328460 0.088738 0.098225 0.028959
0 0.210855 0.172365 0.018845 0.038057
0 0.369822 0.172063 0.020893 0.037959
0 0.397144 0.088616 0.024715 0.025586
0 0.249920 0.172668 0.020476 0.039920
0 0.167130 0.171903 0.017766 0.036009
0 0.467692 0.089363 0.101730 0.028956
0 0.969981 0.089214 0.042034 0.030669
0 0.081588 0.088404 0.140448 0.029998
2 0.183826 0.171961 0.016892 0.036619
4 0.592473 0.690116 0.022913 0.037022
0 0.085918 0.516579 0.070210 0.036483
2 0.342303 0.173209 0.028958 0.037428
4 0.292901 0.560119 0.279616 0.032806
2 0.228060 0.172668 0.015768 0.036347
0 0.932126 0.088808 0.016248 0.029374
2 0.307788 0.172403 0.028115 0.039283
4 0.186925 0.646772 0.071283 0.041020
2 0.562142 0.088808 0.078043 0.030794
2 0.265605 0.473133 0.280879 0.041753
1 0.040462 0.263822 0.015123 0.026748
0 0.023006 0.972494 0.013791 0.024876
1 0.567263 0.648285 0.015439 0.027703