0 0.429305 0.152712 0.019663 0.032261
0 0.447470 0.715093 0.019274 0.033486
0 0.424225 0.717042 0.019763 0.036860
0 0.910152 0.980218 0.057918 0.033043
0 0.243220 0.513763 0.019069 0.037140
4 0.163287 0.514527 0.117963 0.034424
4 0.163443 0.875552 0.118893 0.035800
4 0.176355 0.354295 0.144801 0.034363
0 0.262515 0.514090 0.019138 0.036999
2 0.092469 0.080714 0.031195 0.025821
0 0.466509 0.717206 0.017674 0.038512
4 0.176332 0.434003 0.144530 0.036194
4 0.163648 0.834608 0.118147 0.034094
4 0.306280 0.153210 0.229412 0.036705
0 0.509656 0.715855 0.017352 0.031788
0 0.491036 0.715830 0.018634 0.032527
0 0.970692 0.979813 0.056519 0.036874
0 0.975616 0.080619 0.041224 0.034776
4 0.188367 0.395156 0.167891 0.036640
4 0.259361 0.353996 0.024718 0.036334
4 0.259501 0.433272 0.025088 0.032642
4 0.150690 0.152364 0.081073 0.036828
4 0.317903 0.716614 0.190566 0.034830
4 0.163088 0.715460 0.117249 0.035294
0 0.030679 0.675269 0.026877 0.029722
0 0.056084 0.193110 0.112167 0.037624
2 0.035625 0.080759 0.067696 0.026218
0 0.056084 0.233556 0.112167 0.039319
0 0.207831 0.232573 0.172522 0.030966
0 0.392196 0.232573 0.172075 0.029144
0 0.099115 0.674269 0.084956 0.030055
0 0.193215 0.674269 0.080826 0.032460