0 0.070130 0.170409 0.020911 0.037577
0 0.046458 0.170330 0.020732 0.038156
0 0.099756 0.169890 0.021792 0.039072
0 0.969923 0.086762 0.040807 0.029929
0 0.415630 0.169466 0.021222 0.038546
0 0.921661 0.978365 0.065220 0.037282
0 0.921426 0.087573 0.042665 0.036262
0 0.017173 0.169550 0.021952 0.039433
0 0.355799 0.169077 0.021139 0.038532
0 0.166031 0.169222 0.020800 0.039689
0 0.265685 0.169938 0.021097 0.039929
0 0.288634 0.170230 0.020844 0.038572
0 0.189771 0.169028 0.021508 0.040433
0 0.242368 0.169110 0.021417 0.041556
0 0.219528 0.169361 0.020948 0.040360
2 0.033856 0.086550 0.035730 0.030015
0 0.974019 0.979074 0.029480 0.035069
0 0.311482 0.169050 0.019218 0.038748
2 0.394543 0.170582 0.017699 0.038563
0 0.122450 0.169866 0.017701 0.037616
0 0.378287 0.169552 0.016871 0.035967
2 0.139084 0.170370 0.017587 0.039002
1 0.011792 0.261916 0.013889 0.025465
1 0.011819 0.296523 0.012972 0.026300
1 0.917398 0.261749 0.013837 0.024546
2 0.328488 0.169703 0.014725 0.040332
4 0.042735 0.261895 0.044537 0.032436