4 0.328245 0.479265 0.487264 0.310354
4 0.715682 0.848030 0.049181 0.043545
4 0.738958 0.799689 0.095741 0.041200
4 0.773858 0.754452 0.163339 0.039786
4 0.248311 0.752890 0.122386 0.038464
2 0.962199 0.094548 0.032912 0.034559
0 0.068751 0.865785 0.033676 0.039503
0 0.033175 0.866937 0.034754 0.039408
0 0.954102 0.960958 0.073133 0.041278
0 0.024565 0.960607 0.027913 0.034751
2 0.728774 0.092322 0.109633 0.034292
0 0.069699 0.093559 0.102539 0.031973
0 0.777899 0.797964 0.018385 0.034377
2 0.310398 0.092082 0.130383 0.034311
4 0.311887 0.706728 0.250025 0.041712
2 0.584975 0.092763 0.148833 0.035006
2 0.442903 0.091705 0.104047 0.033090
4 0.739157 0.894146 0.096139 0.041475
0 0.183327 0.092632 0.090521 0.033170
4 0.338425 0.891639 0.041854 0.039357
0 0.778388 0.891826 0.016847 0.038780
4 0.232642 0.800899 0.093976 0.042235
0 0.086014 0.283793 0.112200 0.053258
0 0.225848 0.281080 0.137045 0.046132
0 0.380101 0.280489 0.133358 0.049681
0 0.491028 0.280489 0.060226 0.052047
0 0.569690 0.280489 0.074975 0.047315
0 0.648660 0.279897 0.057153 0.048498
0 0.766040 0.278715 0.148107 0.048498
0 0.895096 0.276349 0.086652 0.048498
0 0.034932 0.027080 0.023288 0.038848
0 0.274414 0.865305 0.016302 0.038848
0 0.301195 0.863811 0.013973 0.038848