0 0.660482 0.792775 0.015309 0.028953
0 0.899515 0.978234 0.066413 0.037512
0 0.636393 0.791569 0.015145 0.029597
0 0.565728 0.791123 0.015184 0.027323
0 0.967739 0.976638 0.058756 0.036855
0 0.541840 0.792325 0.015850 0.026742
0 0.612708 0.790914 0.016523 0.030012
1 0.472086 0.661776 0.012116 0.027141
4 0.155772 0.311277 0.125145 0.040880
0 0.103005 0.091916 0.096213 0.030652
4 0.527390 0.489951 0.077279 0.039011
0 0.973208 0.091487 0.041286 0.028733
4 0.394926 0.173262 0.050194 0.039386
0 0.428019 0.091604 0.065763 0.028992
4 0.124661 0.901240 0.061794 0.038860
0 0.588492 0.789866 0.015977 0.029611
4 0.659158 0.443627 0.035832 0.039235
4 0.132205 0.719861 0.078116 0.036698
0 0.523678 0.091600 0.109960 0.031155
4 0.365607 0.624002 0.115821 0.034170
0 0.029666 0.092272 0.032512 0.027717
0 0.239369 0.091768 0.159700 0.030973
4 0.583293 0.353490 0.035811 0.039991
4 0.131745 0.673699 0.078318 0.038899
4 0.437728 0.489906 0.077831 0.039101
4 0.444790 0.353638 0.090803 0.040288
0 0.683134 0.792257 0.014720 0.026843
1 0.297920 0.661503 0.013837 0.027689
0 0.305067 0.855170 0.019991 0.034819
0 0.356727 0.091152 0.060158 0.028100
4 0.228945 0.491591 0.035490 0.042857
2 0.821771 0.091449 0.035398 0.027811
4 0.110802 0.536810 0.034734 0.040582
0 0.645754 0.091640 0.115323 0.030169
4 0.194064 0.219822 0.133270 0.040105
4 0.228534 0.537370 0.034382 0.038180
4 0.541647 0.399110 0.284516 0.041769
1 0.472482 0.695714 0.012162 0.027519
0 0.935342 0.092639 0.016494 0.028089
4 0.435952 0.903157 0.077443 0.039473
1 0.439799 0.698009 0.012866 0.029327
1 0.298133 0.697542 0.013411 0.024839
4 0.110697 0.490406 0.033508 0.037530
0 0.753381 0.092425 0.083325 0.031584
1 0.297689 0.624718 0.013434 0.026714
4 0.365732 0.693902 0.120035 0.035859
4 0.232039 0.311277 0.027240 0.037325
0 0.432214 0.623554 0.018523 0.034074
0 0.477457 0.789310 0.103609 0.033459
4 0.194525 0.857388 0.201339 0.039380
4 0.365103 0.659546 0.118637 0.038094
1 0.471625 0.624625 0.012343 0.024751
1 0.440541 0.662271 0.012245 0.026152
4 0.297431 0.903063 0.035727 0.039414
0 0.707724 0.791483 0.016460 0.026820
2 0.464255 0.856299 0.131870 0.036957
0 0.386245 0.790800 0.013693 0.026813
4 0.194525 0.902290 0.035771 0.038860
0 0.724168 0.278602 0.014651 0.030280
5 0.502816 0.533858 0.471976 0.569077