0 0.063733 0.219803 0.022763 0.030021
0 0.400368 0.528521 0.039002 0.036186
0 0.388283 0.093373 0.027701 0.035353
0 0.283232 0.528133 0.038064 0.035807
0 0.489719 0.527854 0.029432 0.035188
0 0.074314 0.527652 0.028133 0.034216
4 0.667512 0.406849 0.189408 0.039027
2 0.153176 0.094869 0.189330 0.039991
0 0.639742 0.092484 0.027340 0.033392
0 0.092217 0.219565 0.024660 0.030579
0 0.326911 0.527163 0.028260 0.033340
0 0.446853 0.528789 0.041560 0.036805
0 0.359477 0.094178 0.025197 0.033068
4 0.600977 0.323138 0.055128 0.036798
0 0.669174 0.092335 0.027539 0.032717
0 0.134320 0.527985 0.027857 0.034505
0 0.360397 0.527864 0.038569 0.034788
0 0.035600 0.219119 0.023514 0.030692
0 0.245784 0.528370 0.039168 0.036175
0 0.735941 0.090565 0.022434 0.031182
0 0.036642 0.527694 0.028307 0.034274
0 0.104071 0.528086 0.027081 0.033399
0 0.118094 0.219913 0.021820 0.027523
4 0.269859 0.365349 0.124502 0.041021
4 0.633972 0.363786 0.121383 0.040154
0 0.515282 0.091566 0.030193 0.034806
0 0.164353 0.528158 0.024442 0.034252
0 0.706311 0.091090 0.028084 0.032327
4 0.911094 0.364255 0.034584 0.037366
0 0.452470 0.092392 0.022530 0.034435
0 0.265036 0.093304 0.023478 0.032725
0 0.482462 0.090945 0.030838 0.036724
0 0.573860 0.092172 0.024676 0.035035
0 0.329922 0.092520 0.029376 0.033252
4 0.921340 0.322346 0.054990 0.036715
0 0.422932 0.091900 0.027524 0.035502
0 0.292676 0.092412 0.025800 0.032993
0 0.604237 0.092039 0.030407 0.034723
0 0.197340 0.528316 0.038148 0.034120
0 0.205401 0.220485 0.140199 0.032656
4 0.921851 0.444605 0.057226 0.039539
0 0.372900 0.216314 0.167334 0.036449
4 0.269542 0.323468 0.123698 0.041072
0 0.546507 0.091994 0.025132 0.034066
4 0.242013 0.445902 0.066129 0.040007
1 0.586487 0.446295 0.019326 0.026930
4 0.240220 0.404504 0.064174 0.033980
0 0.125497 0.528061 0.019381 0.034639