0 0.819060 0.189581 0.025087 0.044262
0 0.202477 0.291399 0.021717 0.042458
0 0.598715 0.291679 0.023068 0.043197
0 0.894957 0.975167 0.071340 0.040480
0 0.025806 0.291612 0.023525 0.045257
0 0.933814 0.191844 0.132371 0.046185
0 0.125181 0.292041 0.021883 0.042011
0 0.050998 0.291218 0.021177 0.041489
0 0.176634 0.290802 0.021980 0.042454
0 0.552288 0.291521 0.050665 0.045108
2 0.251298 0.101565 0.037153 0.030951
0 0.151193 0.291092 0.021936 0.042022
0 0.463116 0.292519 0.118084 0.044876
0 0.373924 0.291648 0.049184 0.043559
0 0.969004 0.976519 0.061991 0.035254
0 0.285260 0.292535 0.119657 0.044909
0 0.062097 0.101765 0.091880 0.035448
2 0.223008 0.191023 0.252454 0.047616
0 0.075425 0.292063 0.019527 0.041969
2 0.616644 0.291722 0.017642 0.043143
4 0.714728 0.190399 0.156257 0.046367
2 0.093576 0.292606 0.018248 0.042792
0 0.974992 0.103004 0.048214 0.036157
0 0.171251 0.102627 0.108994 0.034388
2 0.547501 0.190311 0.175654 0.043119