0 0.120594 0.628924 0.024708 0.038729
0 0.605869 0.109867 0.023307 0.037417
2 0.138787 0.112175 0.173129 0.047513
0 0.325642 0.112187 0.022136 0.039176
0 0.032804 0.629049 0.025495 0.040833
0 0.299147 0.111433 0.023275 0.038401
4 0.243524 0.384287 0.110337 0.047271
0 0.580585 0.110269 0.024942 0.038381
0 0.639759 0.109274 0.021758 0.037307
0 0.222719 0.628413 0.036170 0.042802
4 0.544935 0.384128 0.049720 0.044608
4 0.825807 0.433700 0.030608 0.046393
0 0.666180 0.108016 0.023241 0.036298
0 0.068263 0.628803 0.026686 0.038604
4 0.604725 0.482102 0.171173 0.047341
0 0.095033 0.628812 0.022950 0.037697
0 0.361786 0.628456 0.034689 0.043857
0 0.352074 0.111868 0.023894 0.041040
0 0.444735 0.629946 0.027070 0.041907
4 0.835359 0.530385 0.052098 0.047016
0 0.264308 0.110483 0.021960 0.038336
0 0.257532 0.627632 0.034624 0.042691
0 0.547312 0.109979 0.026096 0.037197
0 0.384073 0.111171 0.024626 0.039776
4 0.243620 0.434573 0.110102 0.045513
0 0.404766 0.629031 0.032631 0.043365
0 0.180807 0.628201 0.036879 0.042088
0 0.184078 0.263087 0.128608 0.038697
0 0.409656 0.112387 0.022091 0.036801
4 0.574913 0.433459 0.110600 0.046282
0 0.336834 0.259868 0.152536 0.041880
0 0.057981 0.261046 0.020089 0.037820
0 0.326169 0.628164 0.034790 0.044328
0 0.082558 0.261519 0.020824 0.037176
0 0.148013 0.629026 0.024433 0.040028
0 0.495486 0.109375 0.022498 0.036632
4 0.219492 0.530926 0.061337 0.046264
0 0.469233 0.108956 0.026027 0.037370
0 0.295933 0.628461 0.024491 0.041943
4 0.834990 0.383777 0.049668 0.043416
0 0.438296 0.111374 0.026480 0.037731
0 0.520491 0.109845 0.023154 0.037288
0 0.031397 0.260953 0.024698 0.041758
0 0.032525 0.110555 0.026157 0.042120
0 0.107023 0.260461 0.021347 0.035743
0 0.239700 0.110317 0.022813 0.036807
1 0.531486 0.531461 0.016863 0.032026