0 0.410483 0.077292 0.016570 0.025526
2 0.224144 0.766030 0.051932 0.030337
0 0.432660 0.076698 0.016112 0.027400
0 0.220883 0.078551 0.017025 0.026925
0 0.116803 0.911609 0.020806 0.032777
2 0.224427 0.798741 0.052201 0.034440
4 0.165214 0.301383 0.075891 0.030962
0 0.266530 0.910787 0.019742 0.033730
4 0.185448 0.403963 0.116270 0.031365
0 0.233385 0.911261 0.020370 0.033972
0 0.180460 0.076331 0.016713 0.027259
4 0.317723 0.301521 0.042987 0.031963
0 0.258959 0.078453 0.017622 0.028700
0 0.294958 0.077643 0.016709 0.026916
0 0.286786 0.910506 0.020133 0.033147
0 0.022924 0.911431 0.022527 0.034484
0 0.393266 0.077208 0.017122 0.025051
0 0.178859 0.911374 0.021239 0.033460
4 0.215954 0.438043 0.178167 0.034507
2 0.224808 0.830823 0.052135 0.029723
0 0.212204 0.911534 0.020325 0.033526
2 0.223911 0.702169 0.051739 0.029569
2 0.224247 0.733350 0.051843 0.030590
0 0.202276 0.077795 0.016813 0.026445
0 0.092104 0.911391 0.019307 0.032093
0 0.369191 0.076466 0.018665 0.026863
0 0.051725 0.911333 0.020168 0.031939
0 0.071435 0.911224 0.018915 0.031049
0 0.277515 0.077988 0.015384 0.027070
4 0.588123 0.438392 0.219247 0.036339
0 0.194423 0.181987 0.054122 0.024373
4 0.164876 0.369232 0.074785 0.029427
0 0.354697 0.180984 0.036079 0.024440
1 0.794238 0.735524 0.012541 0.021317
0 0.147706 0.911320 0.039147 0.033030
0 0.238130 0.078676 0.014126 0.029439
4 0.354336 0.671452 0.208545 0.032980
0 0.278751 0.180156 0.096808 0.025880
4 0.589009 0.336674 0.218561 0.033188
0 0.451321 0.075395 0.015419 0.026884
4 0.736118 0.701627 0.105580 0.032232
1 0.794040 0.797935 0.012070 0.023943
4 0.736165 0.797912 0.106539 0.036099
2 0.224587 0.670270 0.051659 0.029126
1 0.794027 0.829377 0.011687 0.022429
4 0.354171 0.766836 0.207053 0.030549
1 0.794142 0.767386 0.012732 0.020641
0 0.040934 0.181979 0.048150 0.025067
4 0.165482 0.336104 0.075359 0.033916
0 0.116351 0.181932 0.080687 0.029394
0 0.333883 0.076239 0.013120 0.027475
1 0.794741 0.704352 0.011817 0.023372
0 0.316453 0.076300 0.015974 0.027862
4 0.735000 0.671338 0.105937 0.031100
1 0.041995 0.798986 0.023787 0.031382
4 0.354204 0.702632 0.207982 0.034565
0 0.977526 0.983578 0.015117 0.021864
0 0.060455 0.237270 0.056451 0.029867
4 0.354211 0.798439 0.208978 0.031742
4 0.354463 0.736287 0.206772 0.032200
1 0.042007 0.734431 0.024408 0.031331
4 0.736277 0.765875 0.105898 0.035311
1 0.041856 0.767198 0.023342 0.031037
1 0.794078 0.671612 0.012554 0.022292
4 0.736023 0.829680 0.107119 0.030739
4 0.354691 0.830134 0.206142 0.034592
0 0.114055 0.236887 0.046545 0.031003
4 0.090139 0.766010 0.074104 0.032200
0 0.425657 0.180733 0.083793 0.025441
0 0.354482 0.076401 0.013934 0.027825
2 0.093218 0.078284 0.115834 0.033917
1 0.041874 0.702998 0.022831 0.030814
1 0.043174 0.673453 0.024067 0.036800
0 0.237924 0.180889 0.014812 0.025423
0 0.930594 0.013112 0.014201 0.026223
4 0.735709 0.733811 0.104761 0.030549
4 0.674445 0.734987 0.018632 0.031731
1 0.042131 0.829828 0.025608 0.029344
4 0.808867 0.702412 0.018807 0.029704
4 0.808594 0.670945 0.019089 0.028444
0 0.955900 0.983862 0.018662 0.022700
0 0.166915 0.237049 0.058455 0.031267
4 0.091091 0.671888 0.073507 0.033851
4 0.090659 0.704500 0.072642 0.031374
4 0.090875 0.735875 0.073075 0.029723
4 0.090875 0.799036 0.073075 0.030549
4 0.091524 0.829585 0.072642 0.028897
4 0.674464 0.671888 0.017728 0.032200
4 0.673383 0.703262 0.018161 0.032200
4 0.674464 0.767662 0.018593 0.033851
4 0.674032 0.800274 0.015999 0.033026
4 0.674464 0.829997 0.017728 0.031374
4 0.809155 0.735599 0.018161 0.033026
4 0.809155 0.767799 0.018161 0.031374
4 0.809371 0.799586 0.017728 0.032200
4 0.809155 0.830548 0.018161 0.028072
0 0.945238 0.015207 0.011538 0.025421
0 0.959883 0.014360 0.014201 0.027116