0 0.667049 0.753180 0.016508 0.033401
4 0.564131 0.517996 0.031997 0.043681
0 0.641522 0.753638 0.016341 0.031771
0 0.692986 0.753812 0.015862 0.032635
4 0.628474 0.619463 0.160154 0.046411
4 0.575600 0.467447 0.053983 0.044506
0 0.977256 0.106948 0.045436 0.033554
4 0.568156 0.415328 0.038096 0.041481
0 0.593513 0.753979 0.061279 0.035912
0 0.937113 0.106452 0.015919 0.030454
0 0.911048 0.105165 0.016674 0.033272
0 0.884575 0.106416 0.016853 0.032916
4 0.556693 0.567708 0.017120 0.043364
4 0.593472 0.414723 0.019337 0.044049
2 0.038650 0.103392 0.041119 0.029542
0 0.593844 0.414660 0.018192 0.037665
0 0.717717 0.753059 0.016380 0.034074
0 0.737050 0.327805 0.016856 0.035523
5 0.510526 0.542623 0.483374 0.486783