0 0.545880 0.261665 0.019406 0.038757
0 0.021719 0.259178 0.021364 0.037898
0 0.730867 0.167303 0.023258 0.040876
0 0.259164 0.261548 0.109131 0.040324
4 0.229961 0.669502 0.131664 0.039787
0 0.045213 0.259623 0.022639 0.038661
0 0.137654 0.259480 0.021856 0.039990
0 0.897244 0.975611 0.063520 0.036858
0 0.502491 0.259547 0.045823 0.039179
0 0.161237 0.259508 0.021053 0.039558
2 0.563067 0.261433 0.015678 0.039220
0 0.183965 0.260295 0.020280 0.039958
0 0.951672 0.167305 0.022106 0.039246
0 0.113656 0.259877 0.022491 0.043137
0 0.864392 0.166342 0.152947 0.046911
4 0.229415 0.534172 0.133604 0.036363
4 0.538751 0.489076 0.076940 0.042359
4 0.229542 0.487901 0.133058 0.040544
4 0.518099 0.397058 0.035059 0.039702
4 0.235927 0.715522 0.145255 0.041092
4 0.518505 0.350913 0.035981 0.037354
0 0.963881 0.974552 0.057414 0.032446
4 0.229602 0.442737 0.132313 0.039773
4 0.573140 0.852698 0.145717 0.039347
0 0.422042 0.259581 0.109445 0.042526
2 0.202053 0.169395 0.231162 0.041570
4 0.201617 0.761686 0.077350 0.038083
0 0.054670 0.086266 0.083473 0.031536
0 0.341265 0.258901 0.047191 0.039142
4 0.634486 0.807569 0.131988 0.039883
2 0.228513 0.086551 0.036330 0.029557
0 0.068487 0.259900 0.020310 0.041563
4 0.235792 0.853267 0.145254 0.038533
4 0.538935 0.443312 0.076253 0.041469
4 0.305983 0.898664 0.285636 0.040591
4 0.642286 0.898571 0.284010 0.041535
0 0.969720 0.086596 0.044291 0.031536
2 0.085488 0.260165 0.014872 0.041980
4 0.517366 0.807667 0.034169 0.039968
4 0.552606 0.807866 0.035486 0.039570
0 0.153205 0.087255 0.096813 0.031681
4 0.181489 0.807062 0.036275 0.039645
4 0.641657 0.169583 0.132615 0.039084
4 0.171661 0.579108 0.015566 0.037556
4 0.308524 0.488776 0.029961 0.037518
4 0.608850 0.441907 0.062337 0.038323
4 0.308748 0.533058 0.027672 0.037263
4 0.309292 0.442578 0.028055 0.038380
2 0.496727 0.169236 0.161596 0.035518
4 0.308988 0.351650 0.026190 0.036552
4 0.229888 0.352066 0.133750 0.041129
4 0.298921 0.808127 0.132048 0.038875
4 0.216034 0.807569 0.032815 0.037759
1 0.706317 0.807053 0.013404 0.028658