0 0.549132 0.960118 0.135704 0.043916
0 0.143529 0.103771 0.110035 0.033179
0 0.048532 0.103473 0.062643 0.032094
0 0.976958 0.103509 0.046084 0.035118
0 0.458534 0.959803 0.029452 0.031320
0 0.711598 0.960933 0.173692 0.040383
4 0.282254 0.381087 0.083853 0.042885
0 0.805011 0.123649 0.021405 0.041739
4 0.282150 0.421282 0.083848 0.042683
4 0.282305 0.340792 0.083533 0.041945
1 0.691085 0.262216 0.014569 0.031575
4 0.282663 0.461194 0.082622 0.043365
4 0.282401 0.301922 0.083794 0.041314
4 0.282529 0.700923 0.082866 0.041675
4 0.282064 0.621086 0.083823 0.041843
4 0.282182 0.501557 0.083486 0.042436
4 0.282181 0.660832 0.084044 0.042722
4 0.282142 0.581207 0.083339 0.043184
4 0.282231 0.540732 0.083630 0.042302
4 0.282257 0.740447 0.082609 0.042213
0 0.965595 0.194155 0.038247 0.041652
4 0.282825 0.260903 0.079990 0.042046
0 0.331188 0.260623 0.017431 0.038317
3 0.232301 0.259913 0.019442 0.036898
3 0.231295 0.301778 0.017431 0.041155
3 0.231630 0.340095 0.016761 0.038317
3 0.231295 0.383379 0.016090 0.039736
3 0.231966 0.424534 0.014749 0.039736
3 0.231630 0.464270 0.016761 0.036898
3 0.231630 0.501168 0.016761 0.036898
3 0.232636 0.543033 0.016090 0.043994
3 0.232636 0.584188 0.017431 0.038317
3 0.231295 0.623215 0.017431 0.039736
3 0.231295 0.662951 0.017431 0.042574
3 0.232636 0.704816 0.016090 0.041155
3 0.231966 0.741714 0.016090 0.038317
5 0.508850 0.540588 0.622419 0.892927