2 0.378943 0.094906 0.147493 0.037210
2 0.524166 0.097095 0.108918 0.037210
2 0.961255 0.098737 0.038008 0.029549
0 0.038764 0.027156 0.020800 0.037210
0 0.037630 0.093184 0.040466 0.040857
0 0.107783 0.095008 0.068074 0.034291
0 0.896112 0.028615 0.021557 0.031373
0 0.931284 0.031533 0.023069 0.037210
0 0.964186 0.030439 0.019287 0.035021
0 0.898003 0.279962 0.083579 0.042317
0 0.766016 0.280691 0.153922 0.040857
0 0.650669 0.280691 0.057862 0.037939
0 0.571628 0.279232 0.080554 0.048153
0 0.494100 0.279597 0.060888 0.043046
0 0.381401 0.276678 0.146358 0.045965
0 0.227857 0.281056 0.144089 0.040128
0 0.089819 0.279962 0.119129 0.048153
0 0.026199 0.962745 0.029110 0.037440
4 0.312063 0.706282 0.247632 0.036691
4 0.248603 0.754205 0.120711 0.036691
4 0.225703 0.800256 0.074911 0.034445
4 0.209013 0.848553 0.041531 0.036691
4 0.245304 0.894604 0.115665 0.037440
4 0.325454 0.895353 0.037649 0.034445
4 0.774530 0.754205 0.161854 0.036691
4 0.731253 0.800630 0.077628 0.033696
4 0.708353 0.848179 0.031051 0.034445
4 0.731059 0.894979 0.077240 0.036691
4 0.328171 0.480134 0.480486 0.297676