4 0.230041 0.172192 0.211723 0.033697
4 0.167238 0.217782 0.090874 0.035679
4 0.167000 0.263372 0.089447 0.037661
0 0.935389 0.087454 0.018080 0.030724
0 0.973927 0.088941 0.042820 0.031715
0 0.922067 0.024520 0.021886 0.037661
0 0.949900 0.025016 0.015701 0.038652
0 0.981778 0.024520 0.015701 0.035679
0 0.025930 0.022538 0.013798 0.027750
0 0.068275 0.083490 0.119421 0.036670
0 0.056856 0.356535 0.059473 0.033697
0 0.132505 0.355048 0.063279 0.038652
0 0.186507 0.352570 0.021886 0.035679
0 0.241935 0.357526 0.066134 0.035679
0 0.318536 0.358021 0.061376 0.036670
0 0.291893 0.262877 0.115615 0.036670
0 0.396327 0.172192 0.019031 0.033697
0 0.416072 0.172192 0.018556 0.035679
0 0.435817 0.171697 0.019983 0.034688
0 0.456751 0.170706 0.019031 0.038652
0 0.477686 0.173183 0.019983 0.035679
2 0.154235 0.087116 0.038769 0.035991