0 0.459685 0.807753 0.024582 0.047406
4 0.902832 0.120363 0.166805 0.041894
0 0.460041 0.427723 0.023871 0.045846
0 0.035890 0.029960 0.021632 0.048509
2 0.174533 0.027204 0.126844 0.042996
0 0.950344 0.118158 0.015733 0.046304
0 0.975172 0.120363 0.017207 0.041894
0 0.081367 0.119260 0.087021 0.039689
0 0.170108 0.118709 0.086529 0.040791
0 0.257129 0.119812 0.085546 0.040791
0 0.364307 0.350779 0.228122 0.218289
0 0.363569 0.731131 0.228614 0.216084
0 0.114798 0.172179 0.226647 0.052919
0 0.114798 0.225098 0.227630 0.044099
0 0.115044 0.274709 0.227139 0.052919
0 0.110374 0.332037 0.218781 0.052919
0 0.111357 0.388263 0.217797 0.050714
0 0.111111 0.443387 0.218289 0.050714
0 0.111849 0.497408 0.218781 0.052919
0 0.112586 0.550878 0.219272 0.047406
0 0.113569 0.603245 0.218289 0.048509
0 0.114307 0.654510 0.220747 0.049611
0 0.114553 0.708531 0.219272 0.056226
0 0.113815 0.762552 0.216814 0.051816
0 0.113569 0.817124 0.216323 0.052919
0 0.113078 0.869491 0.216323 0.051816
0 0.114553 0.925166 0.216323 0.052919
0 0.115536 0.977466 0.217306 0.045067