4 0.530023 0.401985 0.073774 0.036354
0 0.027972 0.647705 0.022223 0.043429
0 0.285041 0.652606 0.021025 0.040571
0 0.632406 0.739053 0.056974 0.031562
0 0.082313 0.652888 0.020164 0.040090
0 0.311967 0.653056 0.024425 0.038623
3 0.355145 0.533156 0.012655 0.024382
0 0.053489 0.652676 0.023335 0.042600
0 0.105141 0.652654 0.020184 0.039823
0 0.128889 0.652570 0.020140 0.040101
0 0.255692 0.653761 0.020821 0.040142
0 0.563920 0.737205 0.069863 0.032969
3 0.355682 0.489354 0.010550 0.025690
3 0.355167 0.576785 0.013990 0.024122
5 0.505338 0.532144 0.333614 0.462789
0 0.656693 0.324957 0.016856 0.037023