0 0.041222 0.021340 0.023448 0.041782
0 0.033469 0.087629 0.037440 0.034550
0 0.092277 0.088030 0.065048 0.032140
0 0.919749 0.022144 0.017397 0.032140
0 0.949247 0.022144 0.016640 0.033747
0 0.979124 0.021742 0.019666 0.039371
0 0.074881 0.271227 0.098328 0.041782
0 0.197602 0.268013 0.119129 0.043389
0 0.333371 0.267611 0.117616 0.049013
0 0.432645 0.268817 0.051433 0.041782
0 0.503555 0.270022 0.064670 0.042585
0 0.572196 0.269218 0.046895 0.042585
0 0.673550 0.269620 0.133878 0.041782
0 0.835413 0.269620 0.158082 0.044996
0 0.020280 0.976869 0.026733 0.037212
4 0.272861 0.461779 0.396386 0.285944
4 0.292450 0.683091 0.206029 0.035253
4 0.240136 0.729117 0.102323 0.031336
4 0.221469 0.773183 0.063145 0.035253
4 0.206720 0.820677 0.035490 0.036233
4 0.237140 0.866213 0.096331 0.035253
4 0.304895 0.866703 0.031803 0.034274
4 0.240828 0.912728 0.100940 0.032316
4 0.776057 0.727586 0.135202 0.035514
4 0.741396 0.774068 0.064897 0.036559
4 0.721731 0.821595 0.025565 0.033425
4 0.739921 0.867033 0.065880 0.034470
2 0.332104 0.083625 0.131268 0.042826
2 0.458948 0.085715 0.099803 0.040737
2 0.986179 0.091757 0.027641 0.031336