0 0.664023 0.680929 0.059616 0.038225
0 0.966337 0.972814 0.053639 0.044136
0 0.518854 0.499117 0.017494 0.043449
4 0.493162 0.499718 0.036722 0.046461
0 0.444440 0.681121 0.026183 0.026524
0 0.548061 0.682035 0.159759 0.030183
0 0.689403 0.414048 0.012869 0.028354
5 0.504311 0.548323 0.403903 0.330878
0 0.095362 0.122623 0.151053 0.049267
0 0.230394 0.124195 0.103753 0.052412
0 0.330841 0.125243 0.083918 0.048219
0 0.426711 0.126292 0.094599 0.054508
0 0.911403 0.050295 0.019327 0.036688
0 0.944207 0.050295 0.019835 0.036688
0 0.978283 0.050295 0.018818 0.036688
0 0.969383 0.122099 0.049842 0.031447
2 0.504018 0.125767 0.043739 0.049267
4 0.323721 0.211198 0.097142 0.037736
4 0.293459 0.310780 0.036619 0.037736
4 0.345590 0.361620 0.141898 0.036688
4 0.289136 0.761520 0.028990 0.037736
4 0.323975 0.763092 0.037636 0.036688
4 0.285576 0.612147 0.021870 0.038785
4 0.289391 0.911941 0.028481 0.038785
4 0.281507 0.861626 0.013732 0.038785