4 0.191737 0.342438 0.086850 0.040724
4 0.664180 0.845979 0.031993 0.043501
4 0.572492 0.847576 0.141200 0.043927
4 0.608276 0.694502 0.098934 0.046011
4 0.733022 0.694515 0.157307 0.046958
4 0.179206 0.846886 0.078533 0.041241
0 0.851996 0.976287 0.072419 0.041399
0 0.062442 0.102245 0.100497 0.030408
4 0.166648 0.289733 0.040351 0.038506
4 0.213471 0.937891 0.146579 0.021112
4 0.573187 0.895924 0.136876 0.043701
0 0.070112 0.447205 0.074098 0.037950
4 0.664151 0.895841 0.031460 0.045429
0 0.142034 0.101829 0.037143 0.029374
0 0.974882 0.101255 0.049370 0.041635
4 0.626857 0.188624 0.032838 0.047524
0 0.968978 0.976980 0.060239 0.035167
4 0.516460 0.934972 0.024439 0.024465
0 0.910690 0.976038 0.035318 0.035414
0 0.170538 0.442036 0.089110 0.037136
4 0.304172 0.192668 0.310999 0.039426
4 0.642363 0.541339 0.355454 0.051327
4 0.305822 0.241241 0.312972 0.044312
0 0.295600 0.438194 0.138889 0.044820
0 0.417896 0.435633 0.089725 0.039697
0 0.516839 0.435633 0.083579 0.039697
0 0.613324 0.437554 0.074975 0.046100
0 0.694137 0.439475 0.057153 0.034575
0 0.785091 0.440115 0.086652 0.043539
0 0.937807 0.441395 0.014749 0.033295
0 0.956858 0.445237 0.019666 0.017928
4 0.148283 0.899161 0.015276 0.040612