4 0.197856 0.357426 0.027458 0.034777
4 0.197749 0.399299 0.027673 0.032285
4 0.170049 0.843773 0.115305 0.037458
4 0.312634 0.157597 0.228678 0.036441
4 0.156896 0.156803 0.078138 0.034852
4 0.411008 0.520679 0.068398 0.033634
4 0.169312 0.883957 0.116713 0.036481
4 0.194108 0.522462 0.021066 0.035810
4 0.197749 0.439094 0.027673 0.034964
0 0.429908 0.721850 0.017560 0.031918
0 0.453735 0.721658 0.017606 0.033499
4 0.388159 0.358448 0.023114 0.033085
4 0.169739 0.721360 0.117768 0.036743
4 0.200406 0.481737 0.032541 0.036006
2 0.041244 0.086152 0.070260 0.025313
4 0.413727 0.357695 0.025854 0.031672
4 0.197609 0.320435 0.027087 0.034310
0 0.473405 0.721942 0.019349 0.033844
0 0.497691 0.721764 0.018428 0.034982
2 0.097615 0.085429 0.032462 0.024492
0 0.062401 0.196078 0.111409 0.034486
0 0.516316 0.721219 0.016571 0.034199
0 0.979482 0.085439 0.040520 0.035416
3 0.979623 0.085735 0.040754 0.033423
4 0.082398 0.158825 0.066020 0.037594
4 0.390000 0.316990 0.024530 0.032011
4 0.402586 0.358328 0.051087 0.034963
1 0.384687 0.401262 0.012107 0.027379
4 0.325093 0.723227 0.195024 0.034673
3 0.448419 0.319230 0.013520 0.020921
3 0.449033 0.359399 0.012291 0.022595
3 0.449443 0.399987 0.012291 0.023432
0 0.071681 0.240370 0.092625 0.030127
0 0.216814 0.238562 0.171681 0.033742
0 0.400295 0.239165 0.168142 0.030127
0 0.037463 0.680219 0.026549 0.032537
0 0.107080 0.680219 0.084366 0.025306
0 0.198525 0.679014 0.074926 0.025306