0 0.103488 0.348716 0.023993 0.047107
4 0.647085 0.373626 0.384296 0.048123
0 0.071747 0.349547 0.025534 0.045496
4 0.681711 0.474164 0.331538 0.050187
1 0.301190 0.826941 0.016807 0.036088
4 0.466660 0.474164 0.098760 0.047799
1 0.322457 0.827173 0.018212 0.037741
4 0.771477 0.169754 0.211494 0.043799
0 0.134954 0.349682 0.021240 0.044662
1 0.322037 0.906486 0.016865 0.037266
1 0.908976 0.867965 0.019485 0.034866
4 0.436021 0.370934 0.035318 0.042794
0 0.044264 0.348207 0.021309 0.043989
0 0.185950 0.348781 0.023285 0.044924
2 0.154264 0.348954 0.017873 0.045593
1 0.322074 0.867771 0.019895 0.036091
4 0.497242 0.167485 0.085087 0.046956
2 0.015203 0.347905 0.030119 0.043987
4 0.982277 0.167229 0.035051 0.040303
1 0.301207 0.866390 0.017561 0.034513
0 0.933623 0.102672 0.015752 0.030761
1 0.909366 0.830450 0.019406 0.033701
0 0.894083 0.981796 0.070000 0.033820
2 0.807658 0.102868 0.037270 0.030559
1 0.909538 0.908364 0.019499 0.032809
1 0.301407 0.906757 0.016534 0.035549
0 0.974613 0.103164 0.048816 0.032303
0 0.967859 0.986017 0.062576 0.027966
0 0.280589 0.727374 0.021813 0.042018
0 0.216897 0.101410 0.029218 0.029511
2 0.497470 0.729498 0.174657 0.047747
0 0.599184 0.103756 0.048347 0.027484
0 0.282968 0.104628 0.085732 0.035429
0 0.647443 0.103393 0.025960 0.028706
0 0.907590 0.103027 0.015454 0.032234
4 0.430157 0.270136 0.026395 0.044991
4 0.873441 0.727775 0.253118 0.047338
2 0.377410 0.167382 0.159471 0.044475
0 0.105865 0.104180 0.172381 0.037840
0 0.415121 0.103305 0.046334 0.033356
1 0.007764 0.465298 0.015302 0.039386
0 0.357996 0.101861 0.047936 0.031287
4 0.647230 0.270517 0.385511 0.047444
0 0.504939 0.103595 0.115635 0.034824
0 0.723440 0.105643 0.110335 0.030727
0 0.280236 0.167712 0.022616 0.048076
0 0.280236 0.219968 0.021632 0.039715
0 0.298918 0.219968 0.009833 0.037625
0 0.380285 0.221013 0.133235 0.020903
0 0.483038 0.218923 0.035890 0.022993
0 0.555556 0.219446 0.077679 0.028219
0 0.670108 0.217878 0.124877 0.025083
0 0.777286 0.218923 0.056047 0.022993