0 0.891081 0.974817 0.080869 0.038887
0 0.066640 0.182359 0.023490 0.047241
0 0.033960 0.183393 0.024099 0.045780
0 0.099533 0.183400 0.023212 0.046195
0 0.488637 0.832920 0.105376 0.048380
0 0.689744 0.169453 0.023095 0.037848
4 0.648482 0.377087 0.197642 0.042581
0 0.595801 0.832562 0.108114 0.049989
0 0.659259 0.169724 0.022612 0.038390
0 0.186082 0.830765 0.022704 0.044220
0 0.636309 0.169381 0.021104 0.039946
0 0.961423 0.975112 0.049226 0.037129
4 0.305980 0.831035 0.158862 0.045919
0 0.557790 0.168392 0.016953 0.040212
2 0.373160 0.169598 0.141797 0.042624
0 0.164687 0.269409 0.024482 0.043753
2 0.223606 0.169738 0.143813 0.042904
0 0.666340 0.831444 0.023119 0.042330
0 0.009752 0.183382 0.019234 0.045378
4 0.613794 0.322401 0.129662 0.038647
0 0.689294 0.831666 0.021475 0.040921
0 0.712597 0.831507 0.022740 0.041481
4 0.607402 0.171522 0.036970 0.044229
0 0.779154 0.830916 0.023888 0.046899
0 0.420512 0.831647 0.023007 0.041907
0 0.397302 0.832557 0.021628 0.040000
0 0.965055 0.104605 0.047478 0.036119
0 0.225921 0.274738 0.056779 0.041463
1 0.219282 0.425619 0.015404 0.031822
0 0.903859 0.102378 0.059508 0.035049
0 0.210821 0.831367 0.021946 0.042916
4 0.334797 0.372790 0.081525 0.049563
2 0.162172 0.107177 0.079256 0.039544
0 0.181666 0.421804 0.013662 0.031562
2 0.063851 0.663193 0.127166 0.043535
0 0.282116 0.273236 0.017220 0.033102
2 0.232260 0.105097 0.038030 0.036865
0 0.067167 0.105518 0.092320 0.030551
2 0.306627 0.423806 0.147615 0.046394
2 0.053264 0.577863 0.104180 0.030544
0 0.305878 0.422222 0.144493 0.047123
2 0.071802 0.300167 0.139087 0.034312
4 0.501549 0.171050 0.099179 0.041042
2 0.026698 0.422484 0.053396 0.035909
2 0.041666 0.497940 0.081079 0.031484
4 0.337718 0.323526 0.084992 0.045963
0 0.058734 0.340093 0.078487 0.033650
0 0.057944 0.382156 0.082174 0.034772