0 0.033848 0.029189 0.017775 0.038929
0 0.046328 0.085891 0.056350 0.028774
0 0.130663 0.090545 0.097950 0.027928
0 0.227290 0.091391 0.084714 0.024542
0 0.318244 0.089699 0.084336 0.022850
0 0.394070 0.090122 0.049921 0.025389
0 0.470653 0.209026 0.024582 0.033005
0 0.495046 0.252187 0.023448 0.033005
0 0.967022 0.089699 0.037819 0.027928
0 0.954353 0.163749 0.013993 0.037237
0 0.970615 0.169250 0.013237 0.016080
0 0.085281 0.162057 0.093412 0.035544
0 0.196090 0.165442 0.102488 0.038929
0 0.282694 0.160787 0.054081 0.039776
0 0.363815 0.163326 0.090008 0.041468
0 0.447394 0.164596 0.051433 0.038929
0 0.525301 0.162903 0.086226 0.040622
0 0.957568 0.976612 0.055972 0.033005
4 0.208381 0.850938 0.106649 0.030466
4 0.207813 0.893675 0.107027 0.033005
4 0.398797 0.850938 0.022313 0.033852
4 0.169427 0.723148 0.028742 0.032159
4 0.163755 0.551351 0.016640 0.032159
4 0.211784 0.506920 0.113456 0.034698
4 0.163944 0.464606 0.015506 0.031313
4 0.210082 0.423561 0.113078 0.033852
4 0.166402 0.379554 0.021935 0.032159
4 0.393692 0.379977 0.058997 0.033005
4 0.419787 0.423561 0.112699 0.033852
4 0.375539 0.465029 0.023448 0.033852
4 0.396717 0.550504 0.063535 0.032159
4 0.378564 0.594088 0.029499 0.031313
1 0.161675 0.592819 0.008698 0.022004
4 0.211595 0.209449 0.243930 0.037237
4 0.211217 0.251340 0.243930 0.034698
2 0.438507 0.088006 0.032146 0.029620
0 0.625709 0.162903 0.094168 0.037237
0 0.723281 0.161634 0.085092 0.039776
0 0.818395 0.159941 0.088496 0.043161
0 0.922963 0.027920 0.017775 0.043161
0 0.948113 0.028343 0.021178 0.042315
0 0.976477 0.028766 0.021178 0.043161