4 0.239581 0.204908 0.217457 0.034090
4 0.169049 0.377488 0.077150 0.031533
4 0.239203 0.506604 0.217457 0.039204
4 0.163755 0.678759 0.065048 0.032386
4 0.239203 0.721798 0.217457 0.031533
0 0.392330 0.949970 0.012783 0.031022
0 0.445674 0.952186 0.083088 0.022159
0 0.513029 0.950524 0.034907 0.025482
0 0.544739 0.947754 0.016716 0.026590
0 0.565880 0.947200 0.012783 0.025482
0 0.609390 0.949416 0.063422 0.027698
0 0.655605 0.948862 0.011308 0.024374
0 0.660029 0.109608 0.015241 0.027698
0 0.040069 0.019313 0.018191 0.037669
0 0.066372 0.084680 0.075713 0.035454
0 0.151180 0.085234 0.080138 0.038777
0 0.216323 0.082464 0.036382 0.035454
0 0.973697 0.084126 0.041790 0.038777
0 0.981072 0.978776 0.028024 0.033238
2 0.256101 0.083025 0.033074 0.032231
1 0.366944 0.224538 0.010727 0.023166
1 0.366720 0.256265 0.009386 0.020144
1 0.367167 0.292524 0.009386 0.020144
1 0.366944 0.324754 0.008939 0.020144
1 0.367838 0.358496 0.008939 0.021151
1 0.366944 0.392237 0.008045 0.020144
1 0.366720 0.424971 0.010280 0.021151
1 0.366497 0.459216 0.010727 0.019137
1 0.362832 0.873523 0.009833 0.019943
1 0.363078 0.916178 0.010324 0.014403
5 0.511393 0.530579 0.322958 0.897420