0 0.104993 0.084543 0.061724 0.030141
4 0.166608 0.165355 0.059582 0.039250
0 0.042677 0.084361 0.050618 0.032014
4 0.150225 0.209201 0.028195 0.037452
4 0.149764 0.752353 0.027032 0.038651
4 0.149877 0.435917 0.027329 0.040990
0 0.168623 0.084137 0.056679 0.032037
4 0.166493 0.254345 0.060710 0.043418
4 0.163295 0.799591 0.054715 0.038911
4 0.150241 0.708162 0.027455 0.034246
4 0.165463 0.845922 0.058278 0.038063
4 0.155992 0.888418 0.038919 0.037888
4 0.147751 0.480232 0.023711 0.041607
4 0.142285 0.617177 0.013649 0.034125
4 0.166330 0.301401 0.061177 0.038442
0 0.252080 0.084220 0.097087 0.031566
2 0.322306 0.084874 0.028574 0.029807
0 0.978800 0.085379 0.037162 0.038177
4 0.142646 0.661919 0.013196 0.036475
1 0.143765 0.933192 0.013286 0.024329