4 0.217552 0.175581 0.126503 0.035844
4 0.165646 0.222775 0.026095 0.034649
4 0.196562 0.268774 0.086794 0.033454
4 0.189188 0.313579 0.074314 0.032259
2 0.207057 0.091945 0.034037 0.031065
0 0.023258 0.028621 0.014749 0.033454
0 0.050771 0.092542 0.076583 0.037039
0 0.138416 0.092542 0.085092 0.029870
0 0.380077 0.174983 0.020422 0.037039
0 0.400216 0.175581 0.018720 0.035844
0 0.420070 0.176178 0.020989 0.037039
0 0.440492 0.174386 0.018720 0.031065
0 0.461198 0.178568 0.019287 0.037039
0 0.311720 0.312982 0.129907 0.035844
0 0.037544 0.404739 0.054528 0.033889
0 0.952892 0.096446 0.050058 0.034830