2 0.161149 0.095361 0.109254 0.039154
2 0.279963 0.094785 0.087949 0.028790
2 0.405605 0.093633 0.127281 0.033396
2 0.984377 0.094209 0.026221 0.027638
0 0.830875 0.272706 0.157325 0.036851
4 0.722987 0.721252 0.035507 0.038003
0 0.069649 0.275010 0.098875 0.034548
0 0.193652 0.275010 0.120725 0.034548
0 0.328854 0.272706 0.117994 0.039154
0 0.429367 0.272131 0.049164 0.038003
0 0.500109 0.270979 0.061728 0.042609
0 0.569759 0.271555 0.049164 0.041457
0 0.672457 0.270979 0.137660 0.040306
0 0.405878 0.334892 0.015296 0.036851
0 0.556375 0.472508 0.018027 0.038003
0 0.262209 0.517420 0.016388 0.035699
0 0.234076 0.564635 0.013657 0.033396
0 0.217961 0.675764 0.014203 0.036851
0 0.226975 0.724131 0.015842 0.032245
0 0.225882 0.768468 0.015842 0.031093
0 0.254834 0.814531 0.015842 0.038003
0 0.211952 0.858292 0.015296 0.033396
0 0.254834 0.906083 0.018027 0.032245
0 0.774883 0.813956 0.016934 0.036851
0 0.774883 0.858292 0.018027 0.038003
0 0.775702 0.904356 0.015296 0.035699
0 0.973724 0.975755 0.050803 0.035699
0 0.035979 0.025259 0.017431 0.037689
0 0.051846 0.091213 0.079557 0.041457
0 0.917583 0.026201 0.018772 0.037689
0 0.946188 0.027614 0.018772 0.036746
0 0.976356 0.029027 0.018325 0.037689
4 0.204702 0.675386 0.040225 0.033920
4 0.209171 0.723910 0.048270 0.032977
4 0.209842 0.767723 0.052293 0.035804
4 0.224368 0.814362 0.077769 0.036746
4 0.203808 0.859588 0.035756 0.032977
4 0.224815 0.905286 0.079557 0.033920
4 0.744391 0.813420 0.078216 0.040515
4 0.744167 0.860060 0.077769 0.035804
4 0.744614 0.905757 0.078663 0.032977
4 0.216546 0.564676 0.049611 0.034862
4 0.231295 0.519449 0.079110 0.034862
4 0.378564 0.472810 0.373648 0.035804
4 0.243139 0.427584 0.103692 0.033920
4 0.243139 0.381415 0.103692 0.033920
4 0.302807 0.335718 0.222133 0.034862