0 0.016224 0.033047 0.017109 0.036837
0 0.045428 0.092461 0.079056 0.036837
0 0.157817 0.092461 0.133923 0.029707
0 0.299115 0.097214 0.135693 0.032083
0 0.924779 0.028888 0.017109 0.033272
0 0.953687 0.030671 0.023009 0.034460
0 0.986726 0.031859 0.019469 0.036837
0 0.976401 0.091273 0.047198 0.046343
0 0.020059 0.325957 0.022419 0.035648
0 0.055457 0.322987 0.020059 0.039213
0 0.077581 0.325363 0.019469 0.036837
0 0.098230 0.325957 0.019469 0.033272
0 0.131268 0.324769 0.020649 0.038025
0 0.152802 0.324769 0.021239 0.038025
0 0.188496 0.324175 0.021829 0.034460
0 0.209440 0.324769 0.021239 0.033272
0 0.229794 0.325363 0.019469 0.036837
0 0.028614 0.458450 0.043068 0.036837
1 0.018720 0.136203 0.009455 0.014473
1 0.018342 0.169338 0.010211 0.022851
1 0.019287 0.203234 0.011346 0.020566
1 0.018720 0.238654 0.009455 0.022851
2 0.390288 0.096594 0.037062 0.031230
4 0.444369 0.325490 0.040844 0.036562
0 0.903865 0.976756 0.064292 0.038086
0 0.971182 0.978661 0.057484 0.034277
1 0.019287 0.548291 0.011346 0.020566
1 0.018342 0.585615 0.010211 0.015996
1 0.018909 0.621416 0.009833 0.022090
1 0.019098 0.656455 0.010967 0.022090
1 0.018909 0.690732 0.010589 0.022090
1 0.018531 0.726533 0.010589 0.017519
1 0.018909 0.761191 0.009833 0.022851
4 0.251872 0.548791 0.184933 0.034277
4 0.252156 0.584782 0.184366 0.033135
4 0.253007 0.620202 0.186068 0.033135
4 0.252723 0.657335 0.185500 0.036562
4 0.251872 0.692755 0.184933 0.031992
4 0.251872 0.727032 0.183799 0.034277
4 0.252439 0.763023 0.184933 0.035420