4 0.401508 0.425105 0.409702 0.032397
4 0.401508 0.472929 0.411341 0.038567
4 0.401508 0.521524 0.406424 0.033939
4 0.373837 0.715616 0.029877 0.035601
4 0.273618 0.715260 0.150896 0.034889
4 0.274185 0.618427 0.150518 0.036313
4 0.301982 0.666488 0.207624 0.041297
4 0.234036 0.569712 0.070710 0.038386
4 0.161528 0.183684 0.102293 0.037622
4 0.258588 0.185028 0.037587 0.036726
4 0.146541 0.233847 0.071367 0.037622
4 0.666087 0.235100 0.040560 0.035702
2 0.042668 0.100720 0.045301 0.042645
1 0.203592 0.762207 0.011062 0.020826
0 0.074010 0.328323 0.060577 0.035702
0 0.175147 0.330803 0.102718 0.040661
0 0.276022 0.327331 0.063211 0.047603
0 0.347398 0.326836 0.043721 0.046611
0 0.416403 0.328323 0.061631 0.049587
0 0.488306 0.327827 0.047408 0.044628
0 0.554414 0.331298 0.055310 0.041653
0 0.657396 0.425513 0.024231 0.037686
0 0.867836 0.975429 0.073220 0.040661
0 0.946060 0.974438 0.066372 0.034711
0 0.953632 0.099411 0.058075 0.035578
0 0.035951 0.029990 0.021202 0.037314