0 0.053657 0.396312 0.061540 0.041850
0 0.121809 0.397358 0.044248 0.037665
0 0.180551 0.397358 0.040688 0.041850
0 0.232937 0.401020 0.040688 0.040804
0 0.900977 0.980121 0.065609 0.039758
0 0.969891 0.980644 0.060014 0.038711
0 0.974723 0.085575 0.048317 0.046035
0 0.318381 0.307380 0.131218 0.037665
0 0.035856 0.090283 0.053403 0.036619
0 0.108839 0.092899 0.082392 0.031388
0 0.201149 0.092375 0.092056 0.034526
2 0.234971 0.535464 0.144441 0.033480
2 0.233954 0.582545 0.144441 0.035573
2 0.289391 0.088190 0.076289 0.034526
2 0.351948 0.092375 0.033567 0.026156
1 0.461042 0.626488 0.008646 0.020925
3 0.020598 0.807489 0.010681 0.029295
3 0.020344 0.855094 0.012206 0.026156
3 0.020852 0.899560 0.014241 0.029295
4 0.466890 0.809582 0.027464 0.035573
4 0.466382 0.857710 0.026447 0.033480
4 0.466890 0.902698 0.026447 0.035573
4 0.490286 0.673569 0.076289 0.037665
4 0.198861 0.674092 0.076289 0.034526
4 0.199369 0.628580 0.076289 0.035573
4 0.303886 0.490998 0.283288 0.034526
4 0.220476 0.169798 0.130709 0.034526
4 0.168345 0.215833 0.026447 0.034526
4 0.199115 0.261345 0.089004 0.033480
4 0.192503 0.306857 0.075781 0.034526
0 0.021690 0.021678 0.018220 0.033019