0 0.036136 0.027104 0.022124 0.041182
0 0.901426 0.028477 0.024090 0.047589
0 0.935841 0.028019 0.028024 0.044843
0 0.973451 0.028019 0.028515 0.041182
0 0.962881 0.095741 0.059489 0.037522
0 0.040806 0.097114 0.043265 0.027455
0 0.126106 0.099402 0.112586 0.026540
0 0.286627 0.098029 0.189774 0.027455
0 0.425516 0.096199 0.068338 0.021964
0 0.509587 0.098029 0.078171 0.031116
0 0.621681 0.096199 0.129302 0.025625
0 0.762537 0.098029 0.136676 0.027455
2 0.862094 0.097572 0.038840 0.026540
0 0.436824 0.233016 0.024090 0.039352
0 0.623648 0.182682 0.026057 0.037522
0 0.672321 0.182682 0.023107 0.039352
0 0.672566 0.230271 0.023599 0.039352
0 0.878073 0.975215 0.077679 0.037522
0 0.957473 0.975673 0.067355 0.032946
0 0.679695 0.665889 0.024090 0.039352
0 0.663225 0.858074 0.024582 0.041182
0 0.664208 0.907035 0.024582 0.034776
0 0.070305 0.326363 0.060964 0.035691
0 0.150197 0.325448 0.060472 0.041182
0 0.231563 0.324075 0.074730 0.040267
0 0.306293 0.328651 0.041298 0.032946
0 0.362586 0.323617 0.043756 0.033861
0 0.444444 0.325905 0.087512 0.047589
0 0.531219 0.324990 0.060472 0.042098
0 0.601278 0.327736 0.051131 0.045758
0 0.669371 0.325905 0.052606 0.043928
0 0.638889 0.424743 0.024090 0.038437
2 0.494100 0.665473 0.168315 0.037145
4 0.133611 0.424435 0.030366 0.037952
4 0.153349 0.472481 0.070710 0.035530
4 0.226661 0.471673 0.040344 0.037145
4 0.162676 0.665069 0.087628 0.036337
4 0.162676 0.713923 0.087628 0.037145
4 0.193693 0.857254 0.153132 0.034722
4 0.193909 0.906511 0.153566 0.036337
4 0.444647 0.713923 0.071144 0.038760
4 0.129490 0.181781 0.040344 0.038760
4 0.202152 0.183396 0.104980 0.037145
4 0.444430 0.180974 0.330123 0.038760
4 0.266788 0.231442 0.314940 0.036337
4 0.573187 0.423295 0.101719 0.039762
4 0.582850 0.472525 0.120028 0.039762
4 0.537839 0.519388 0.032042 0.036922
4 0.530465 0.568617 0.016275 0.038816