0 0.037795 0.025551 0.023968 0.051102
0 0.893022 0.024597 0.026272 0.044319
0 0.930586 0.023728 0.030420 0.046057
0 0.969764 0.026335 0.033186 0.040843
0 0.914685 0.255315 0.020741 0.043450
0 0.815819 0.811037 0.031342 0.033891
0 0.874585 0.812341 0.070520 0.033022
0 0.870667 0.628114 0.117994 0.039974
0 0.870437 0.672432 0.118455 0.036498
0 0.870898 0.724572 0.120299 0.038236
0 0.041482 0.093248 0.047935 0.037367
0 0.128365 0.096724 0.110159 0.040843
0 0.287150 0.095420 0.188053 0.046926
0 0.422889 0.096724 0.071442 0.039105
0 0.506084 0.093248 0.079277 0.037367
0 0.617856 0.094986 0.124908 0.030415
0 0.757974 0.098027 0.135970 0.039974
0 0.959163 0.095420 0.057153 0.029546
0 0.619469 0.179713 0.023968 0.038236
0 0.668326 0.178844 0.022124 0.036498
0 0.870437 0.974408 0.075129 0.039105
0 0.949714 0.973539 0.074207 0.039105
2 0.858763 0.095223 0.046282 0.039314
1 0.034330 0.468711 0.010681 0.024931
1 0.033962 0.735667 0.012809 0.022685
1 0.033962 0.696151 0.012032 0.022685
1 0.034350 0.659196 0.012032 0.021954
1 0.034156 0.621143 0.011644 0.027808
1 0.033574 0.583090 0.011256 0.021954
1 0.033962 0.546501 0.012032 0.023417
1 0.033768 0.507350 0.011644 0.022685
4 0.390632 0.337322 0.327165 0.037920
4 0.582149 0.384090 0.087155 0.037077
4 0.566059 0.433385 0.054081 0.037920
4 0.583043 0.482260 0.088049 0.036234
4 0.582596 0.528606 0.087155 0.037920
4 0.582372 0.577480 0.086708 0.032864
4 0.297443 0.384090 0.143470 0.035392
4 0.286046 0.432964 0.117994 0.035392
4 0.266373 0.481417 0.078679 0.036234
4 0.242022 0.529449 0.029945 0.034549
4 0.294091 0.529449 0.038437 0.034549
4 0.270403 0.575374 0.086708 0.035392
4 0.353759 0.576638 0.047823 0.036234
4 0.278001 0.625091 0.102798 0.032021
4 0.278225 0.674808 0.103245 0.040448
4 0.242916 0.722839 0.031733 0.035392
1 0.273532 0.723682 0.013408 0.021909
4 0.641816 0.624248 0.205596 0.037077
4 0.582596 0.674386 0.087155 0.037920
4 0.581925 0.723261 0.088496 0.039605
4 0.665952 0.723682 0.049164 0.037077
5 0.500948 0.532624 0.859671 0.614751