4 0.902498 0.124698 0.170152 0.050119
0 0.042282 0.710518 0.074304 0.031783
0 0.052211 0.927713 0.093784 0.033328
0 0.066310 0.604048 0.118745 0.033787
0 0.049616 0.872530 0.089145 0.034302
0 0.049503 0.764104 0.086537 0.030631
0 0.076742 0.548946 0.142367 0.033550
0 0.048922 0.657501 0.085935 0.033452
0 0.062755 0.817452 0.110874 0.033206
0 0.108517 0.339683 0.196253 0.041891
0 0.080272 0.496994 0.147583 0.038665
0 0.081326 0.123495 0.093453 0.043094
0 0.169769 0.123047 0.087333 0.039630
0 0.107589 0.284081 0.201108 0.037748
0 0.460618 0.427873 0.027338 0.049985
0 0.108674 0.391666 0.200412 0.040391
0 0.069768 0.231699 0.123636 0.032411
0 0.040032 0.981573 0.071273 0.033605
0 0.108457 0.442941 0.200709 0.036333
0 0.257891 0.122029 0.091346 0.044040
0 0.035951 0.036144 0.019051 0.038264
2 0.178835 0.034094 0.133972 0.047830
0 0.363815 0.353191 0.228614 0.218654
0 0.951327 0.124288 0.023353 0.047830
0 0.977446 0.124288 0.021509 0.050564