1 0.040226 0.718818 0.016887 0.036263
2 0.293561 0.898407 0.318379 0.049948
1 0.039931 0.681024 0.016162 0.034335
0 0.568670 0.300718 0.022298 0.042156
0 0.154979 0.300763 0.023165 0.043914
0 0.079542 0.301147 0.022772 0.045163
0 0.383820 0.301337 0.023835 0.045784
0 0.233597 0.301754 0.022225 0.044915
0 0.536695 0.300831 0.024397 0.042693
0 0.307719 0.301571 0.020799 0.043280
0 0.595775 0.301148 0.021734 0.042606
0 0.019122 0.895010 0.024785 0.044975
1 0.039967 0.562697 0.015766 0.035649
0 0.045939 0.299919 0.025027 0.045646
1 0.040136 0.641219 0.016134 0.036573
2 0.118472 0.194359 0.164014 0.041988
0 0.206576 0.301724 0.022875 0.045015
4 0.240869 0.193637 0.083688 0.042266
0 0.181251 0.301494 0.021671 0.044169
0 0.968935 0.978039 0.062130 0.032697
0 0.622112 0.300686 0.025329 0.042725
1 0.040721 0.443283 0.017032 0.036258
0 0.019022 0.296986 0.024166 0.043541
0 0.897129 0.974965 0.072194 0.038779
0 0.106041 0.300508 0.021663 0.042864
2 0.664607 0.105627 0.041735 0.032192
1 0.040424 0.756965 0.017498 0.034915
0 0.507667 0.895182 0.023164 0.044393
0 0.407824 0.107539 0.027540 0.029005
1 0.040714 0.404652 0.016440 0.034758
4 0.205393 0.446130 0.153445 0.042577
0 0.259603 0.301073 0.022296 0.043077
0 0.362072 0.107334 0.050402 0.029164
0 0.087672 0.107569 0.158203 0.034142
0 0.977296 0.105940 0.044814 0.034095
4 0.107318 0.444605 0.043495 0.040819
0 0.485901 0.300532 0.020307 0.040261
0 0.272131 0.107485 0.115814 0.032594
4 0.403706 0.444585 0.059657 0.040200
1 0.039994 0.521735 0.017446 0.036444
0 0.486369 0.107829 0.115764 0.032875
1 0.040168 0.483030 0.017201 0.036316
4 0.106664 0.679706 0.044028 0.038565
1 0.040142 0.601425 0.015867 0.033162
0 0.189046 0.107892 0.033594 0.028572
0 0.770007 0.300787 0.021953 0.042529
4 0.205365 0.485732 0.151194 0.043134
4 0.309108 0.444988 0.062950 0.040672
4 0.067250 0.757638 0.037915 0.039544
0 0.483780 0.895106 0.024774 0.044190
4 0.205682 0.405853 0.151489 0.045154
4 0.203552 0.759810 0.155204 0.045820
2 0.593104 0.107308 0.085171 0.031693
4 0.205713 0.641705 0.151726 0.044062
4 0.204756 0.719598 0.151825 0.043648
4 0.067663 0.718400 0.038166 0.040503
4 0.204486 0.681236 0.155060 0.040647
0 0.699209 0.300986 0.110175 0.043097
4 0.107118 0.404799 0.043979 0.042002
4 0.067201 0.444045 0.038035 0.040391
4 0.106908 0.484440 0.044533 0.041083
4 0.308869 0.484166 0.061698 0.041006
4 0.106841 0.641016 0.044006 0.041688
4 0.106459 0.718420 0.043648 0.041704
4 0.106625 0.756569 0.043014 0.038232
4 0.357043 0.405070 0.035385 0.040847
4 0.107060 0.601894 0.043334 0.039004
4 0.658522 0.445250 0.089619 0.040502
4 0.066727 0.679978 0.037789 0.037926
4 0.403305 0.405053 0.058629 0.041786
4 0.067190 0.483756 0.038918 0.038665
4 0.739064 0.444884 0.075599 0.040206
4 0.796683 0.444056 0.042002 0.039452
4 0.309697 0.603129 0.060042 0.039573
4 0.309205 0.757649 0.061027 0.040807
4 0.204726 0.603241 0.155001 0.040805
0 0.935115 0.107128 0.019585 0.031391
4 0.309777 0.642441 0.061613 0.037662
4 0.205351 0.563792 0.151629 0.044309
4 0.310268 0.719337 0.061496 0.041649
4 0.309743 0.680699 0.060815 0.039167
4 0.403436 0.484519 0.059980 0.040456
4 0.066996 0.404419 0.036809 0.040873
4 0.107266 0.523081 0.043399 0.041878
4 0.204686 0.525145 0.154718 0.040531
0 0.019418 0.245622 0.023746 0.043567
4 0.067391 0.641059 0.038428 0.039882
4 0.493673 0.719132 0.082112 0.043039
4 0.492996 0.445340 0.084041 0.042368
4 0.658226 0.405720 0.088739 0.042073
4 0.309553 0.563397 0.060331 0.043364
1 0.326856 0.193403 0.013974 0.036416
4 0.308719 0.523835 0.061998 0.042368
4 0.067113 0.523089 0.038096 0.041618
4 0.106885 0.562463 0.043761 0.041744
4 0.796433 0.405731 0.042065 0.040000
4 0.493417 0.641650 0.083487 0.042736
4 0.067814 0.562194 0.037607 0.039414
4 0.403972 0.640723 0.059487 0.041122
4 0.739219 0.405403 0.074912 0.040903
4 0.403923 0.602671 0.059219 0.038276
4 0.403091 0.522672 0.061022 0.040964
4 0.658408 0.485684 0.091295 0.038119
4 0.835715 0.759979 0.036265 0.045482
4 0.796508 0.484388 0.041990 0.039250
4 0.796506 0.759671 0.041313 0.044315
4 0.492854 0.484931 0.082019 0.042067
4 0.067334 0.602007 0.036646 0.038048
4 0.403585 0.679491 0.058474 0.039450
4 0.442656 0.443980 0.020709 0.038395
4 0.403769 0.760011 0.059817 0.044230
4 0.740097 0.486042 0.076739 0.038663
4 0.796675 0.522663 0.041586 0.039791
4 0.403958 0.562038 0.059521 0.041742
4 0.309700 0.405789 0.058935 0.039920
4 0.887592 0.444876 0.071317 0.039613
4 0.739557 0.760421 0.076136 0.046380
4 0.836078 0.444331 0.037896 0.040353
4 0.796437 0.640695 0.041550 0.039393
4 0.491935 0.405823 0.085588 0.042883
0 0.058035 0.036083 0.028534 0.036429
4 0.796679 0.679081 0.041569 0.038335
4 0.796693 0.601739 0.041168 0.038528
2 0.124241 0.300821 0.017296 0.041000
2 0.276877 0.303049 0.017296 0.045457
2 0.326602 0.301267 0.018161 0.041891
2 0.416541 0.300821 0.033727 0.041000
2 0.453727 0.302158 0.032862 0.045457
2 0.503884 0.302158 0.018161 0.043674
4 0.443256 0.524316 0.020857 0.040249
4 0.442196 0.406441 0.021620 0.040109
4 0.442628 0.486213 0.020755 0.042783
4 0.442845 0.563756 0.021187 0.042783
4 0.442628 0.603865 0.019025 0.041000
4 0.403280 0.720626 0.059671 0.041000
4 0.442196 0.643974 0.021620 0.042783
4 0.443061 0.682300 0.020755 0.041000
4 0.442845 0.722408 0.019458 0.041000
4 0.442412 0.761180 0.019458 0.040109
4 0.357014 0.445807 0.036321 0.044565
4 0.356366 0.485024 0.035024 0.041000
4 0.356798 0.525579 0.035024 0.041891
4 0.356798 0.564350 0.036754 0.039217
4 0.356798 0.603568 0.035889 0.039217
4 0.356366 0.643231 0.035889 0.041891
4 0.356582 0.683340 0.035456 0.040109
4 0.356798 0.722557 0.036754 0.040109
4 0.356366 0.760437 0.035024 0.042783
4 0.493291 0.526916 0.081723 0.039217
4 0.573716 0.527361 0.080858 0.041891
4 0.574076 0.407481 0.083020 0.039217
4 0.573428 0.446252 0.081723 0.043674
4 0.493002 0.565242 0.082587 0.042783
4 0.493435 0.603568 0.081723 0.042783
4 0.492786 0.682003 0.081290 0.042783
4 0.492570 0.762666 0.080858 0.043674
4 0.573932 0.565242 0.082155 0.042783
4 0.573284 0.603568 0.082587 0.042783
4 0.573932 0.642785 0.082155 0.044565
4 0.574149 0.682003 0.083452 0.042783
4 0.573068 0.721666 0.082155 0.040109
4 0.573500 0.760883 0.082155 0.041891
4 0.573212 0.485024 0.082155 0.041000
4 0.834955 0.407112 0.037618 0.042783
4 0.889437 0.405775 0.070048 0.037435
4 0.835531 0.484133 0.037186 0.046348
4 0.889148 0.484579 0.069183 0.045457
4 0.887851 0.525579 0.070913 0.038326
4 0.796183 0.563905 0.044104 0.040109
4 0.834667 0.526916 0.037186 0.041000
4 0.835748 0.565242 0.036754 0.044565
4 0.888067 0.564796 0.070480 0.043674
4 0.888284 0.604013 0.070913 0.043674
4 0.834667 0.603122 0.038051 0.040109
4 0.835964 0.643676 0.037186 0.044565
4 0.836180 0.682894 0.035889 0.041000
4 0.796832 0.719437 0.043672 0.042783
4 0.835964 0.721666 0.035456 0.040109
4 0.888284 0.642339 0.069183 0.043674
4 0.889148 0.683785 0.070048 0.042783
4 0.888067 0.721666 0.070480 0.041891
4 0.889148 0.759546 0.070913 0.041000
4 0.658321 0.526024 0.090371 0.042783
4 0.738963 0.526024 0.075237 0.044565
4 0.657889 0.564796 0.090371 0.041891
4 0.739396 0.565242 0.073507 0.044565
4 0.657673 0.604905 0.088209 0.040109
4 0.739179 0.604013 0.074804 0.043674
4 0.657240 0.642339 0.089073 0.043674
4 0.738963 0.644122 0.074372 0.040109
4 0.739612 0.683785 0.074804 0.039217
4 0.657889 0.682448 0.087776 0.038326
4 0.658105 0.721666 0.089073 0.040109
4 0.738963 0.721666 0.074372 0.040109
4 0.658321 0.760437 0.089506 0.042783