4 0.399141 0.634326 0.093402 0.042871
4 0.376848 0.582518 0.047072 0.045039
4 0.377310 0.796533 0.049304 0.044813
4 0.379754 0.688923 0.054888 0.043594
4 0.376638 0.475636 0.047924 0.043835
4 0.406496 0.368678 0.108688 0.041879
0 0.129919 0.195987 0.023317 0.048288
4 0.370292 0.739887 0.032679 0.046528
0 0.099039 0.196031 0.020262 0.047744
0 0.051138 0.194094 0.022095 0.049877
0 0.030622 0.194634 0.019412 0.047531
0 0.079152 0.195488 0.019796 0.048616
4 0.376378 0.422288 0.047769 0.049419
0 0.421528 0.974634 0.020729 0.037240
4 0.365983 0.528541 0.028431 0.048622
0 0.977756 0.111737 0.044488 0.034896
0 0.270124 0.974819 0.021693 0.038185
0 0.397638 0.975467 0.021122 0.037424
0 0.008680 0.193870 0.017359 0.044859
0 0.553910 0.113021 0.108429 0.035771
2 0.729658 0.110856 0.039191 0.033313
0 0.595333 0.633525 0.168745 0.036158
0 0.592833 0.687227 0.156986 0.039892
0 0.375439 0.974977 0.023323 0.036203
0 0.593075 0.952326 0.170027 0.035727
0 0.293229 0.974527 0.020957 0.037467
0 0.191714 0.113781 0.154673 0.033192
0 0.247026 0.974832 0.020964 0.036528
0 0.566167 0.791638 0.105995 0.028609
0 0.612515 0.578887 0.197312 0.040957
0 0.608327 0.843702 0.195563 0.038464
0 0.604089 0.899036 0.179714 0.035443
0 0.068726 0.039848 0.025748 0.033920
0 0.327120 0.110832 0.096549 0.034368
2 0.660402 0.111652 0.083019 0.034918
0 0.617677 0.524954 0.209523 0.042419
0 0.437018 0.112349 0.108578 0.034105
0 0.063016 0.110812 0.084008 0.034925
0 0.801147 0.318105 0.025781 0.026136
0 0.605861 0.475063 0.184764 0.040472
0 0.610260 0.422449 0.196495 0.029140
0 0.825818 0.228993 0.020529 0.030759
0 0.591672 0.739044 0.166780 0.043839
0 0.218970 0.323825 0.012480 0.032566
0 0.325335 0.316936 0.193442 0.041334
0 0.537497 0.319441 0.195711 0.038829
5 0.511062 0.571646 0.659292 0.749022