4 0.238346 0.185437 0.084799 0.042216
0 0.531766 0.293820 0.021958 0.044885
0 0.891489 0.974068 0.072961 0.041104
0 0.380532 0.293276 0.023762 0.047535
0 0.347605 0.294011 0.023972 0.047718
0 0.077122 0.292864 0.022204 0.046466
0 0.617738 0.293207 0.023488 0.045895
0 0.016185 0.893305 0.025242 0.047631
0 0.591489 0.292865 0.022283 0.045923
0 0.179012 0.293703 0.022222 0.045205
2 0.121103 0.294284 0.019267 0.044896
0 0.152338 0.293697 0.023297 0.045809
0 0.564977 0.292796 0.024311 0.046295
0 0.480415 0.894710 0.022665 0.042559
0 0.973918 0.097417 0.049655 0.034551
2 0.115684 0.186236 0.161865 0.046068
0 0.504653 0.894123 0.023225 0.041878
0 0.204798 0.293721 0.023728 0.045939
0 0.256413 0.294061 0.020637 0.048248
0 0.230592 0.292506 0.022357 0.047372
0 0.043988 0.291946 0.023315 0.046167
0 0.102628 0.294024 0.021614 0.045054
4 0.213453 0.438734 0.082939 0.042530
0 0.305348 0.293559 0.022861 0.046522
0 0.764855 0.293064 0.023927 0.047762
4 0.212987 0.399166 0.082507 0.042714
0 0.966436 0.976916 0.065001 0.034814
4 0.212706 0.756367 0.083901 0.042104
4 0.104836 0.399981 0.045057 0.041208
4 0.212642 0.677239 0.083671 0.040935
0 0.930966 0.097830 0.017429 0.034426
4 0.104894 0.438240 0.045119 0.041694
4 0.334750 0.439383 0.168232 0.043388
0 0.483040 0.294373 0.021652 0.041916
2 0.660332 0.097381 0.038095 0.031627
4 0.104715 0.676915 0.046160 0.041641
0 0.085910 0.099511 0.158939 0.035296
0 0.358253 0.097461 0.047903 0.031982
4 0.155962 0.676454 0.035574 0.041129
4 0.334859 0.400050 0.170180 0.044408
4 0.214521 0.598865 0.085350 0.041397
4 0.104811 0.478421 0.045118 0.039878
4 0.156110 0.752960 0.035143 0.038087
4 0.155633 0.598247 0.034905 0.042325
0 0.268839 0.098623 0.114512 0.033660
1 0.038587 0.597645 0.017725 0.036741
0 0.404268 0.097521 0.023645 0.031098
0 0.694688 0.294019 0.110291 0.047705
4 0.335271 0.678981 0.168130 0.042934
4 0.212797 0.478638 0.084226 0.039987
4 0.155651 0.715346 0.035390 0.038145
4 0.065550 0.752730 0.034619 0.034343
4 0.213613 0.637611 0.084455 0.041446
4 0.104427 0.638394 0.045975 0.039159
4 0.214378 0.715896 0.085871 0.039270
4 0.874811 0.400298 0.073757 0.039711
4 0.104824 0.716211 0.045806 0.039545
4 0.334461 0.479356 0.168261 0.041618
1 0.038314 0.637987 0.017880 0.035814
0 0.511277 0.185251 0.024062 0.042932
1 0.038535 0.751628 0.017741 0.032916
4 0.493290 0.400264 0.035405 0.038674
4 0.155513 0.637596 0.035620 0.038087
4 0.539148 0.755370 0.059364 0.039956
4 0.334739 0.517148 0.167000 0.044246
4 0.335841 0.599053 0.168029 0.042792
4 0.065014 0.400267 0.035527 0.038751
2 0.289660 0.892055 0.316422 0.045993
4 0.065059 0.715852 0.035669 0.038025
1 0.038368 0.715195 0.017969 0.034772
0 0.187378 0.097579 0.031577 0.030830
4 0.155943 0.437935 0.033557 0.041439
4 0.065046 0.676403 0.034355 0.038385
1 0.038245 0.676025 0.017678 0.035389
0 0.016600 0.287605 0.022137 0.044667
4 0.446222 0.400417 0.058798 0.040059
4 0.874007 0.438782 0.071919 0.040602
4 0.104876 0.598675 0.045736 0.042695
4 0.335690 0.757139 0.168281 0.045624
4 0.213705 0.516939 0.084097 0.041799
4 0.105033 0.515807 0.045118 0.041409
4 0.155698 0.478458 0.034609 0.040041
4 0.065184 0.438697 0.035457 0.039296
4 0.538853 0.399788 0.058126 0.040331
0 0.482552 0.099939 0.115142 0.034677
1 0.038546 0.557787 0.017986 0.035230
4 0.629753 0.400123 0.084276 0.040661
4 0.065440 0.478467 0.034749 0.039248
4 0.493706 0.438213 0.036105 0.040284
4 0.065177 0.515508 0.034813 0.037721
2 0.695185 0.293028 0.112183 0.049253
4 0.155700 0.514957 0.035567 0.040125
4 0.065169 0.598729 0.032656 0.039202
4 0.155184 0.400217 0.034778 0.039980
4 0.492994 0.754935 0.034782 0.040311
4 0.794246 0.399500 0.091567 0.041629
4 0.335408 0.637401 0.168048 0.039357
4 0.064429 0.637524 0.034173 0.036944
4 0.334661 0.716194 0.163996 0.040154
4 0.493813 0.676722 0.035662 0.040508
4 0.493405 0.478046 0.035448 0.037604
4 0.447035 0.438289 0.060306 0.040226
4 0.155246 0.557460 0.034745 0.041635
4 0.875393 0.598470 0.073450 0.039925
4 0.794477 0.439111 0.091105 0.040845
4 0.214524 0.558128 0.085942 0.042170
4 0.875156 0.478978 0.073974 0.038019
4 0.493367 0.715128 0.035429 0.037354
4 0.875212 0.756295 0.074352 0.042618
4 0.539434 0.677053 0.058212 0.039873
4 0.874544 0.638102 0.071304 0.038311
4 0.629209 0.638330 0.082388 0.039204
4 0.538771 0.716047 0.058906 0.038426
4 0.874455 0.676893 0.072679 0.039621
1 0.038303 0.439232 0.017598 0.035504
4 0.873865 0.516868 0.071216 0.040376
4 0.629196 0.439113 0.082415 0.041158
4 0.539209 0.438786 0.058407 0.040677
4 0.875211 0.716752 0.073472 0.037759
4 0.447274 0.755209 0.059176 0.040948
4 0.038480 0.515749 0.018136 0.034947
4 0.538266 0.638846 0.058325 0.038302
4 0.538766 0.478402 0.058799 0.038877
4 0.493725 0.598710 0.035107 0.041356
4 0.038462 0.478250 0.018015 0.035354
0 0.016873 0.237969 0.021202 0.041389
4 0.539365 0.598827 0.058227 0.041039
4 0.493565 0.516017 0.035823 0.039748
4 0.104934 0.755498 0.044996 0.043442
4 0.629000 0.478095 0.082807 0.040864
1 0.038955 0.476912 0.018372 0.033979
4 0.447005 0.676962 0.058720 0.040693
4 0.577952 0.400522 0.021279 0.035301
1 0.037976 0.516246 0.017703 0.034406
4 0.793209 0.599133 0.093641 0.040844
4 0.629669 0.599050 0.082461 0.040966
4 0.104910 0.557977 0.045724 0.042398
4 0.710093 0.401666 0.080095 0.038207
4 0.446373 0.715635 0.057946 0.038266
4 0.577850 0.438561 0.021786 0.038767
4 0.493376 0.637612 0.035749 0.037401
4 0.446768 0.598869 0.058299 0.040667
1 0.038134 0.401977 0.017538 0.036521
4 0.447375 0.478442 0.059022 0.038745
4 0.710319 0.439564 0.079530 0.041309
4 0.336133 0.558885 0.165614 0.043918
4 0.794399 0.677018 0.091261 0.040353
4 0.578041 0.478291 0.021737 0.035791
4 0.578250 0.677235 0.021355 0.039375
4 0.628961 0.677260 0.082884 0.040974
4 0.578000 0.715849 0.021612 0.035642
4 0.065598 0.556669 0.035904 0.046784
4 0.793865 0.479154 0.092328 0.039270
4 0.709738 0.599142 0.078939 0.040483
4 0.578141 0.598807 0.020989 0.040278
2 0.591255 0.096030 0.084317 0.031394
1 0.323487 0.186757 0.016319 0.028296
2 0.275708 0.293529 0.016863 0.046406
2 0.324122 0.294095 0.015775 0.045274
2 0.413516 0.292963 0.033183 0.047538
2 0.451867 0.293529 0.033727 0.046406
2 0.501097 0.294661 0.014687 0.041879
4 0.448219 0.639654 0.060226 0.043442
4 0.447707 0.558994 0.058526 0.044376
4 0.447955 0.517715 0.059022 0.044376
4 0.494081 0.559510 0.035215 0.043344
4 0.539712 0.518231 0.058030 0.043344
4 0.540456 0.557962 0.057534 0.044376
4 0.578398 0.518747 0.023311 0.042312
4 0.579142 0.557962 0.019839 0.040248
4 0.578150 0.638974 0.021823 0.041280
4 0.578398 0.755416 0.021327 0.044376
4 0.629237 0.756448 0.080349 0.044376
4 0.629237 0.715169 0.082333 0.042312
4 0.629237 0.518747 0.082333 0.044376
4 0.628741 0.557446 0.081341 0.043344
4 0.709834 0.479531 0.080845 0.044376
4 0.709586 0.520295 0.082333 0.043344
4 0.792911 0.520811 0.090269 0.044376
4 0.710578 0.560542 0.081341 0.043344
4 0.710082 0.756964 0.081341 0.039216
4 0.709834 0.716717 0.081837 0.045408
4 0.708842 0.637770 0.080845 0.042312
4 0.709090 0.677501 0.083325 0.039216
4 0.794647 0.755932 0.088781 0.045408
4 0.794151 0.716717 0.088781 0.041280
4 0.794151 0.638802 0.090765 0.042312
4 0.793241 0.560026 0.090269 0.044376
4 0.874583 0.556414 0.074397 0.043344