0 0.534811 0.297867 0.024343 0.045991
4 0.239791 0.191107 0.083286 0.043379
4 0.193226 0.793748 0.085718 0.040704
0 0.567623 0.297204 0.022495 0.044915
0 0.045843 0.295420 0.025144 0.047344
0 0.593462 0.297867 0.022570 0.044954
4 0.217394 0.845836 0.132699 0.042474
0 0.503680 0.298214 0.019179 0.044267
4 0.193077 0.894934 0.085668 0.040205
0 0.206577 0.298231 0.022811 0.044952
0 0.382803 0.298471 0.024541 0.047342
0 0.231921 0.297976 0.022251 0.045068
0 0.078916 0.296996 0.022936 0.046659
0 0.968789 0.976363 0.062422 0.037312
0 0.619907 0.297414 0.023461 0.045498
0 0.894620 0.976234 0.071283 0.037506
0 0.122156 0.296966 0.019455 0.045028
0 0.257551 0.297023 0.020787 0.046837
0 0.104478 0.297426 0.020058 0.043479
0 0.350341 0.298802 0.023828 0.046148
1 0.039820 0.442519 0.018981 0.035456
0 0.414782 0.297142 0.033309 0.045660
4 0.352379 0.744841 0.051034 0.045195
4 0.214276 0.443926 0.083262 0.040766
0 0.180558 0.297785 0.021923 0.045906
0 0.154224 0.297403 0.025061 0.047573
0 0.454366 0.297114 0.036376 0.045745
4 0.208363 0.743779 0.117619 0.041106
0 0.315501 0.297695 0.039466 0.046433
0 0.513533 0.188498 0.025094 0.046927
2 0.117644 0.189757 0.158619 0.047122
2 0.292773 0.643296 0.314159 0.042406
0 0.484561 0.298051 0.021634 0.043026
0 0.276775 0.297472 0.018480 0.046421
4 0.106425 0.481974 0.043685 0.038329
4 0.542119 0.443870 0.057832 0.040039
1 0.039774 0.482226 0.019407 0.035352
2 0.315822 0.297962 0.038259 0.047005
4 0.289205 0.742732 0.050455 0.043637
0 0.696744 0.297841 0.109878 0.045952
0 0.506174 0.641568 0.022924 0.042782
0 0.085985 0.104550 0.158682 0.033255
0 0.018032 0.642081 0.024565 0.046536
4 0.106483 0.443231 0.043474 0.042495
4 0.106449 0.520307 0.044005 0.040751
2 0.761962 0.101805 0.038804 0.031813
0 0.188193 0.100332 0.029928 0.029935
4 0.795773 0.443580 0.089601 0.041662
4 0.158055 0.481949 0.035462 0.038078
4 0.712272 0.444060 0.082620 0.040659
1 0.040002 0.519059 0.019523 0.034978
4 0.338513 0.444550 0.170153 0.041029
0 0.270065 0.102740 0.114359 0.031406
0 0.481884 0.642426 0.023146 0.040825
0 0.018029 0.291365 0.022962 0.046325
0 0.975313 0.101046 0.048244 0.032854
4 0.542019 0.481911 0.058106 0.037412
4 0.875607 0.481764 0.073497 0.038400
0 0.438361 0.100784 0.088539 0.032057
0 0.359667 0.100558 0.048505 0.031318
4 0.214099 0.522428 0.083621 0.042970
0 0.933805 0.101028 0.017396 0.034185
4 0.214898 0.481625 0.083250 0.037852
4 0.158290 0.443384 0.036336 0.040813
4 0.067464 0.520909 0.035397 0.040408
0 0.768268 0.297644 0.022284 0.045218
1 0.039935 0.403970 0.019072 0.036262
0 0.583625 0.102761 0.114336 0.032818
0 0.493319 0.297753 0.037780 0.046356
4 0.542290 0.520559 0.058421 0.041371
2 0.691965 0.101326 0.085866 0.033944
4 0.620815 0.443848 0.101928 0.041211
4 0.338253 0.524480 0.169757 0.046019
4 0.337047 0.481789 0.170746 0.039314
0 0.018099 0.239811 0.022208 0.041032
4 0.448828 0.443412 0.057887 0.040068
4 0.495058 0.443846 0.037576 0.040190
4 0.495811 0.481540 0.038234 0.036936
4 0.621265 0.482162 0.101700 0.039940
4 0.067546 0.482291 0.035245 0.037484
4 0.874620 0.520572 0.072711 0.038904
4 0.796423 0.522079 0.089550 0.038701
4 0.158090 0.520768 0.035295 0.042992
4 0.713023 0.482443 0.084233 0.037864
4 0.066325 0.443875 0.035547 0.040261
4 0.448927 0.481439 0.058118 0.037620
4 0.875482 0.443776 0.072706 0.039622
4 0.495675 0.519388 0.037387 0.040676
4 0.621559 0.522926 0.100199 0.041740
4 0.795284 0.482872 0.090090 0.038964
1 0.039782 0.451682 0.019755 0.032917
4 0.711524 0.520752 0.082588 0.040572
4 0.448548 0.520372 0.057964 0.041981
0 0.504966 0.100648 0.026102 0.030597
0 0.288465 0.697988 0.054289 0.033998
1 0.324714 0.189606 0.011523 0.020967