2 0.119513 0.188744 0.164085 0.045181
0 0.019524 0.747085 0.023736 0.043238
0 0.894679 0.976221 0.071864 0.041221
4 0.656925 0.365918 0.667095 0.201648
4 0.757761 0.189241 0.085689 0.045996
2 0.389007 0.493052 0.125461 0.045222
0 0.390282 0.101840 0.050642 0.030308
1 0.062727 0.846564 0.019395 0.032826
0 0.190208 0.102284 0.029899 0.027397
1 0.042588 0.883578 0.017861 0.033173
1 0.041981 0.846553 0.017360 0.031888
0 0.676362 0.103143 0.052093 0.032509
0 0.935325 0.102020 0.017688 0.035597
0 0.256491 0.101624 0.087261 0.032123
0 0.019629 0.240443 0.023610 0.042285
1 0.062683 0.884707 0.019642 0.036778
0 0.969291 0.979001 0.061011 0.033423
4 0.242647 0.188585 0.083318 0.043583
0 0.467551 0.102288 0.089185 0.031534
0 0.331614 0.101130 0.051041 0.029747
0 0.581524 0.103555 0.122283 0.033752
0 0.086811 0.102655 0.157834 0.037081
4 0.516315 0.190413 0.214211 0.049603
2 0.764764 0.100624 0.039282 0.032874
4 0.726820 0.846632 0.094240 0.044258
0 0.723755 0.101654 0.024848 0.033032
0 0.975772 0.102843 0.047950 0.033305
0 0.908436 0.101257 0.017785 0.036549
4 0.624365 0.886761 0.113260 0.046252
4 0.891752 0.844833 0.118503 0.044016
4 0.725955 0.886666 0.094187 0.043252
4 0.221280 0.882773 0.079695 0.041467
1 0.042365 0.911669 0.018636 0.025789
4 0.221559 0.915452 0.080065 0.023890
4 0.802772 0.886720 0.061739 0.046334
4 0.803219 0.844190 0.060855 0.041336
4 0.891205 0.883571 0.118044 0.046252
0 0.023650 0.026378 0.020852 0.038096
0 0.019581 0.187758 0.021870 0.045504
0 0.094853 0.237495 0.091039 0.032805
0 0.184874 0.238024 0.055437 0.029631
0 0.247686 0.239082 0.039670 0.029631
0 0.309989 0.241199 0.047299 0.035980
0 0.386024 0.241199 0.079341 0.035980
0 0.476299 0.241199 0.064592 0.031747
0 0.585139 0.242257 0.126640 0.035980
0 0.736446 0.240141 0.134269 0.029631
0 0.839945 0.238553 0.039162 0.030689
0 0.908860 0.242786 0.084427 0.032805
0 0.980623 0.241199 0.038754 0.033863