0 0.019695 0.745570 0.024093 0.044490
1 0.062459 0.845521 0.018772 0.035336
1 0.040905 0.883241 0.014451 0.027373
2 0.118122 0.187641 0.160671 0.042879
0 0.080801 0.294145 0.024821 0.049360
0 0.493565 0.293952 0.023540 0.044938
0 0.895148 0.974270 0.072004 0.039449
0 0.342528 0.294014 0.023263 0.046049
2 0.463190 0.294105 0.021133 0.047763
1 0.062279 0.885063 0.019133 0.041409
0 0.019988 0.238076 0.024561 0.041379
1 0.041016 0.847154 0.015283 0.029823
0 0.520019 0.294789 0.023482 0.044272
0 0.969632 0.976292 0.060269 0.030631
0 0.467575 0.098771 0.090002 0.031237
0 0.310373 0.294651 0.024085 0.045877
0 0.257086 0.098803 0.088994 0.031613
4 0.402916 0.401541 0.098233 0.042778
0 0.935058 0.098244 0.016143 0.033554
2 0.765642 0.097691 0.037819 0.031890
0 0.389742 0.098267 0.051283 0.030160
0 0.332563 0.097985 0.048514 0.032105
0 0.113969 0.294116 0.023631 0.046080
0 0.909402 0.097935 0.016541 0.034461
0 0.086743 0.099493 0.157194 0.035375
0 0.581987 0.100800 0.121546 0.034204
0 0.165711 0.296385 0.023372 0.044440
0 0.677307 0.099710 0.051564 0.030878
0 0.191833 0.294434 0.022463 0.045303
0 0.444065 0.294838 0.019468 0.045765
4 0.727211 0.844615 0.094194 0.045540
0 0.048132 0.294662 0.023586 0.045379
0 0.811308 0.186807 0.024523 0.045406
0 0.265170 0.294853 0.019817 0.043018
2 0.284898 0.295860 0.018711 0.043726
4 0.218809 0.400364 0.050424 0.044063
0 0.190301 0.098083 0.030781 0.032196
2 0.413222 0.294817 0.035425 0.045772
2 0.236655 0.294220 0.019518 0.047123
0 0.216935 0.294296 0.021638 0.046102
0 0.139936 0.295204 0.022433 0.045467
1 0.041606 0.400532 0.017324 0.035880
4 0.757771 0.186545 0.086748 0.046489
0 0.724962 0.098965 0.026092 0.031487
4 0.240473 0.186206 0.086476 0.043911
2 0.374254 0.293892 0.033234 0.047182
4 0.299987 0.401075 0.112348 0.041355
0 0.974488 0.098882 0.049085 0.032058
4 0.624737 0.885966 0.112756 0.044719
4 0.726569 0.886421 0.095845 0.043809
4 0.220804 0.884906 0.080592 0.043919
4 0.892146 0.844869 0.118150 0.042420
4 0.472868 0.884841 0.030116 0.044367
1 0.062345 0.915644 0.019658 0.021948
4 0.096350 0.881604 0.044793 0.038261
4 0.520268 0.186122 0.214688 0.049860
0 0.020089 0.187677 0.025558 0.046000
1 0.173632 0.403783 0.014674 0.033604
4 0.892199 0.882424 0.119293 0.041387
4 0.220829 0.843104 0.080017 0.040589
4 0.096377 0.843896 0.043685 0.037939
4 0.094853 0.912089 0.045044 0.025080
4 0.804135 0.884914 0.060583 0.046822
0 0.079341 0.238608 0.053911 0.030714
0 0.145967 0.238608 0.048825 0.026478