4 0.195700 0.265144 0.093895 0.039445
4 0.164162 0.219005 0.027549 0.038294
0 0.313534 0.310598 0.133207 0.043293
0 0.447447 0.173741 0.020828 0.042211
0 0.469545 0.173737 0.022358 0.042134
0 0.976256 0.093657 0.047430 0.036117
0 0.426360 0.173306 0.020798 0.041262
0 0.050375 0.403278 0.054937 0.038659
0 0.043151 0.094036 0.082101 0.029605
0 0.383834 0.173881 0.020924 0.041361
0 0.405808 0.173964 0.019782 0.041872
0 0.134795 0.094703 0.088801 0.029717
2 0.204905 0.093849 0.038254 0.029308
0 0.291705 0.176344 0.015524 0.036559
4 0.233556 0.221780 0.097076 0.034228
4 0.217680 0.176255 0.136239 0.038075
4 0.189599 0.309796 0.075649 0.032787
0 0.118232 0.401889 0.050909 0.035680
0 0.175326 0.399960 0.044248 0.037609
0 0.226948 0.398514 0.032353 0.032787