4 0.199059 0.494637 0.034478 0.038771
4 0.199600 0.628166 0.032558 0.041107
4 0.233412 0.289864 0.128972 0.037326
4 0.198630 0.448889 0.033820 0.038132
4 0.726855 0.495747 0.034408 0.039044
4 0.728995 0.541611 0.036499 0.039604
4 0.727359 0.449079 0.033197 0.037117
4 0.773265 0.880069 0.162196 0.041274
2 0.390934 0.086615 0.098192 0.031453
4 0.709753 0.740318 0.032278 0.039961
2 0.978185 0.087402 0.034278 0.037094
4 0.187270 0.740815 0.033820 0.043317
0 0.044091 0.086064 0.088182 0.032049
0 0.255358 0.403949 0.015479 0.034129
0 0.968357 0.978737 0.062936 0.032429
2 0.262402 0.086350 0.134435 0.032769
0 0.012863 0.843719 0.025643 0.041321
4 0.221992 0.402793 0.079778 0.042186
0 0.041836 0.845232 0.029395 0.037632
2 0.332128 0.544453 0.300457 0.042473
0 0.074005 0.841353 0.030333 0.041120
0 0.006867 0.981208 0.013552 0.033070
4 0.277406 0.926367 0.032992 0.041949
0 0.142942 0.085204 0.080141 0.032318
0 0.243500 0.742472 0.016357 0.035400
4 0.318987 0.879789 0.049925 0.042174
4 0.278255 0.883669 0.032362 0.037096
0 0.247356 0.842146 0.017331 0.037022
0 0.334421 0.879935 0.018323 0.039482
4 0.230283 0.741735 0.047199 0.039719
1 0.175788 0.788997 0.013797 0.027719
0 0.026221 0.222370 0.042609 0.039509
0 0.124276 0.222370 0.127281 0.039509