0 0.961520 0.965073 0.072506 0.044189
2 0.325873 0.099693 0.107981 0.036104
2 0.969805 0.097592 0.034799 0.039797
0 0.015580 0.964585 0.029756 0.041393
4 0.843531 0.600706 0.081730 0.041430
4 0.934180 0.600410 0.105831 0.043639
4 0.843819 0.480656 0.082068 0.044336
4 0.179694 0.482354 0.193884 0.046039
2 0.185704 0.099051 0.144052 0.035789
4 0.052733 0.600269 0.062640 0.040466
4 0.177805 0.600772 0.192876 0.044353
4 0.843831 0.642570 0.082117 0.045126
3 0.011465 0.561279 0.017249 0.035673
0 0.053546 0.098368 0.086699 0.035830
4 0.935884 0.481103 0.105815 0.046832
0 0.983345 0.375602 0.018560 0.041551
4 0.843566 0.520611 0.082107 0.041237
0 0.092896 0.375319 0.022466 0.047016
4 0.179346 0.524696 0.194468 0.049000
4 0.052169 0.559885 0.063504 0.040027
4 0.934417 0.520724 0.106765 0.043441
4 0.346047 0.482695 0.145202 0.042828
4 0.052149 0.480037 0.064372 0.042500
4 0.052415 0.643078 0.064604 0.043241
4 0.778570 0.479876 0.053895 0.042648
4 0.935964 0.644644 0.105720 0.049060
4 0.412776 0.865330 0.436985 0.164908
4 0.346283 0.641767 0.145350 0.042257
4 0.843469 0.560909 0.082201 0.042007
3 0.011618 0.520042 0.017423 0.035084
4 0.778160 0.641778 0.052389 0.042813
4 0.177301 0.561135 0.193382 0.042837
4 0.052502 0.520338 0.063060 0.040031
4 0.346178 0.600636 0.141797 0.043898
4 0.778774 0.600299 0.053968 0.040684
3 0.011534 0.599078 0.017180 0.034566
4 0.179672 0.642487 0.192884 0.046451
2 0.488746 0.481301 0.146993 0.043844
4 0.661599 0.600716 0.083550 0.041216
4 0.346882 0.524454 0.145511 0.047436
4 0.727140 0.479696 0.051891 0.042161
4 0.727552 0.642092 0.051704 0.041540
4 0.778674 0.520235 0.054137 0.040952
4 0.661561 0.642453 0.082688 0.041120
3 0.011447 0.639822 0.018077 0.041053
4 0.361391 0.377043 0.548470 0.067897
4 0.727747 0.600306 0.051318 0.041383
4 0.934275 0.560482 0.106424 0.042628
4 0.590536 0.600383 0.061402 0.041013
0 0.184553 0.101012 0.138112 0.038133
2 0.488737 0.518894 0.146469 0.038338
4 0.778614 0.560756 0.054604 0.041267
0 0.066542 0.022064 0.033657 0.038369
4 0.591422 0.642803 0.059786 0.041457
4 0.661780 0.479808 0.083974 0.043091
4 0.661442 0.520487 0.083893 0.041614
4 0.726888 0.520092 0.052069 0.042343
0 0.077030 0.706576 0.105299 0.047466
4 0.345778 0.561806 0.143192 0.042843
4 0.364770 0.306315 0.588882 0.081680
4 0.590475 0.520070 0.061815 0.041353
0 0.990174 0.375350 0.013251 0.041693
4 0.590578 0.479968 0.061699 0.041446
0 0.039485 0.375265 0.069615 0.046999
3 0.012701 0.481724 0.017207 0.039306
2 0.489389 0.558589 0.142167 0.041053
2 0.488160 0.601389 0.142167 0.041053
2 0.488979 0.641568 0.142986 0.039306
0 0.185383 0.703722 0.083918 0.045541
0 0.304903 0.703722 0.136812 0.047709
0 0.412216 0.703722 0.050351 0.052047
0 0.474011 0.704264 0.047808 0.046625