0 0.257880 0.894289 0.116674 0.045564
0 0.964604 0.974222 0.069814 0.039565
2 0.770009 0.720284 0.163394 0.045816
4 0.221354 0.719515 0.052377 0.044310
2 0.326951 0.106688 0.107926 0.040328
0 0.055540 0.104064 0.090232 0.034138
0 0.016030 0.970469 0.028129 0.043216
2 0.184779 0.105445 0.141353 0.035513
2 0.973197 0.108807 0.035989 0.045664
4 0.815368 0.670338 0.246723 0.047727
1 0.202315 0.770577 0.017167 0.032862
0 0.043707 0.255047 0.041039 0.040568
4 0.414686 0.392693 0.442537 0.192569
0 0.152070 0.250433 0.145458 0.047678