4 0.242219 0.423946 0.087789 0.040663
0 0.950120 0.098645 0.054270 0.043675
2 0.041500 0.096371 0.050279 0.043703
4 0.261772 0.472892 0.128492 0.040663
4 0.241779 0.615912 0.087871 0.034743
4 0.600559 0.617470 0.088587 0.039157
4 0.600958 0.713102 0.088587 0.039157
4 0.241421 0.664910 0.088587 0.039157
4 0.217478 0.714608 0.039904 0.039157
0 0.038908 0.027013 0.022887 0.041269
0 0.893093 0.026053 0.021361 0.041269
0 0.927932 0.030372 0.026956 0.046068
0 0.962771 0.026533 0.026447 0.046068
0 0.075272 0.326453 0.065100 0.033591
0 0.176737 0.325493 0.097142 0.033591
0 0.278202 0.325493 0.071203 0.037430
0 0.347879 0.326453 0.046791 0.039349
0 0.417302 0.326933 0.063574 0.038390
0 0.488506 0.327892 0.047299 0.040309
0 0.555132 0.325973 0.055437 0.042229
1 0.387550 0.422907 0.012206 0.023034
4 0.665620 0.230872 0.038063 0.038606
4 0.161528 0.181940 0.103245 0.035913
4 0.257636 0.182838 0.039490 0.037709
4 0.145114 0.230872 0.070416 0.040402