4 0.208703 0.583109 0.120206 0.032663
4 0.230690 0.544584 0.164439 0.032663
4 0.199296 0.738187 0.101528 0.031825
4 0.287194 0.583109 0.026400 0.032663
4 0.183650 0.699661 0.070030 0.031825
0 0.938544 0.966052 0.027272 0.033522
0 0.509835 0.349306 0.019644 0.033500
4 0.208679 0.505640 0.120159 0.033500
4 0.308874 0.427194 0.320549 0.031825
4 0.308586 0.388328 0.320837 0.031143
0 0.973640 0.966481 0.031952 0.027505
2 0.034791 0.079989 0.036628 0.028958
4 0.308234 0.349603 0.319268 0.030745
4 0.177570 0.466277 0.057076 0.031825
4 0.514802 0.188785 0.031924 0.031825
4 0.107088 0.188366 0.058226 0.032663
1 0.298390 0.699661 0.011787 0.021775
0 0.049469 0.269582 0.037769 0.035497
4 0.194834 0.149841 0.032975 0.032663
4 0.119774 0.150259 0.082733 0.031825
0 0.981174 0.309622 0.011501 0.025225
0 0.970455 0.080443 0.021652 0.022843
0 0.875960 0.027146 0.013404 0.030150
0 0.903417 0.027146 0.012107 0.026800
0 0.931523 0.027146 0.013837 0.030150
0 0.958548 0.026728 0.012539 0.027638
0 0.041654 0.027146 0.008648 0.023450