4 0.471669 0.463062 0.239061 0.397568
0 0.920444 0.966192 0.030525 0.030765
0 0.959165 0.963089 0.033361 0.028774
4 0.182215 0.279753 0.268559 0.028568
0 0.156656 0.167490 0.063916 0.036729
4 0.378186 0.931767 0.099085 0.022453
0 0.979163 0.083373 0.018477 0.031650
0 0.323570 0.277503 0.014998 0.028907
0 0.874557 0.963675 0.051307 0.029416
0 0.070343 0.166295 0.085470 0.041020
0 0.246199 0.166295 0.087739 0.033695
0 0.334128 0.167760 0.062401 0.029300
0 0.397285 0.166295 0.036684 0.033695
0 0.474435 0.165563 0.089630 0.030765
0 0.569548 0.170324 0.082445 0.031498
0 0.662771 0.169225 0.077528 0.035160
0 0.741056 0.164098 0.060132 0.029300
0 0.438927 0.932708 0.019119 0.020103
2 0.149678 0.026475 0.093958 0.029626
0 0.040424 0.028063 0.017481 0.028568
4 0.265487 0.930063 0.103791 0.019045