0 0.105798 0.702681 0.150329 0.159320
0 0.746536 0.703231 0.152039 0.156024
0 0.959833 0.029992 0.022767 0.039068
0 0.265770 0.704330 0.151464 0.153826
0 0.586000 0.703780 0.152031 0.157123
0 0.426594 0.703780 0.149762 0.154925
0 0.930378 0.030869 0.019623 0.030848
0 0.165819 0.207255 0.073135 0.024528
0 0.051260 0.900101 0.043551 0.036443
2 0.107347 0.031035 0.047357 0.032472
0 0.172780 0.131876 0.098052 0.028568
0 0.902836 0.164298 0.017563 0.036277
0 0.096634 0.087626 0.047341 0.034574
0 0.173264 0.246338 0.087723 0.026990
2 0.172453 0.086277 0.082823 0.034062
0 0.039426 0.089283 0.015317 0.030248
0 0.499362 0.389356 0.045463 0.062334
0 0.898498 0.034076 0.018009 0.024153
0 0.147935 0.169412 0.039533 0.023855
0 0.866803 0.031889 0.019287 0.028568
0 0.832766 0.032438 0.022691 0.025271
0 0.929771 0.852113 0.058997 0.025271
0 0.112038 0.897162 0.051622 0.031864
0 0.182380 0.896613 0.070910 0.035160
2 0.057012 0.852113 0.057295 0.034062
2 0.058146 0.591157 0.060699 0.035160
2 0.060415 0.164839 0.065237 0.043950
0 0.263584 0.088028 0.060900 0.039626
0 0.049710 0.213224 0.041516 0.028568
0 0.103245 0.212166 0.037146 0.026452