0 0.961415 0.965249 0.032677 0.028309
4 0.375774 0.515022 0.220231 0.031359
2 0.138712 0.725858 0.218921 0.033209
0 0.023046 0.966609 0.030188 0.027817
4 0.376962 0.369863 0.217820 0.031686
4 0.366487 0.441818 0.200718 0.031515
4 0.604728 0.369387 0.202626 0.028251
4 0.602995 0.442202 0.200961 0.029799
0 0.068169 0.211946 0.081760 0.036371
0 0.712397 0.439818 0.015830 0.028139
0 0.476121 0.441715 0.016294 0.033279
0 0.712649 0.367541 0.015031 0.027818
0 0.072695 0.093064 0.093018 0.028219
0 0.994100 0.970140 0.011799 0.038090
0 0.913587 0.963225 0.050990 0.026642
0 0.979017 0.083408 0.018367 0.033120
0 0.162436 0.212020 0.074911 0.030071
0 0.235988 0.209764 0.049682 0.025561
0 0.311481 0.211644 0.085002 0.035334
0 0.404052 0.213414 0.070641 0.031793
0 0.495653 0.211268 0.083838 0.028568
0 0.587059 0.212771 0.071806 0.031575
0 0.651102 0.209764 0.036873 0.028568
0 0.703307 0.207885 0.055116 0.035334
0 0.776859 0.206381 0.070253 0.029320
0 0.042711 0.025024 0.017822 0.026187
2 0.180064 0.027999 0.146264 0.034519