2 0.179941 0.331418 0.280236 0.042852
4 0.623290 0.792263 0.201619 0.044660
2 0.228982 0.559960 0.375369 0.045708
4 0.394848 0.792272 0.201642 0.044678
2 0.151696 0.795959 0.223157 0.046338
2 0.390065 0.076034 0.209123 0.043872
0 0.929918 0.025136 0.016154 0.027589
0 0.901826 0.025075 0.015665 0.025948
0 0.961115 0.024617 0.021017 0.036659
0 0.874476 0.025307 0.016582 0.028478
2 0.153498 0.077671 0.226928 0.038984
3 0.809695 0.781037 0.014320 0.024139
3 0.759395 0.781058 0.013896 0.026087
0 0.847127 0.025499 0.016007 0.027126
0 0.033109 0.023148 0.013280 0.027687
2 0.617977 0.077564 0.209474 0.038771
0 0.049041 0.441404 0.018437 0.042852
0 0.047566 0.672803 0.022861 0.039995