0 0.248324 0.395570 0.017564 0.030765
0 0.226695 0.394837 0.017707 0.029300
0 0.423620 0.393490 0.016889 0.030588
0 0.401730 0.393587 0.018857 0.031704
0 0.919377 0.974718 0.024772 0.030707
1 0.041612 0.295896 0.013137 0.020395
0 0.205046 0.394579 0.017259 0.028784
0 0.374866 0.394203 0.018480 0.029497
0 0.177641 0.395936 0.017609 0.030033
0 0.482988 0.393426 0.016982 0.030045
0 0.269432 0.394837 0.017124 0.030765
1 0.041052 0.266597 0.011308 0.018932
0 0.097484 0.395842 0.124625 0.032775
1 0.041842 0.327193 0.013662 0.018235
2 0.449717 0.393884 0.026658 0.032184
0 0.954019 0.973424 0.031313 0.022373
2 0.499870 0.393311 0.016499 0.029821
2 0.352959 0.394209 0.016460 0.029508
0 0.959856 0.028849 0.021396 0.036618
2 0.308065 0.395024 0.017754 0.028209
0 0.336096 0.394511 0.017674 0.028647
0 0.290804 0.394774 0.016183 0.027708
0 0.051695 0.160435 0.041833 0.030765
1 0.042281 0.235701 0.011799 0.019989
0 0.930710 0.030203 0.018105 0.028893
0 0.449759 0.393908 0.026195 0.031582
0 0.898611 0.030148 0.015682 0.029078
0 0.044055 0.029200 0.016623 0.031923
0 0.866750 0.030820 0.017976 0.033031
0 0.961928 0.093758 0.028577 0.033924