4 0.583632 0.850862 0.059689 0.030464
0 0.218109 0.404127 0.022062 0.028717
4 0.583692 0.750479 0.059736 0.031713
4 0.653273 0.799994 0.063977 0.030756
4 0.072429 0.344807 0.124842 0.028428
4 0.583548 0.800495 0.059627 0.029717
4 0.225190 0.344066 0.123788 0.028988
2 0.651371 0.521333 0.177100 0.030838
3 0.377260 0.799262 0.013724 0.025732
4 0.652335 0.851046 0.062798 0.030833
4 0.653267 0.751431 0.064614 0.029537
2 0.234587 0.272452 0.142583 0.028598
3 0.377071 0.749132 0.013244 0.025410
0 0.950572 0.964900 0.057348 0.032039
4 0.072166 0.271461 0.125369 0.030698
0 0.875576 0.422197 0.021117 0.032431
0 0.900572 0.965715 0.029878 0.031629
0 0.853652 0.422878 0.020962 0.032051
0 0.790551 0.423475 0.030997 0.023193
0 0.749529 0.422324 0.030931 0.023272
2 0.233987 0.198983 0.144544 0.032661
4 0.802635 0.520853 0.108103 0.029878
0 0.959845 0.029288 0.022138 0.037776
0 0.269675 0.402719 0.066984 0.031093
0 0.900637 0.422238 0.015720 0.029005
4 0.073220 0.200128 0.124315 0.030870
0 0.706933 0.423014 0.035002 0.022271
0 0.654378 0.312025 0.016869 0.030999
0 0.900417 0.652828 0.016069 0.029660
0 0.875964 0.652860 0.014103 0.028850
4 0.511423 0.520613 0.085038 0.029397
1 0.019227 0.539920 0.011062 0.020746
0 0.828720 0.422949 0.013544 0.026777
0 0.674030 0.312010 0.016515 0.031388
0 0.172541 0.440723 0.016842 0.030903
1 0.019753 0.581764 0.013169 0.024853
0 0.926552 0.422493 0.016727 0.029201
3 0.375831 0.848587 0.015299 0.028957
2 0.050866 0.098908 0.088059 0.039908
0 0.152914 0.440786 0.016814 0.032588
0 0.930921 0.030432 0.017713 0.029392
0 0.418692 0.354365 0.129108 0.034954
0 0.851256 0.964135 0.059189 0.030510
0 0.926187 0.651525 0.015514 0.027436
0 0.898593 0.029807 0.015791 0.028670
1 0.895403 0.520793 0.011062 0.029758
0 0.044054 0.031968 0.016690 0.029320
0 0.143279 0.197957 0.016856 0.032649
0 0.143805 0.272437 0.015803 0.028568
0 0.143279 0.342836 0.016856 0.028568
0 0.296039 0.344877 0.016856 0.028568
0 0.533124 0.354148 0.086652 0.032139
0 0.521755 0.285704 0.000000 0.002381
3 0.381023 0.519603 0.019665 0.029758
0 0.438483 0.573167 0.000615 0.001190
4 0.491642 0.567216 0.000000 0.001190
0 0.866212 0.520793 0.017822 0.027377
2 0.944260 0.421996 0.019051 0.029758
0 0.866519 0.033951 0.020895 0.034519
0 0.960853 0.097633 0.010447 0.026187
2 0.962697 0.151793 0.014135 0.029758
0 0.935349 0.097633 0.017207 0.030948
0 0.946104 0.151198 0.015364 0.028568
2 0.945533 0.652490 0.020017 0.031629
2 0.263475 0.026000 0.297667 0.038956
2 0.560472 0.151308 0.041566 0.029866