4 0.365784 0.190108 0.110909 0.028210
4 0.648163 0.189078 0.112524 0.030720
4 0.083776 0.189183 0.110914 0.030930
4 0.788201 0.189049 0.110914 0.030662
0 0.885300 0.188872 0.023439 0.030308
2 0.236451 0.189714 0.132315 0.029707
2 0.517777 0.188757 0.131729 0.030079
2 0.179882 0.275393 0.157342 0.035278
2 0.063459 0.085653 0.073507 0.032247
0 0.940903 0.276893 0.027218 0.028087
0 0.930888 0.187591 0.055200 0.031580
0 0.792748 0.273503 0.037741 0.026678
0 0.858952 0.273052 0.074038 0.031981
2 0.060633 0.273311 0.068295 0.031754
0 0.959548 0.078941 0.018705 0.028871
0 0.509651 0.228385 0.016926 0.027059
1 0.030222 0.322237 0.014666 0.027379
2 0.965418 0.276438 0.020653 0.029463
0 0.490608 0.228300 0.016800 0.026890
0 0.745624 0.273167 0.036565 0.026048
0 0.911798 0.273761 0.014653 0.030350
0 0.042183 0.024594 0.021829 0.039995
0 0.150147 0.190287 0.020649 0.033139
0 0.431563 0.189716 0.018289 0.029710
0 0.713569 0.190287 0.017109 0.028568
0 0.853392 0.189144 0.021829 0.028568
0 0.794100 0.025165 0.016519 0.031996
0 0.821829 0.025737 0.018879 0.037709
0 0.848083 0.026879 0.015929 0.033139
0 0.874926 0.026879 0.021239 0.023997
0 0.903835 0.030308 0.020059 0.039995
0 0.930383 0.029165 0.017699 0.039995
0 0.959882 0.027451 0.028319 0.045708
2 0.207253 0.026620 0.204964 0.031523