4 0.186024 0.501373 0.115405 0.033255
2 0.224832 0.795901 0.052268 0.033850
4 0.186046 0.467358 0.115395 0.033264
2 0.225020 0.765533 0.051986 0.031482
2 0.224907 0.827840 0.052208 0.033904
0 0.288072 0.934982 0.020322 0.034819
4 0.186434 0.433989 0.115862 0.032224
0 0.148428 0.934814 0.042065 0.035741
4 0.165852 0.366477 0.074127 0.032383
0 0.411639 0.076672 0.017031 0.028073
0 0.434481 0.076840 0.013890 0.025950
0 0.070744 0.935018 0.020178 0.032484
0 0.091850 0.935077 0.020094 0.033136
4 0.396394 0.366800 0.115931 0.032786
2 0.273493 0.232829 0.104103 0.033596
0 0.373595 0.181919 0.083131 0.026596
0 0.393322 0.077196 0.016901 0.028077
0 0.050388 0.934920 0.019820 0.032477
2 0.342142 0.501159 0.155715 0.032052
0 0.117354 0.935523 0.019215 0.032407
0 0.303608 0.181122 0.036773 0.026084
0 0.179597 0.934321 0.020720 0.035575
0 0.266980 0.934405 0.020354 0.034488
0 0.023531 0.934386 0.021492 0.036587
4 0.166120 0.400199 0.074373 0.031422
0 0.213287 0.934584 0.021313 0.035544
0 0.238600 0.078031 0.016226 0.026793
0 0.248141 0.181591 0.052726 0.024231
4 0.553464 0.828028 0.107930 0.032528
2 0.225219 0.859278 0.052431 0.033062
4 0.553496 0.859132 0.109102 0.032042
0 0.234131 0.934481 0.020624 0.035481
4 0.284459 0.467749 0.041358 0.029973
0 0.318136 0.076397 0.015427 0.025633
0 0.371175 0.076731 0.015303 0.026393
0 0.353299 0.076463 0.014693 0.024643
0 0.452396 0.075442 0.013537 0.024875
4 0.553309 0.796115 0.106900 0.032676
0 0.931044 0.015018 0.014542 0.025348
4 0.553500 0.765871 0.107358 0.032311
0 0.336279 0.076100 0.015611 0.024666
4 0.585486 0.232972 0.130837 0.032982
0 0.054585 0.033094 0.059295 0.030828
1 0.612181 0.827607 0.011350 0.021202
1 0.612269 0.765224 0.010877 0.020387
1 0.612244 0.797497 0.011225 0.021327
0 0.296802 0.076669 0.016940 0.027542
0 0.946290 0.015151 0.014726 0.025891
4 0.284182 0.535803 0.312280 0.032343
0 0.261134 0.077551 0.014831 0.026005
0 0.960269 0.015510 0.013998 0.026768
0 0.278489 0.077196 0.015361 0.026676
1 0.612255 0.858595 0.011093 0.021202
0 0.121390 0.100465 0.194556 0.034466
0 0.015428 0.028765 0.014782 0.021437
4 0.660716 0.858627 0.086446 0.030313
4 0.491530 0.828295 0.017874 0.031897
4 0.491478 0.796723 0.017720 0.031439
4 0.660727 0.827856 0.087289 0.031595
4 0.491843 0.859807 0.017952 0.031578
1 0.043130 0.858604 0.024209 0.028657
1 0.043147 0.827907 0.024396 0.030321
4 0.345022 0.333353 0.014183 0.032537
1 0.043235 0.764429 0.024511 0.030756
0 0.342678 0.033233 0.035453 0.021761
0 0.409117 0.887263 0.019624 0.023541
1 0.344235 0.466525 0.011692 0.022633
0 0.222037 0.032195 0.040455 0.022311
0 0.019308 0.980629 0.013310 0.025001
4 0.491634 0.766126 0.017543 0.030224
0 0.020837 0.732805 0.015616 0.026539
4 0.311381 0.797194 0.120379 0.033575
0 0.175537 0.032827 0.030574 0.020951
0 0.384503 0.031940 0.022892 0.021640
4 0.310421 0.828117 0.120892 0.032743
4 0.660927 0.765723 0.087753 0.032641
0 0.135636 0.031760 0.023023 0.022419
4 0.660549 0.796354 0.087218 0.032508
4 0.310431 0.858507 0.121027 0.031259
1 0.043167 0.796146 0.024497 0.030714
0 0.100257 0.032111 0.021115 0.025275
0 0.283276 0.034077 0.060353 0.032640
0 0.059835 0.068391 0.038608 0.024271
0 0.053179 0.135764 0.028845 0.025108
0 0.082912 0.165893 0.090086 0.028456
0 0.050738 0.200626 0.023076 0.025945
0 0.051182 0.232011 0.026626 0.023434
0 0.059170 0.265767 0.040827 0.026782
0 0.095116 0.297570 0.113606 0.030129
0 0.049629 0.331047 0.022632 0.026782
0 0.242229 0.267049 0.040597 0.034159
4 0.235984 0.333012 0.030604 0.031803
0 0.257563 0.332616 0.012972 0.026095
4 0.166119 0.600539 0.073666 0.030129
4 0.091565 0.765275 0.072779 0.032640
4 0.091565 0.797078 0.072779 0.032640
4 0.091787 0.828882 0.073223 0.030966
4 0.091787 0.859429 0.073223 0.030129
4 0.310790 0.765693 0.118931 0.031803
0 0.377123 0.887003 0.010681 0.021102
0 0.390093 0.886523 0.013223 0.022061