2 0.094262 0.078625 0.116747 0.033599
4 0.409959 0.335690 0.115497 0.032210
4 0.369740 0.469077 0.033235 0.031061
4 0.186093 0.335132 0.113779 0.031420
4 0.149080 0.369432 0.040818 0.029544
4 0.368938 0.267174 0.034222 0.030596
4 0.165871 0.469184 0.074997 0.031275
4 0.166240 0.301596 0.074260 0.031195
0 0.181344 0.182094 0.065140 0.026489
4 0.166216 0.267656 0.073442 0.030866
4 0.389465 0.300916 0.074900 0.032256
0 0.203925 0.077926 0.015561 0.026196
4 0.565367 0.266679 0.034091 0.030256
0 0.245178 0.537096 0.021399 0.028355
4 0.565747 0.368487 0.035266 0.034393
0 0.295727 0.537072 0.019097 0.030052
0 0.262918 0.182180 0.076139 0.026475
4 0.559137 0.301075 0.020851 0.032011
4 0.562319 0.469104 0.027551 0.031115
0 0.269735 0.537303 0.023547 0.030774
0 0.045713 0.536679 0.017318 0.028970
0 0.318813 0.536664 0.017027 0.029911
0 0.094456 0.183276 0.090037 0.026952
0 0.411420 0.076967 0.017310 0.027493
0 0.221192 0.078267 0.015204 0.026823
0 0.435004 0.077495 0.015089 0.026418
0 0.022380 0.182571 0.015176 0.026066
0 0.064539 0.536715 0.016578 0.028792
0 0.173753 0.536603 0.023380 0.029157
0 0.039157 0.182493 0.014333 0.025276
0 0.238226 0.078379 0.016158 0.027936
0 0.200957 0.536424 0.017471 0.029676
0 0.393442 0.076545 0.016882 0.027664
0 0.180645 0.077268 0.016807 0.028423
0 0.296403 0.076814 0.016207 0.028250
0 0.102097 0.537210 0.017480 0.027239
0 0.082706 0.537177 0.015454 0.027965
0 0.278312 0.077331 0.014661 0.027273
0 0.023155 0.536212 0.017477 0.028837
0 0.222066 0.536967 0.020446 0.028547
0 0.353667 0.076638 0.013635 0.026073
0 0.260937 0.078110 0.016142 0.027711
0 0.135902 0.033065 0.025122 0.022036
0 0.931124 0.014324 0.014174 0.023342
1 0.359932 0.368447 0.012292 0.021807
0 0.151451 0.536431 0.020693 0.028261
0 0.335741 0.076538 0.016003 0.026614
0 0.317775 0.076197 0.016382 0.027560
0 0.175072 0.033695 0.031988 0.022359
0 0.343424 0.033100 0.036039 0.023448
0 0.452430 0.076196 0.014147 0.025584
0 0.371277 0.076768 0.015994 0.026460
0 0.945173 0.014585 0.013056 0.025925
0 0.163315 0.077530 0.015624 0.027591
0 0.222002 0.032851 0.041243 0.024030
0 0.054009 0.034067 0.052292 0.025703
0 0.283569 0.032958 0.061520 0.024785
0 0.959238 0.014647 0.014440 0.026112
0 0.121904 0.536988 0.022133 0.028655
0 0.384436 0.033163 0.023540 0.022430
0 0.022782 0.078312 0.016418 0.029634
0 0.101672 0.032879 0.021475 0.022995
0 0.015100 0.028060 0.014746 0.021515
0 0.978489 0.986390 0.015817 0.027220
4 0.026953 0.599144 0.024214 0.026224
4 0.026520 0.625368 0.025079 0.026224
4 0.048572 0.597915 0.019025 0.025404
4 0.049005 0.624959 0.019890 0.027043
4 0.080137 0.597915 0.044104 0.027043
4 0.079489 0.625368 0.043672 0.026224
4 0.108027 0.598735 0.013404 0.028682
4 0.107810 0.625368 0.012972 0.026224
4 0.148672 0.597915 0.068751 0.027043
4 0.148672 0.625368 0.068751 0.026224
4 0.248699 0.598325 0.132745 0.027863
4 0.248699 0.624549 0.132745 0.026224
4 0.389876 0.599144 0.150473 0.026224
4 0.390092 0.624139 0.150041 0.025404
4 0.483490 0.597505 0.037618 0.026224
4 0.483706 0.624549 0.037186 0.027863
4 0.511595 0.597505 0.019458 0.026224
4 0.511595 0.625368 0.019458 0.026224
4 0.555051 0.597915 0.069183 0.027043
4 0.555267 0.624549 0.069616 0.027863
4 0.630504 0.599144 0.081723 0.027863
4 0.629855 0.624959 0.082155 0.027043
4 0.705092 0.598325 0.069183 0.027863
4 0.705741 0.625368 0.069616 0.026224
4 0.774347 0.598325 0.069616 0.027863
4 0.773915 0.624959 0.069616 0.025404
4 0.842666 0.597915 0.069616 0.028682
4 0.842882 0.624549 0.070048 0.024585
4 0.893040 0.597915 0.031997 0.028682
4 0.892824 0.624959 0.031565 0.025404