2 0.224951 0.795520 0.052256 0.033908
2 0.247061 0.233482 0.156566 0.032874
2 0.225089 0.827994 0.052251 0.034106
2 0.225209 0.764252 0.052334 0.033225
2 0.094198 0.078371 0.116209 0.032370
4 0.186616 0.501357 0.116726 0.033733
0 0.148776 0.935085 0.041800 0.034083
0 0.091900 0.934647 0.019999 0.033120
0 0.070757 0.934551 0.020211 0.032477
0 0.288083 0.934471 0.020176 0.034587
0 0.411831 0.076647 0.017088 0.027909
0 0.434531 0.076857 0.013967 0.026101
4 0.396313 0.366752 0.116293 0.032875
0 0.203693 0.078257 0.014967 0.025339
0 0.374535 0.182134 0.081911 0.026271
0 0.050454 0.934401 0.019759 0.032420
0 0.393375 0.077533 0.016916 0.027670
0 0.117672 0.934957 0.019697 0.032430
4 0.186438 0.467150 0.115839 0.033618
0 0.179636 0.935342 0.020759 0.032726
4 0.186864 0.433555 0.115557 0.032533
0 0.190066 0.180808 0.038338 0.024623
0 0.023531 0.933894 0.021469 0.036575
2 0.342669 0.500969 0.155815 0.032570
0 0.303825 0.181151 0.037080 0.025586
0 0.247006 0.181292 0.055625 0.024497
0 0.267133 0.934119 0.019930 0.034118
0 0.213541 0.934099 0.021417 0.035384
0 0.234356 0.934045 0.020296 0.035119
0 0.318359 0.076341 0.015046 0.025331
2 0.225301 0.859055 0.052500 0.032994
0 0.238414 0.078585 0.014573 0.025663
4 0.553665 0.827624 0.107036 0.032423
0 0.180271 0.077742 0.014953 0.026706
4 0.553576 0.858657 0.108141 0.031900
0 0.119639 0.181687 0.084245 0.026139
0 0.371224 0.076888 0.014944 0.026119
0 0.931285 0.014869 0.014529 0.026912
0 0.042148 0.181515 0.051102 0.024084
0 0.353441 0.076493 0.014743 0.024173
4 0.284581 0.467670 0.041197 0.029611
0 0.336201 0.076210 0.015344 0.024555
0 0.221350 0.078770 0.014654 0.025182
4 0.553900 0.795701 0.106942 0.032594
0 0.452475 0.075628 0.014136 0.025139
1 0.612326 0.828318 0.011717 0.022799
4 0.585827 0.233328 0.129249 0.033368
4 0.553825 0.765499 0.106513 0.032263
1 0.612369 0.796426 0.011487 0.022588
0 0.163547 0.077011 0.015548 0.027280
1 0.612501 0.765430 0.011433 0.022540
0 0.296682 0.076743 0.016384 0.027315
0 0.960034 0.015492 0.014678 0.027627
0 0.261234 0.076846 0.015212 0.026943
0 0.946242 0.014557 0.015513 0.028312
4 0.166256 0.399850 0.074461 0.031771
0 0.278656 0.076975 0.014622 0.026899
4 0.166104 0.366595 0.074544 0.031408
1 0.612383 0.858893 0.011399 0.020376
0 0.409220 0.886656 0.019716 0.024055
1 0.344449 0.466871 0.010775 0.019861
4 0.492187 0.827728 0.018942 0.031334
4 0.492067 0.796035 0.018765 0.031181
4 0.492423 0.859208 0.019113 0.031239
0 0.022209 0.077790 0.014922 0.026733
4 0.284814 0.534222 0.313899 0.031266
1 0.043157 0.858189 0.024239 0.028647
4 0.345561 0.333188 0.015078 0.032872
4 0.492139 0.765408 0.018664 0.030147
1 0.043175 0.827507 0.024407 0.030311
1 0.043254 0.764022 0.024540 0.030733
4 0.661577 0.858125 0.087896 0.030213
0 0.015490 0.028094 0.014015 0.020060
4 0.189671 0.333148 0.122351 0.033008
0 0.019318 0.980082 0.013276 0.024939
4 0.661354 0.827424 0.088341 0.031528
0 0.020843 0.732418 0.015585 0.026363
0 0.055156 0.033192 0.049567 0.024020
4 0.311404 0.796831 0.120412 0.033515
4 0.310457 0.827666 0.120958 0.032642
0 0.343043 0.033098 0.035172 0.021339
0 0.100460 0.035290 0.021620 0.022821
0 0.134187 0.034475 0.024214 0.022821
0 0.174688 0.035290 0.031132 0.029342
0 0.221602 0.034475 0.039348 0.021191
0 0.283867 0.034067 0.057509 0.030157
0 0.385696 0.034475 0.025079 0.026081
0 0.240916 0.267985 0.041942 0.030157
0 0.203298 0.268393 0.033294 0.029342
0 0.163517 0.266355 0.044537 0.030157
0 0.113360 0.267578 0.054914 0.032602
0 0.052896 0.267578 0.067454 0.030972
0 0.257780 0.333868 0.013404 0.027712
4 0.165968 0.601203 0.075669 0.030972
1 0.043167 0.796542 0.024647 0.029342
4 0.092028 0.765163 0.073075 0.031787
4 0.091812 0.796542 0.071778 0.029342
4 0.092028 0.827514 0.073075 0.032602
4 0.091596 0.858486 0.072210 0.029342
4 0.311829 0.858893 0.119773 0.031787
4 0.311396 0.765571 0.118909 0.032602
4 0.661420 0.795727 0.086479 0.029342
4 0.661853 0.764756 0.085614 0.030972