0 0.292480 0.069033 0.018783 0.027580
0 0.314673 0.069649 0.018505 0.030595
0 0.336802 0.070439 0.017939 0.029898
0 0.358949 0.071027 0.016841 0.028391
0 0.269524 0.070383 0.017192 0.029411
0 0.330639 0.974560 0.021476 0.034635
0 0.381108 0.070869 0.015584 0.028464
0 0.298874 0.973994 0.018675 0.029349
0 0.043771 0.070005 0.053446 0.025035
0 0.060689 0.111339 0.041241 0.025317
0 0.395305 0.973450 0.020478 0.030399
0 0.427315 0.974941 0.021473 0.034572
0 0.225782 0.070781 0.016863 0.033839
0 0.247834 0.069243 0.016863 0.030763
0 0.931883 0.068858 0.017728 0.028456
0 0.940964 0.014253 0.015134 0.025380
0 0.958260 0.013472 0.015134 0.026943
0 0.976204 0.014253 0.015566 0.028456
4 0.964313 0.071550 0.044537 0.032301
0 0.069365 0.141812 0.058685 0.025195
0 0.070841 0.167300 0.063562 0.023841
0 0.066949 0.196909 0.027241 0.024610
0 0.082515 0.226519 0.028106 0.025380
0 0.396129 0.142571 0.050590 0.023995
0 0.399502 0.172137 0.058299 0.026566
0 0.399261 0.202560 0.056854 0.022281
0 0.399502 0.234268 0.059263 0.023995
0 0.397575 0.264690 0.053481 0.026566
0 0.362419 0.973806 0.021187 0.037685
0 0.457762 0.973037 0.019890 0.036147
0 0.490192 0.974191 0.019025 0.033839
0 0.520892 0.974191 0.021620 0.033839
0 0.553105 0.974191 0.022052 0.036916
0 0.584670 0.974191 0.020323 0.036916
0 0.616235 0.976113 0.024647 0.042299
0 0.679365 0.973037 0.018593 0.037685
0 0.711146 0.973421 0.021620 0.032301
0 0.978798 0.978420 0.024214 0.039223
0 0.017566 0.974212 0.020025 0.029994
4 0.140616 0.973984 0.211320 0.052032