4 0.595120 0.483250 0.093397 0.039856
4 0.222467 0.900519 0.144276 0.039856
2 0.112645 0.092344 0.146002 0.045079
4 0.620975 0.400722 0.143732 0.038021
4 0.244205 0.857440 0.052012 0.039795
4 0.595070 0.359302 0.093297 0.039773
4 0.197733 0.274611 0.093996 0.037640
4 0.260734 0.441438 0.220233 0.037571
4 0.595437 0.525824 0.093627 0.038784
4 0.646575 0.316670 0.092533 0.041506
4 0.222887 0.400048 0.144301 0.039383
4 0.281922 0.943121 0.263184 0.038841
4 0.197100 0.316905 0.092965 0.039572
4 0.197362 0.359413 0.093305 0.038369
4 0.281921 0.982185 0.263186 0.035630
4 0.176602 0.857409 0.050663 0.038229
0 0.213702 0.026574 0.039834 0.025863
0 0.283247 0.095427 0.020298 0.037999
0 0.271301 0.027322 0.051714 0.026786
0 0.257543 0.095604 0.020960 0.037631
0 0.225052 0.095568 0.021121 0.039620
0 0.163265 0.027285 0.030805 0.025356
4 0.226719 0.650940 0.151771 0.039438
0 0.348125 0.027237 0.076527 0.026762
0 0.120544 0.026820 0.027092 0.027643
4 0.366783 0.316645 0.025719 0.040424
0 0.020411 0.096299 0.022394 0.039945
4 0.172331 0.483150 0.042966 0.041522
4 0.574488 0.316882 0.049182 0.039566
4 0.570664 0.275138 0.041993 0.039004
4 0.366458 0.273717 0.025504 0.037246
0 0.024179 0.210663 0.023342 0.033786
0 0.047796 0.026048 0.089123 0.031260
0 0.560836 0.097255 0.024568 0.043020
0 0.308980 0.095628 0.019460 0.037484
0 0.421639 0.027431 0.044508 0.024992
0 0.200916 0.094605 0.021961 0.040450
4 0.570257 0.899570 0.041942 0.039043
0 0.196066 0.213828 0.069889 0.038394
0 0.341769 0.096196 0.019841 0.039584
4 0.171805 0.691478 0.042375 0.038229
0 0.535492 0.097764 0.024150 0.042310
0 0.426217 0.096979 0.022478 0.041087
0 0.473359 0.030847 0.031064 0.030053
0 0.621135 0.096796 0.025739 0.048418
0 0.594509 0.095126 0.024851 0.045079
0 0.091122 0.211719 0.070116 0.030053
0 0.252230 0.275564 0.014701 0.036603