4 0.239616 0.541653 0.088372 0.044468
4 0.238606 0.344705 0.087745 0.042551
2 0.080663 0.157735 0.132181 0.041122
0 0.195003 0.158442 0.069676 0.033605
4 0.215385 0.393952 0.039968 0.041561
4 0.215676 0.590886 0.040675 0.041640
2 0.270094 0.158063 0.050962 0.032223
0 0.290610 0.344962 0.018741 0.040223
0 0.019602 0.023428 0.021620 0.026908
0 0.073219 0.023835 0.070048 0.032616
0 0.025872 0.083359 0.016863 0.032616
0 0.133466 0.023835 0.025079 0.029354
0 0.170868 0.023020 0.029835 0.027723
0 0.216774 0.021797 0.037186 0.030169
0 0.267580 0.023020 0.044537 0.030985
0 0.313847 0.024651 0.033294 0.034246