2 0.112423 0.091509 0.143783 0.040070
4 0.372584 0.458347 0.026092 0.041325
0 0.381015 0.695523 0.090916 0.038618
0 0.561273 0.097784 0.024424 0.040587
0 0.535406 0.098050 0.023951 0.040473
0 0.146316 0.695110 0.023434 0.036351
0 0.224873 0.095468 0.021896 0.042457
0 0.442038 0.695587 0.023798 0.038490
0 0.496031 0.026710 0.046291 0.027174
0 0.200152 0.026943 0.027213 0.027146
0 0.502683 0.098260 0.022695 0.039800
0 0.283412 0.096230 0.019925 0.038932
0 0.437867 0.025991 0.045063 0.027634
0 0.257632 0.096126 0.022190 0.039659
0 0.470098 0.695300 0.025662 0.038171
0 0.243324 0.027488 0.030941 0.024934
0 0.247574 0.695523 0.173033 0.038618
0 0.477923 0.097840 0.021348 0.040772
0 0.452015 0.097262 0.022234 0.040845
0 0.088338 0.025810 0.169757 0.035294
0 0.020541 0.095703 0.022733 0.040449
0 0.392361 0.459824 0.016811 0.040323
0 0.200865 0.094291 0.021222 0.042815
0 0.308716 0.096067 0.021029 0.038950
4 0.379843 0.542331 0.043095 0.040684
0 0.426585 0.096647 0.022826 0.041644
0 0.342037 0.098715 0.020878 0.037827
0 0.080696 0.212211 0.022660 0.035122
0 0.335214 0.025766 0.129070 0.030502
0 0.545683 0.028816 0.031132 0.029282
0 0.619298 0.097751 0.022701 0.045143
0 0.593030 0.094701 0.022052 0.039043
0 0.391966 0.096531 0.020755 0.045143
0 0.367320 0.095921 0.023349 0.041483
0 0.051848 0.212415 0.022632 0.037566
0 0.023002 0.208658 0.022632 0.035061
0 0.476339 0.362203 0.016239 0.030547