4 0.270219 0.344269 0.069153 0.040871
4 0.255257 0.689076 0.039780 0.042168
4 0.286390 0.590798 0.102045 0.042094
4 0.254825 0.639527 0.039780 0.041522
2 0.080693 0.157648 0.130026 0.040422
4 0.255178 0.393941 0.037893 0.042137
4 0.250655 0.443104 0.032553 0.040544
2 0.184713 0.157860 0.050632 0.031947
0 0.313876 0.344920 0.018430 0.039382
1 0.243217 0.836977 0.014727 0.026851
0 0.019648 0.022989 0.017803 0.027179
0 0.056063 0.024463 0.033727 0.030126
0 0.024999 0.084716 0.017751 0.035148
0 0.095559 0.024463 0.023076 0.030126
0 0.134611 0.024881 0.032839 0.027616
0 0.195408 0.023207 0.069229 0.030963
0 0.263676 0.022789 0.049259 0.035148
0 0.320257 0.023207 0.046152 0.030963
0 0.368628 0.023207 0.032839 0.034311