0 0.053734 0.104562 0.087820 0.035095
0 0.458482 0.859690 0.180392 0.046520
5 0.848872 0.636249 0.250145 0.046147
3 0.982119 0.107707 0.033516 0.042532
0 0.968658 0.969143 0.062684 0.044045
5 0.222052 0.686169 0.052010 0.042197
3 0.328095 0.105568 0.108062 0.038088
0 0.014919 0.971579 0.029041 0.049122
3 0.775896 0.688237 0.168606 0.046275
5 0.418200 0.374530 0.445811 0.157591
3 0.188172 0.104797 0.145604 0.038749
0 0.042715 0.254313 0.039788 0.039205
0 0.963669 0.635782 0.015159 0.037213
1 0.202411 0.737255 0.014805 0.031398