0 0.055447 0.097849 0.087792 0.034008
3 0.971710 0.097017 0.031474 0.036036
0 0.962696 0.955569 0.070129 0.046154
3 0.326684 0.098653 0.106735 0.035700
5 0.417493 0.848454 0.438865 0.169140
0 0.986356 0.375312 0.022113 0.044008
5 0.779548 0.557289 0.052503 0.038633
5 0.845878 0.557493 0.083517 0.039041
5 0.728738 0.556630 0.051102 0.039601
5 0.845488 0.518353 0.081688 0.041798
5 0.779482 0.633977 0.052429 0.042039
5 0.728733 0.634086 0.050190 0.041471
5 0.662782 0.636010 0.082473 0.044827
5 0.662880 0.556968 0.083034 0.040275
0 0.092343 0.372374 0.021446 0.045706
5 0.779515 0.476222 0.051990 0.043235
5 0.180536 0.518719 0.194970 0.042087
5 0.845294 0.476340 0.082683 0.042992
5 0.728671 0.476118 0.051232 0.041992
5 0.779239 0.517777 0.053022 0.041547
3 0.491076 0.556380 0.143258 0.040807
5 0.728642 0.517209 0.052952 0.041478
3 0.490945 0.516562 0.142632 0.040668
5 0.662521 0.518288 0.083895 0.042633
3 0.185614 0.098867 0.142798 0.035889
3 0.490516 0.595478 0.144057 0.041302
5 0.845572 0.635989 0.082889 0.045805
5 0.662647 0.476651 0.082652 0.041801
5 0.348913 0.517958 0.146496 0.040859
5 0.180416 0.594947 0.194084 0.043113
5 0.729676 0.593749 0.051857 0.041195
5 0.779817 0.594123 0.052480 0.041539
0 0.016212 0.953838 0.032414 0.047630
5 0.662943 0.594902 0.084057 0.041138
5 0.845246 0.594794 0.081255 0.041612
5 0.013241 0.596899 0.015240 0.029432
5 0.012953 0.557420 0.014665 0.029652
5 0.051758 0.555631 0.062962 0.042333
5 0.348780 0.476876 0.145869 0.043561
5 0.592488 0.555328 0.062227 0.041110
5 0.347535 0.555628 0.144630 0.043224
5 0.179942 0.476341 0.194710 0.044862
5 0.591919 0.476483 0.060477 0.040806
5 0.179764 0.555889 0.195268 0.044403
5 0.592415 0.518057 0.061195 0.041630
5 0.051850 0.517052 0.063699 0.038631
5 0.180661 0.635703 0.195762 0.043562
5 0.051879 0.635846 0.061852 0.045624
5 0.593028 0.594415 0.061196 0.039395
5 0.348576 0.595703 0.143796 0.040635
3 0.490067 0.634858 0.144389 0.042073
5 0.012196 0.518461 0.013150 0.030909
5 0.052071 0.594843 0.063103 0.040412
5 0.348558 0.633990 0.144911 0.040247
5 0.051453 0.476662 0.061650 0.039609
5 0.013110 0.636980 0.014978 0.030417
0 0.037436 0.376380 0.065570 0.045535
0 0.044997 0.246899 0.039100 0.038669
3 0.490648 0.476519 0.142001 0.043219
5 0.012821 0.479116 0.015592 0.029312
0 0.076783 0.700597 0.109793 0.045469
5 0.592216 0.635144 0.060797 0.041946