3 0.982875 0.104279 0.033512 0.042791
5 0.286817 0.459244 0.138146 0.043996
0 0.055526 0.103080 0.089719 0.042329
3 0.330854 0.102596 0.107941 0.036918
5 0.722060 0.830822 0.035151 0.041651
5 0.235944 0.707973 0.036220 0.045082
0 0.969381 0.970985 0.061237 0.042671
5 0.236147 0.511170 0.036146 0.043563
5 0.236499 0.560963 0.037019 0.041189
3 0.189808 0.102125 0.147088 0.035888
5 0.762153 0.562601 0.038280 0.044258
5 0.764034 0.613246 0.042265 0.042002
5 0.248872 0.833249 0.054376 0.044349
5 0.203066 0.831156 0.037566 0.042676
5 0.255117 0.336688 0.145696 0.043610
5 0.761481 0.511414 0.037271 0.044415
0 0.018277 0.970228 0.029716 0.041743
1 0.190804 0.882228 0.015710 0.029803
0 0.153829 0.252632 0.136390 0.040129