5 0.327627 0.479253 0.491117 0.313968
5 0.714938 0.848486 0.049215 0.041353
5 0.243108 0.896790 0.118222 0.042391
5 0.331874 0.895312 0.054351 0.039712
5 0.736778 0.800916 0.093062 0.041441
5 0.738531 0.894885 0.096856 0.040899
0 0.953767 0.961449 0.074720 0.038646
0 0.023646 0.962019 0.030538 0.037211
5 0.772963 0.754268 0.166753 0.042972
5 0.247669 0.753542 0.125385 0.042047
5 0.214813 0.847350 0.060421 0.040491
5 0.308852 0.705670 0.254148 0.045724
0 0.182949 0.093907 0.090576 0.032997
3 0.441490 0.093479 0.106174 0.030946
3 0.310359 0.094166 0.130529 0.031409
3 0.961744 0.095459 0.033211 0.036170
5 0.229659 0.801239 0.091246 0.040088
3 0.727951 0.093565 0.108010 0.031410
3 0.585099 0.093589 0.147588 0.031816
0 0.069490 0.094960 0.103979 0.031917
0 0.775684 0.802265 0.016497 0.031199
0 0.349833 0.896439 0.013888 0.027808
0 0.271003 0.802051 0.016727 0.034958
0 0.083574 0.279858 0.111686 0.040650
0 0.776149 0.897907 0.015566 0.035226