3 0.439307 0.617122 0.242697 0.030334
3 0.440638 0.580972 0.243836 0.032858
3 0.352792 0.163296 0.259388 0.033367
0 0.629065 0.615421 0.075571 0.034189
0 0.630315 0.581058 0.073809 0.032356
4 0.180532 0.245326 0.077211 0.016416
4 0.179503 0.325353 0.054562 0.020520
4 0.175385 0.407433 0.050444 0.025992
4 0.177444 0.484724 0.056621 0.024624
4 0.180532 0.562016 0.058680 0.020520
4 0.310761 0.224806 0.051474 0.027360
4 0.308187 0.291154 0.050444 0.036936
4 0.308702 0.360921 0.051474 0.025992
4 0.522832 0.226174 0.047356 0.030096
4 0.524377 0.293890 0.048385 0.034200