3 0.488184 0.625802 0.276919 0.042872
0 0.361542 0.538640 0.020726 0.036237
5 0.719016 0.890644 0.028895 0.037471
3 0.336436 0.145303 0.138494 0.040182
0 0.269179 0.539180 0.022907 0.040313
5 0.721800 0.801237 0.034532 0.038735
0 0.382510 0.538625 0.020139 0.035916
0 0.429086 0.538683 0.020675 0.036890
0 0.402644 0.538859 0.020817 0.036426
0 0.449792 0.539199 0.020927 0.037893
0 0.898350 0.980730 0.063382 0.038155
1 0.286524 0.351707 0.018228 0.031780
0 0.475020 0.539731 0.021295 0.037202
5 0.722209 0.757217 0.035057 0.038303
0 0.294757 0.539079 0.021905 0.037973
5 0.719651 0.845371 0.030307 0.043264
0 0.562109 0.538645 0.023953 0.039389
5 0.395118 0.758202 0.035066 0.038892
1 0.286710 0.317725 0.018204 0.031732
0 0.711636 0.539893 0.110699 0.042068
0 0.675646 0.626450 0.021265 0.038815
0 0.516411 0.539853 0.019035 0.035256
5 0.123654 0.702081 0.222408 0.042561
3 0.481163 0.890906 0.213499 0.042576
0 0.336891 0.538373 0.020576 0.035686
3 0.483171 0.803339 0.209945 0.037993
0 0.316635 0.538432 0.019634 0.036531
5 0.124479 0.600711 0.220759 0.040088
1 0.817157 0.758237 0.014989 0.030610
5 0.124606 0.804484 0.222613 0.041059
0 0.536916 0.539082 0.020617 0.035753
0 0.495284 0.539843 0.020772 0.036465
0 0.040493 0.292283 0.019264 0.036934
1 0.286478 0.387075 0.018240 0.031153
1 0.286720 0.419864 0.017520 0.026127
5 0.123317 0.392966 0.224136 0.040102
5 0.813101 0.387813 0.072294 0.033475
5 0.812751 0.457184 0.071934 0.039536
0 0.249417 0.626614 0.020685 0.037573
1 0.286506 0.454992 0.019502 0.032587
0 0.655328 0.626830 0.021594 0.039864
3 0.013574 0.292182 0.027130 0.039376
1 0.268654 0.351920 0.015993 0.030980
5 0.812964 0.420203 0.073835 0.037137
5 0.894585 0.387870 0.094367 0.034834
0 0.932575 0.088412 0.015628 0.028376
3 0.777159 0.089280 0.074197 0.029429
5 0.722268 0.715823 0.034830 0.039788
1 0.268438 0.317686 0.016072 0.030745
0 0.062871 0.292568 0.020882 0.038464
5 0.894391 0.457375 0.092460 0.040288
5 0.813527 0.353757 0.072607 0.037202
5 0.124071 0.496264 0.222629 0.039907
5 0.678310 0.388347 0.110744 0.035429
0 0.968953 0.088611 0.040873 0.027981
5 0.125159 0.908808 0.221506 0.041251
5 0.894179 0.420183 0.092175 0.037079
1 0.817148 0.803287 0.015385 0.032613
0 0.949699 0.540779 0.100601 0.038946
5 0.987475 0.419667 0.025050 0.034591
5 0.719186 0.928014 0.028800 0.027333
5 0.315905 0.420001 0.039744 0.034020
0 0.963027 0.980118 0.061233 0.036790
5 0.894634 0.353308 0.092921 0.039564
5 0.987407 0.387354 0.025166 0.034698
5 0.987538 0.457095 0.024924 0.040084
0 0.091893 0.293403 0.021904 0.039864
5 0.125133 0.462289 0.220505 0.037215
5 0.367482 0.387294 0.022352 0.032391
5 0.987826 0.353874 0.024210 0.038251
5 0.678950 0.456880 0.107584 0.039905
5 0.895457 0.144340 0.077119 0.037666
5 0.316189 0.351980 0.039010 0.035387
0 0.489435 0.089599 0.105140 0.029583
5 0.679237 0.317273 0.107894 0.039285
0 0.407631 0.088475 0.044738 0.027568
1 0.268321 0.387373 0.014962 0.030664
0 0.261261 0.088187 0.073755 0.028225
5 0.316011 0.387037 0.039457 0.033342
5 0.125329 0.429224 0.221167 0.036067
5 0.768211 0.353085 0.019054 0.034311
1 0.268457 0.420790 0.014820 0.027016
5 0.746804 0.455633 0.027865 0.036905
5 0.438812 0.387777 0.124830 0.036469
5 0.124345 0.875430 0.222080 0.035465
5 0.678593 0.354130 0.109887 0.040251
0 0.341066 0.089573 0.074458 0.028768
5 0.893759 0.316689 0.092040 0.038489
0 0.571495 0.088337 0.045912 0.027224
5 0.746698 0.387310 0.028052 0.032091
5 0.367479 0.353136 0.022605 0.037078
5 0.316257 0.456005 0.038125 0.036913
5 0.124305 0.632779 0.220052 0.034835
5 0.768381 0.387494 0.019261 0.031876
5 0.746801 0.419923 0.027789 0.033698
0 0.681140 0.089730 0.104403 0.030506
5 0.367626 0.419678 0.022152 0.033526
5 0.746121 0.352972 0.027180 0.035573
0 0.204317 0.088058 0.029117 0.027353
0 0.109553 0.089177 0.151006 0.029389
5 0.124609 0.531593 0.220498 0.038982
5 0.124931 0.735438 0.220909 0.033758
0 0.248541 0.231310 0.020076 0.036420
5 0.316096 0.316628 0.037885 0.033744
5 0.125184 0.840236 0.221457 0.038518
0 0.614236 0.088918 0.025407 0.027822
0 0.249245 0.188491 0.020193 0.033384
5 0.440504 0.418629 0.124602 0.041234
5 0.440469 0.353637 0.126194 0.039643
0 0.120273 0.293410 0.018322 0.037241
5 0.367990 0.316839 0.022462 0.033505
1 0.267958 0.454978 0.016232 0.030214
5 0.679195 0.420688 0.109411 0.035317
5 0.125246 0.666470 0.221332 0.036982
5 0.439405 0.456700 0.124765 0.039926
5 0.123142 0.565458 0.218163 0.028246
5 0.819281 0.889488 0.017649 0.033752
0 0.536845 0.673224 0.040240 0.035369
5 0.124126 0.769903 0.223573 0.039270
5 0.008304 0.804830 0.016608 0.040032
5 0.768493 0.419873 0.019897 0.033410
5 0.367605 0.455947 0.022072 0.037431
5 0.440880 0.316864 0.124993 0.040395
5 0.890604 0.933400 0.075481 0.037189
5 0.769071 0.455416 0.019960 0.035745
5 0.393531 0.715632 0.033254 0.036922
5 0.008220 0.701584 0.016440 0.040906
5 0.563360 0.387402 0.125149 0.036236
0 0.910912 0.089062 0.015683 0.030257
5 0.414085 0.927956 0.075296 0.028092
0 0.309947 0.538792 0.019547 0.036947
3 0.837961 0.088481 0.034881 0.027661
5 0.563386 0.456011 0.124758 0.039978
5 0.725820 0.928222 0.042185 0.031886
5 0.008282 0.908362 0.016564 0.038498
5 0.957768 0.456482 0.037151 0.039274
5 0.008179 0.598422 0.016357 0.040278
5 0.564353 0.418761 0.124158 0.043121
5 0.988547 0.317015 0.022906 0.034983
5 0.008462 0.837968 0.016924 0.030768
1 0.817976 0.717625 0.013974 0.029394
5 0.345306 0.316782 0.023154 0.033972
3 0.136756 0.293028 0.016420 0.039664
5 0.008023 0.495434 0.016046 0.039161
5 0.008221 0.871182 0.016442 0.040072
5 0.564800 0.353278 0.126298 0.039663
5 0.812649 0.317251 0.073986 0.036967
5 0.008373 0.737797 0.016745 0.033386
5 0.957796 0.419612 0.039429 0.034077
5 0.008763 0.634666 0.015769 0.033233
5 0.684816 0.145173 0.190024 0.044770
5 0.442493 0.143803 0.074197 0.036146
5 0.007871 0.429283 0.015680 0.034978
5 0.768464 0.320348 0.016319 0.037007