5 0.163894 0.465929 0.021245 0.036133
5 0.375022 0.466094 0.026122 0.037448
5 0.396609 0.551442 0.068333 0.037364
5 0.378326 0.594866 0.030835 0.036914
5 0.169999 0.723732 0.030462 0.037922
5 0.399719 0.853032 0.024945 0.038115
5 0.208904 0.895312 0.110916 0.038242
5 0.163550 0.551002 0.019401 0.033972
0 0.958347 0.977143 0.056727 0.035271
5 0.212473 0.250962 0.245694 0.039757
5 0.211348 0.509354 0.115720 0.039301
0 0.496005 0.250658 0.024041 0.038229
5 0.209564 0.854072 0.107538 0.039548
0 0.392606 0.087886 0.049196 0.029356
5 0.167640 0.380010 0.025356 0.037905
5 0.211298 0.423873 0.115619 0.039348
5 0.211964 0.208767 0.247486 0.037586
5 0.419950 0.423672 0.116734 0.038274
0 0.227228 0.088380 0.082422 0.029453
0 0.318574 0.088617 0.088740 0.030884
0 0.048580 0.088180 0.051302 0.029376
0 0.086616 0.164193 0.092801 0.043081
0 0.967481 0.089063 0.042069 0.037913
0 0.130588 0.087600 0.100415 0.030864
5 0.392121 0.379934 0.059244 0.038522
3 0.511542 0.088021 0.032599 0.028418
0 0.471354 0.208460 0.023543 0.037517
0 0.470694 0.250920 0.023820 0.037384
1 0.162154 0.595793 0.011711 0.028502
3 0.457982 0.087626 0.066864 0.030005
0 0.959380 0.161598 0.034119 0.041744