0 0.973951 0.096514 0.050648 0.040167
0 0.893636 0.972041 0.072667 0.043045
0 0.305570 0.640198 0.024108 0.042697
3 0.116961 0.095453 0.039038 0.030443
0 0.557127 0.892852 0.024856 0.040987
0 0.581339 0.893283 0.023343 0.039950
5 0.238100 0.488068 0.207675 0.044956
0 0.609779 0.893095 0.024471 0.039413
0 0.967167 0.972976 0.062902 0.036786
5 0.222473 0.438758 0.175420 0.046921
0 0.528369 0.893047 0.025192 0.040127
5 0.206776 0.640827 0.147584 0.045557
0 0.633762 0.893279 0.022570 0.039123
5 0.221602 0.540551 0.177236 0.044065
0 0.534653 0.184936 0.023743 0.041416
5 0.382396 0.186723 0.282906 0.045951
5 0.190884 0.185951 0.099635 0.042568
3 0.047169 0.096662 0.087018 0.031266
0 0.329206 0.640357 0.023466 0.042237
5 0.325330 0.437176 0.031990 0.043275
5 0.396095 0.892562 0.243214 0.048674
0 0.073887 0.237000 0.137436 0.047638
0 0.043688 0.844400 0.031075 0.035200
5 0.325763 0.539334 0.031178 0.047078
0 0.079819 0.289524 0.118961 0.046139
5 0.205116 0.893143 0.142805 0.043969