0 0.376662 0.351327 0.153241 0.029939
0 0.278314 0.171601 0.016416 0.033160
5 0.164234 0.879519 0.027597 0.031713
5 0.164074 0.483488 0.027700 0.033160
0 0.201438 0.984447 0.039952 0.026473
0 0.377636 0.315744 0.152249 0.032264
5 0.157782 0.134856 0.061364 0.031368
5 0.147709 0.315595 0.029047 0.031965
0 0.059908 0.422229 0.057339 0.027496
0 0.982019 0.067139 0.034935 0.027191
0 0.277847 0.066649 0.046096 0.022016
0 0.233654 0.066788 0.029460 0.022591
5 0.164514 0.983701 0.027841 0.024982
0 0.191048 0.067241 0.046351 0.022471
0 0.562235 0.067228 0.035398 0.022768
0 0.447750 0.066939 0.035571 0.022646
5 0.155709 0.735709 0.012589 0.029782
5 0.155871 0.627064 0.013230 0.032346
5 0.158656 0.770688 0.017489 0.032626
3 0.700029 0.068446 0.030023 0.027039
0 0.600968 0.067497 0.030766 0.023250
0 0.069557 0.068010 0.102984 0.024625
0 0.504744 0.067739 0.067263 0.024843
0 0.365619 0.067341 0.114803 0.025221
0 0.144254 0.066904 0.034323 0.021784
5 0.158012 0.660755 0.016811 0.028984
3 0.650361 0.069517 0.058072 0.027611
1 0.156887 0.698690 0.009945 0.022478
1 0.157689 0.948716 0.010395 0.019540
3 0.199334 0.169887 0.141657 0.029733
1 0.211123 0.806221 0.010543 0.020241
1 0.237913 0.841764 0.011627 0.020179
5 0.163403 0.450328 0.028574 0.025991
1 0.237529 0.591899 0.009513 0.019028
1 0.125250 0.914955 0.009513 0.019855