0 0.446476 0.173969 0.021611 0.042384
0 0.425297 0.173465 0.020778 0.041375
5 0.195262 0.266307 0.091765 0.037339
0 0.467912 0.175483 0.021345 0.037339
0 0.043724 0.089031 0.082059 0.030691
0 0.314177 0.308789 0.133695 0.039553
0 0.051073 0.399557 0.052853 0.036677
0 0.383320 0.174979 0.022919 0.040366
0 0.404222 0.174474 0.020760 0.039357
0 0.973280 0.089380 0.048393 0.035849
5 0.164263 0.220230 0.028250 0.033990
3 0.205386 0.089448 0.037879 0.030169
0 0.290525 0.175430 0.014968 0.035426
0 0.137079 0.089209 0.090113 0.030027
5 0.216279 0.174500 0.132532 0.037286
0 0.325489 0.978283 0.068239 0.031923
0 0.015626 0.978031 0.014928 0.026392
0 0.118339 0.397379 0.049621 0.034854