5 0.227420 0.487665 0.027037 0.041546
0 0.192908 0.084984 0.059534 0.029086
0 0.144013 0.085118 0.021933 0.026638
0 0.970635 0.085419 0.045707 0.033402
0 0.914716 0.975668 0.061515 0.036532
5 0.175794 0.350384 0.076873 0.041546
5 0.523919 0.532371 0.021620 0.038836
5 0.169298 0.441152 0.062152 0.038836
5 0.244215 0.668949 0.061470 0.037429
5 0.199051 0.897110 0.124740 0.039158
0 0.367473 0.085085 0.060951 0.029852
5 0.244679 0.624945 0.062019 0.037933
5 0.373591 0.488293 0.048120 0.041712
0 0.585593 0.761301 0.019331 0.038878
0 0.973949 0.973777 0.041362 0.032261
5 0.530909 0.441904 0.035889 0.039739
5 0.551232 0.487231 0.076534 0.040606
5 0.176211 0.670104 0.077108 0.041546
5 0.440716 0.577742 0.074651 0.037077
5 0.182291 0.168848 0.089867 0.039739
0 0.074397 0.085896 0.102317 0.028883
5 0.430696 0.623472 0.054557 0.037698
5 0.175553 0.624042 0.077544 0.039739
5 0.431009 0.898152 0.069730 0.040785
0 0.280135 0.085353 0.100971 0.027896
5 0.176270 0.487213 0.077326 0.040642
5 0.441663 0.670435 0.075954 0.038931
5 0.155133 0.213809 0.035362 0.041939
5 0.274362 0.898755 0.029243 0.038836
5 0.493527 0.579133 0.028300 0.039858
5 0.154903 0.716165 0.035416 0.041546
5 0.479514 0.898152 0.028289 0.040785
1 0.143771 0.533709 0.013980 0.028868
3 0.422022 0.085556 0.034624 0.031279
1 0.280231 0.531776 0.014091 0.028586
5 0.224176 0.396830 0.020075 0.037164
5 0.509706 0.669045 0.061738 0.039858
1 0.570790 0.762080 0.010992 0.025711
5 0.472081 0.625016 0.029478 0.038931
1 0.143491 0.578435 0.013388 0.028004
5 0.172154 0.937238 0.070362 0.023680
0 0.205986 0.396714 0.013592 0.031996
5 0.168274 0.396335 0.060968 0.034514
5 0.278529 0.761624 0.281501 0.037933