0 0.924667 0.873533 0.021887 0.035115
5 0.582036 0.479035 0.168022 0.033010
5 0.521442 0.411998 0.049817 0.032759
0 0.172860 0.438262 0.016515 0.024543
5 0.521839 0.445355 0.049083 0.031563
0 0.054527 0.437701 0.018549 0.025496
3 0.111182 0.078566 0.138198 0.032325
0 0.903317 0.873475 0.020444 0.036168
5 0.581681 0.816924 0.168566 0.030844
0 0.486791 0.076681 0.020073 0.026073
0 0.152980 0.438275 0.013198 0.025077
5 0.541213 0.580765 0.088788 0.033876
5 0.582008 0.614463 0.169195 0.031939
5 0.549657 0.512751 0.103714 0.031885
5 0.565499 0.343591 0.137270 0.032484
5 0.846423 0.816488 0.169336 0.032759
5 0.822127 0.411121 0.040645 0.033120
5 0.541201 0.545890 0.088812 0.030848
0 0.076063 0.439361 0.017658 0.026358
0 0.138301 0.437479 0.016921 0.026499
5 0.806401 0.681548 0.088846 0.034569
0 0.047203 0.182396 0.016313 0.024536
0 0.328368 0.077009 0.015331 0.025738
0 0.324102 0.437586 0.025844 0.027120
5 0.806189 0.477915 0.088952 0.032164
0 0.237188 0.437795 0.017778 0.025308
0 0.261789 0.077106 0.016146 0.026647
0 0.307935 0.076285 0.020622 0.026605
0 0.212037 0.076812 0.018797 0.027649
0 0.290069 0.438879 0.027249 0.026379
0 0.119305 0.438784 0.019385 0.025265
5 0.176227 0.369693 0.047127 0.030858
5 0.541682 0.682226 0.089432 0.029558
5 0.195447 0.302678 0.087353 0.031580
5 0.814635 0.512699 0.104981 0.033062
0 0.512776 0.075529 0.019991 0.026332
0 0.534230 0.075147 0.018799 0.024995
0 0.097191 0.437611 0.017677 0.025901
0 0.464996 0.076773 0.022191 0.026830
5 0.601584 0.276349 0.209236 0.033313
5 0.798901 0.545960 0.071656 0.031088
5 0.540514 0.310067 0.087961 0.031135
0 0.240257 0.077404 0.017899 0.027457
0 0.349880 0.077487 0.018238 0.026490
5 0.517606 0.749283 0.040377 0.030778
5 0.194851 0.268356 0.087025 0.030052
0 0.416952 0.076641 0.017775 0.028528
0 0.438270 0.076637 0.023051 0.027044
5 0.581862 0.648512 0.169237 0.033688
0 0.374720 0.076903 0.018540 0.026820
5 0.798928 0.581020 0.072021 0.033456
0 0.281348 0.077845 0.018790 0.026058
0 0.067064 0.181995 0.018061 0.023180
0 0.262608 0.437724 0.025079 0.025382
5 0.220286 0.336109 0.136242 0.032592
5 0.517462 0.783326 0.041139 0.032170
0 0.192325 0.076173 0.017282 0.026288
0 0.026216 0.437912 0.020498 0.027863
0 0.024227 0.182735 0.019576 0.026971
0 0.396651 0.076561 0.016330 0.027602
0 0.206442 0.438222 0.026034 0.024083
0 0.355116 0.438805 0.017491 0.024904
5 0.806188 0.344383 0.090058 0.034139
0 0.185818 0.437732 0.012619 0.025400
5 0.505458 0.715623 0.016775 0.030966
5 0.509449 0.241656 0.024519 0.030979
5 0.806339 0.376257 0.086940 0.031883
0 0.027148 0.076577 0.016863 0.024882
0 0.928208 0.196627 0.014701 0.024395