0 0.060283 0.909385 0.024789 0.033609
0 0.343974 0.908996 0.024954 0.034693
0 0.139485 0.909593 0.024416 0.033321
0 0.318933 0.908681 0.024334 0.034776
3 0.268860 0.829006 0.061977 0.031024
0 0.109810 0.909886 0.023426 0.033145
3 0.269131 0.797637 0.062191 0.033092
0 0.278482 0.909242 0.025565 0.034277
0 0.214351 0.909380 0.024603 0.033512
3 0.268798 0.766155 0.060842 0.032630
5 0.258572 0.437919 0.212388 0.034389
5 0.704083 0.437757 0.260014 0.033092
0 0.253685 0.909046 0.023801 0.034973
0 0.469784 0.076668 0.020665 0.029188
0 0.176907 0.909104 0.048900 0.033388
0 0.085392 0.909606 0.024593 0.032250
3 0.268372 0.733601 0.062776 0.032624
5 0.881334 0.671472 0.128502 0.031714
0 0.490402 0.076560 0.019394 0.029707
0 0.027380 0.909725 0.026949 0.034943
5 0.880250 0.829598 0.127200 0.029961
5 0.704663 0.337133 0.261173 0.034267
0 0.518467 0.075405 0.018337 0.027090
5 0.881261 0.702142 0.129221 0.034873
5 0.881320 0.734219 0.128475 0.034962
5 0.423595 0.736163 0.248467 0.029645
5 0.880549 0.766613 0.126933 0.031714
0 0.393405 0.032929 0.042039 0.020189
5 0.222111 0.403835 0.139465 0.033076
5 0.423043 0.671230 0.249315 0.032658
3 0.268420 0.701702 0.063202 0.031807
5 0.880313 0.797037 0.126460 0.032621
5 0.380129 0.303326 0.050122 0.033609
5 0.423315 0.703707 0.247906 0.032297
5 0.423547 0.829379 0.249754 0.033150
0 0.401979 0.076321 0.020070 0.027233
0 0.442653 0.075476 0.019816 0.029777
5 0.423166 0.766027 0.247610 0.034096
1 0.950217 0.766503 0.014624 0.021227
1 0.950191 0.798803 0.014945 0.022145
0 0.380435 0.075953 0.020038 0.028277
0 0.255720 0.033693 0.045557 0.022422
0 0.540566 0.074405 0.017372 0.024322
0 0.423851 0.181530 0.040842 0.027755
0 0.325726 0.031572 0.068274 0.019775
0 0.422812 0.076632 0.016803 0.026365
0 0.062362 0.033224 0.065456 0.027694
5 0.108563 0.765488 0.085389 0.032823
5 0.108341 0.829160 0.088269 0.028574
0 0.202129 0.033307 0.033914 0.018605
1 0.950742 0.735087 0.013670 0.022075
5 0.109123 0.733865 0.086510 0.031024
0 0.332658 0.075535 0.016644 0.030425
1 0.050476 0.766747 0.030240 0.030825
1 0.950182 0.670628 0.014076 0.020519
0 0.505702 0.182189 0.099759 0.029604
0 0.017788 0.029035 0.015482 0.022523
1 0.950454 0.829872 0.014608 0.022018
0 0.312337 0.075850 0.021605 0.032569
0 0.442628 0.033064 0.026247 0.019763
0 0.351331 0.076164 0.020950 0.030651
1 0.050845 0.797901 0.030146 0.030832
1 0.950375 0.703530 0.013823 0.022642
1 0.050282 0.827872 0.029552 0.029747
5 0.424004 0.797754 0.248421 0.029191
0 0.344498 0.182060 0.092492 0.026190
0 0.114826 0.033079 0.025992 0.021961
5 0.108581 0.703121 0.088021 0.031584
5 0.967564 0.733827 0.022802 0.032805
5 0.967709 0.702508 0.023399 0.030504
5 0.108996 0.798671 0.087121 0.035161
1 0.050708 0.734538 0.029925 0.032138
4 0.113333 0.297418 0.125182 0.027637
4 0.100311 0.232067 0.099093 0.025745
1 0.030610 0.470642 0.013829 0.022805
5 0.968428 0.671225 0.023004 0.032062
0 0.155820 0.032165 0.028293 0.019702
5 0.968113 0.797975 0.019930 0.031870
4 0.114550 0.135014 0.123057 0.028341
4 0.074670 0.168442 0.048767 0.023981
4 0.066010 0.200780 0.029625 0.023254
4 0.064871 0.265576 0.029169 0.023981
4 0.113866 0.331221 0.128071 0.025434
4 0.078772 0.365739 0.056059 0.024708
1 0.050951 0.671472 0.028106 0.031714
1 0.050086 0.701807 0.028970 0.031714
5 0.109108 0.672162 0.086479 0.033092
3 0.268661 0.671472 0.061400 0.031714
5 0.806707 0.670982 0.021745 0.031133
5 0.807373 0.702468 0.021301 0.031841
5 0.806041 0.734309 0.021301 0.033256
5 0.806263 0.766857 0.020857 0.031841
5 0.806485 0.799051 0.022189 0.032548
5 0.805597 0.830538 0.020414 0.031841
5 0.967871 0.828062 0.019526 0.031133
5 0.967649 0.766149 0.021745 0.031841