5 0.232386 0.342060 0.015607 0.030910
5 0.232650 0.542122 0.015519 0.030926
5 0.232528 0.422937 0.016449 0.032675
5 0.232343 0.622687 0.016116 0.031857
5 0.232485 0.663132 0.015724 0.031288
5 0.232638 0.301814 0.015771 0.031267
5 0.232423 0.702180 0.015889 0.031126
5 0.232535 0.382603 0.016506 0.031993
5 0.232579 0.462712 0.015885 0.031380
0 0.549132 0.960118 0.135704 0.043916
0 0.143529 0.103771 0.110035 0.033179
0 0.048532 0.103473 0.062643 0.032094
5 0.232523 0.502359 0.016621 0.032241
5 0.232501 0.581945 0.016406 0.032365
5 0.232628 0.743222 0.015364 0.031119
0 0.976958 0.103509 0.046084 0.035118
0 0.458534 0.959803 0.029452 0.031320
5 0.232702 0.261478 0.015173 0.030406
0 0.711598 0.960933 0.173692 0.040383
5 0.282254 0.381087 0.083853 0.042885
0 0.805011 0.123649 0.021405 0.041739
5 0.282150 0.421282 0.083848 0.042683
5 0.282305 0.340792 0.083533 0.041945
1 0.691085 0.262216 0.014569 0.031575
5 0.282056 0.461194 0.083836 0.043365
5 0.282401 0.301922 0.083794 0.041314
5 0.282529 0.700923 0.082866 0.041675
5 0.282064 0.621086 0.083823 0.041843
5 0.282182 0.501557 0.083486 0.042436
5 0.282181 0.660832 0.084044 0.042722
5 0.282142 0.581207 0.083339 0.043184
5 0.282231 0.540732 0.083630 0.042302
5 0.282257 0.740447 0.082609 0.042213
0 0.965595 0.194155 0.038247 0.041652
5 0.282825 0.260903 0.079990 0.042046