0 0.020011 0.176446 0.021260 0.037289
5 0.210844 0.727093 0.126233 0.040885
5 0.152551 0.498255 0.077871 0.039793
5 0.173179 0.406448 0.118342 0.038915
5 0.471972 0.497930 0.078269 0.039247
0 0.726580 0.980142 0.057668 0.039716
0 0.919119 0.086742 0.057281 0.032612
5 0.288014 0.726596 0.028573 0.037392
0 0.976653 0.087031 0.043503 0.032231
0 0.729435 0.314576 0.020770 0.037600
5 0.121049 0.544145 0.017150 0.040998
0 0.409776 0.314902 0.021726 0.037040
5 0.249529 0.406390 0.034349 0.036727
0 0.694553 0.360792 0.021671 0.038013
0 0.050271 0.086622 0.078669 0.031400
5 0.492433 0.405965 0.119347 0.039046
5 0.257286 0.269990 0.286992 0.039066
0 0.789781 0.977826 0.056508 0.031847
0 0.858621 0.977673 0.064937 0.030870
0 0.375083 0.360779 0.020911 0.038490
5 0.575796 0.270303 0.286507 0.038441
3 0.135031 0.086881 0.076204 0.031194
3 0.198690 0.086487 0.035173 0.028628
0 0.975129 0.977006 0.046659 0.028641
5 0.569222 0.406175 0.034697 0.035813
5 0.541274 0.360628 0.218075 0.039746
0 0.921368 0.976568 0.044258 0.027188
0 0.072434 0.183115 0.040714 0.043113
5 0.575794 0.315940 0.287423 0.042381
5 0.256085 0.315501 0.286031 0.041875
5 0.221541 0.361692 0.215065 0.038828
5 0.346351 0.360959 0.034358 0.036779
5 0.665413 0.360847 0.033438 0.036051