5 0.740193 0.772286 0.065318 0.038326
5 0.236475 0.865806 0.099990 0.044330
5 0.739988 0.865754 0.064083 0.039950
5 0.238951 0.728102 0.108464 0.040412
5 0.721566 0.819878 0.026345 0.034843
5 0.219376 0.774463 0.067437 0.043134
5 0.238755 0.914883 0.106059 0.039558
0 0.094971 0.089254 0.062778 0.028755
5 0.777262 0.728521 0.137279 0.039493
0 0.032061 0.088550 0.031366 0.030674
5 0.271171 0.457914 0.408392 0.302849
5 0.304892 0.866303 0.034782 0.040946
5 0.290575 0.682144 0.206904 0.039368
3 0.987633 0.088856 0.024453 0.033514
0 0.018967 0.973604 0.026365 0.044611
5 0.207143 0.821201 0.039986 0.042547
3 0.333169 0.089653 0.129989 0.031350
3 0.458357 0.088160 0.094154 0.031350