5 0.191737 0.342438 0.086850 0.040724
5 0.664180 0.845979 0.031993 0.043501
5 0.572492 0.847576 0.141200 0.043927
5 0.608276 0.694502 0.098934 0.046011
5 0.733022 0.694515 0.157307 0.046958
5 0.179206 0.846886 0.078533 0.041241
0 0.850872 0.974904 0.074667 0.044164
0 0.062442 0.102245 0.100497 0.030408
5 0.167589 0.289733 0.042233 0.038506
5 0.213471 0.937891 0.146579 0.021112
5 0.278130 0.188491 0.264214 0.049371
5 0.573187 0.895924 0.136876 0.043701
0 0.070112 0.447205 0.074098 0.037950
5 0.664151 0.895841 0.031460 0.045429
0 0.142034 0.101829 0.037143 0.029374
0 0.974882 0.101255 0.049370 0.041635
5 0.626857 0.188624 0.032838 0.047524
0 0.968978 0.976980 0.060239 0.035167
5 0.516460 0.934972 0.024439 0.024465
0 0.910690 0.976038 0.035318 0.035414
0 0.043084 0.444768 0.014867 0.030822
0 0.135369 0.440957 0.014263 0.028851
5 0.327600 0.188732 0.264143 0.047298
5 0.642363 0.541339 0.355454 0.051327
5 0.243480 0.442179 0.012960 0.025667
5 0.303792 0.245135 0.317033 0.052099
5 0.191905 0.334163 0.087147 0.036690