0 0.718370 0.304883 0.122846 0.047091
0 0.333641 0.304098 0.021915 0.046757
0 0.891641 0.976183 0.069921 0.047634
0 0.963527 0.976456 0.062521 0.033511
0 0.304974 0.300823 0.022008 0.041833
0 0.281343 0.305041 0.021725 0.049629
0 0.505876 0.303430 0.020465 0.046215
0 0.967234 0.354828 0.065532 0.047091
0 0.068526 0.342858 0.021714 0.047566
0 0.355858 0.305176 0.021081 0.050233
0 0.258145 0.304276 0.022841 0.048306
0 0.460237 0.304660 0.022752 0.049388
3 0.476095 0.406847 0.309373 0.047141
0 0.206359 0.402635 0.021267 0.043416
0 0.528458 0.305415 0.021455 0.044124
0 0.430993 0.305884 0.021947 0.043185
0 0.408158 0.305415 0.022971 0.046002
0 0.484061 0.304564 0.021199 0.047703
3 0.014048 0.343783 0.027658 0.051001
0 0.662435 0.402726 0.024091 0.046389
0 0.378218 0.304707 0.023279 0.049295
0 0.550195 0.304945 0.024682 0.045063
0 0.042992 0.343392 0.021858 0.046498
0 0.101796 0.340431 0.024257 0.044575
0 0.685927 0.401932 0.023062 0.045628
0 0.228796 0.303273 0.022900 0.047458
1 0.248836 0.231570 0.017941 0.040248
0 0.930972 0.097339 0.013843 0.031422
0 0.971760 0.097264 0.047320 0.034302
1 0.228160 0.151988 0.014701 0.029272
1 0.227512 0.190397 0.015134 0.029251
3 0.480493 0.808894 0.121923 0.047365
5 0.705153 0.627204 0.575344 0.306181
3 0.780489 0.097374 0.036362 0.029737
1 0.227079 0.230655 0.014269 0.031101
1 0.249143 0.191322 0.017705 0.040248
0 0.106413 0.097060 0.168133 0.030502
0 0.905678 0.097789 0.014272 0.031979
0 0.215763 0.097532 0.028404 0.028904
0 0.693935 0.100301 0.050182 0.036722
0 0.412288 0.097092 0.045516 0.028284
0 0.355589 0.096967 0.048001 0.029846
0 0.740441 0.098783 0.023964 0.030936
0 0.281731 0.102251 0.083642 0.021405
0 0.489488 0.099398 0.086341 0.044237
0 0.601237 0.100824 0.118718 0.038529