1 0.270175 0.849429 0.013404 0.027394
0 0.093657 0.292602 0.019889 0.038260
1 0.288859 0.845915 0.016682 0.033062
0 0.041254 0.291966 0.019994 0.040319
1 0.289080 0.812489 0.015971 0.033093
0 0.901958 0.975481 0.065321 0.040684
1 0.269959 0.745597 0.011242 0.021208
3 0.013858 0.293118 0.027317 0.039511
1 0.289302 0.711827 0.017191 0.036350
0 0.064374 0.292164 0.020951 0.038673
1 0.269959 0.883008 0.013837 0.027394
1 0.289087 0.779553 0.017266 0.033017
1 0.270175 0.780944 0.011675 0.024743
1 0.288858 0.881128 0.017045 0.032352
1 0.289160 0.744710 0.017063 0.031409
5 0.688373 0.145879 0.187659 0.035347
0 0.122841 0.293149 0.019231 0.039238
1 0.269959 0.814524 0.013837 0.022975
1 0.269959 0.712018 0.012972 0.024743
5 0.899472 0.146502 0.075012 0.041510
0 0.166140 0.292043 0.019245 0.042495
1 0.288683 0.914350 0.015279 0.030710
5 0.814865 0.779128 0.070864 0.034310
5 0.814707 0.847425 0.071425 0.036351
5 0.443404 0.711470 0.126082 0.040741
0 0.973353 0.091478 0.040741 0.028844
4 0.353345 0.405519 0.082667 0.023711
1 0.269892 0.917083 0.012240 0.023083
5 0.815284 0.882042 0.070243 0.034300
5 0.443006 0.779442 0.128167 0.037229
5 0.814776 0.813104 0.071342 0.036377
4 0.351063 0.446885 0.079697 0.025584
5 0.814689 0.746646 0.075022 0.034667
0 0.264478 0.092501 0.073317 0.032592
5 0.443141 0.746338 0.126708 0.036874
0 0.206035 0.090189 0.025708 0.026645
4 0.359970 0.229590 0.099681 0.022803
0 0.674763 0.091030 0.022967 0.026677
5 0.442802 0.847843 0.127759 0.038622
3 0.336547 0.146468 0.140096 0.042416
5 0.443074 0.882183 0.127438 0.038445
4 0.341206 0.490341 0.056575 0.025892
0 0.966536 0.979209 0.054422 0.030209
0 0.936661 0.092187 0.016062 0.029872
4 0.358237 0.316947 0.095266 0.027335
0 0.914397 0.092211 0.017870 0.030297
0 0.633246 0.090542 0.043486 0.027014
0 0.107957 0.091138 0.156542 0.027948
5 0.814694 0.713151 0.073453 0.037013
5 0.683053 0.847368 0.111320 0.038890
1 0.250980 0.625207 0.019365 0.032984
5 0.442403 0.813776 0.127291 0.037984
0 0.381547 0.089672 0.041039 0.027815
0 0.331295 0.090723 0.040864 0.027585
4 0.357108 0.361036 0.089692 0.027154
0 0.250485 0.191063 0.020354 0.036879
5 0.682589 0.813549 0.111719 0.037431
3 0.818317 0.091441 0.034404 0.027652
5 0.682392 0.745008 0.111803 0.037715
0 0.549451 0.091932 0.103666 0.028473
0 0.452285 0.091533 0.082155 0.030929
0 0.744368 0.091533 0.098154 0.022092
5 0.445295 0.145584 0.075669 0.038882
0 0.347574 0.537934 0.158689 0.045951
4 0.362275 0.186969 0.097289 0.029161
4 0.365086 0.273127 0.102045 0.031812
4 0.351249 0.578436 0.082155 0.023859
5 0.815569 0.917030 0.073075 0.035347
5 0.681887 0.779177 0.110693 0.035347
5 0.683400 0.881683 0.110261 0.035347
5 0.683400 0.914379 0.109396 0.037114
5 0.442052 0.917471 0.126259 0.032696
3 0.139375 0.293157 0.013837 0.038882