1 0.041530 0.857171 0.013999 0.030724
1 0.063848 0.894247 0.021237 0.035471
1 0.064764 0.935162 0.018978 0.035449
5 0.392817 0.294421 0.392689 0.051930
1 0.063883 0.853867 0.021341 0.039483
5 0.521049 0.195363 0.215810 0.049393
1 0.041734 0.936209 0.012467 0.030453
1 0.041644 0.899314 0.012646 0.025203
0 0.895564 0.983446 0.072023 0.033108
1 0.658732 0.894227 0.018440 0.033659
1 0.658999 0.935401 0.019385 0.037349
3 0.241755 0.755402 0.181049 0.046900
0 0.257266 0.103634 0.085153 0.030107
5 0.179355 0.395527 0.036255 0.041487
2 0.758105 0.194327 0.086873 0.045543
0 0.976340 0.103967 0.046161 0.035423
0 0.089182 0.106379 0.159791 0.045393
5 0.395288 0.397843 0.394146 0.049393
5 0.210576 0.499182 0.100162 0.041745
1 0.658928 0.854760 0.019410 0.037033
5 0.640603 0.754944 0.292447 0.055289
0 0.333976 0.103525 0.046737 0.028842
5 0.242049 0.194218 0.084386 0.042610
0 0.391548 0.103833 0.047019 0.028615
5 0.427211 0.499923 0.340963 0.055044
0 0.020897 0.754952 0.023565 0.042709
0 0.091527 0.250865 0.072371 0.036255
0 0.934988 0.105372 0.017113 0.032122
0 0.191415 0.104237 0.030356 0.029021
0 0.967876 0.983893 0.064248 0.031482
0 0.020506 0.244630 0.025098 0.039837
0 0.625737 0.104786 0.024449 0.029807
5 0.173497 0.296161 0.024907 0.042937
3 0.790770 0.103864 0.039834 0.028985
0 0.578630 0.105139 0.049877 0.030675
0 0.908826 0.104988 0.015996 0.031626
0 0.705698 0.104310 0.112783 0.029438
3 0.637351 0.755864 0.297807 0.053112
5 0.555007 0.856810 0.126553 0.046349
0 0.483504 0.104253 0.120443 0.032694
3 0.121716 0.195613 0.164200 0.040079
0 0.042652 0.245879 0.016700 0.035536
5 0.097968 0.857277 0.045290 0.044567
5 0.097005 0.897792 0.045290 0.044567
5 0.096041 0.937801 0.043363 0.039502
5 0.896931 0.857675 0.043240 0.044541
5 0.895850 0.896762 0.044537 0.042723
5 0.896931 0.939030 0.044104 0.038178
5 0.824433 0.857220 0.108964 0.039996
5 0.822704 0.896307 0.106369 0.045450
5 0.822920 0.937212 0.105072 0.043632
5 0.730604 0.857675 0.082155 0.039087
5 0.730387 0.897671 0.083452 0.042723
5 0.730387 0.938121 0.084317 0.039996
5 0.555556 0.897671 0.124097 0.042723
5 0.555772 0.939030 0.124530 0.039996
5 0.423026 0.857675 0.143555 0.044541
5 0.423243 0.898125 0.144852 0.041814
5 0.423675 0.937212 0.143988 0.036360
5 0.281849 0.858129 0.142258 0.041814
5 0.280985 0.898580 0.143123 0.039087
5 0.281417 0.937667 0.143123 0.040905
5 0.140673 0.857069 0.044104 0.040905
5 0.140240 0.897065 0.043240 0.042723
5 0.139375 0.938424 0.044969 0.041814