5 0.163404 0.381840 0.079950 0.038799
5 0.403296 0.511150 0.031577 0.036031
5 0.157543 0.682229 0.065172 0.035944
3 0.246609 0.297000 0.246465 0.038925
0 0.061753 0.092917 0.074199 0.029675
5 0.248411 0.210451 0.246609 0.039349
0 0.145351 0.092815 0.082417 0.028895
5 0.404429 0.468823 0.031774 0.035206
0 0.668979 0.712065 0.063798 0.035736
0 0.972407 0.976539 0.028448 0.037002
0 0.210468 0.092646 0.036214 0.025447
5 0.195826 0.511825 0.142079 0.038654
0 0.967763 0.092750 0.042194 0.033826
3 0.247402 0.252380 0.246898 0.038704
4 0.967815 0.093447 0.041700 0.033278
3 0.251890 0.092791 0.030829 0.026757
0 0.251693 0.092454 0.031437 0.025940
5 0.196497 0.724621 0.146577 0.041543
0 0.594362 0.710026 0.071677 0.029243
0 0.729044 0.356587 0.011242 0.029732
0 0.424612 0.470090 0.014701 0.034834
1 0.392831 0.598296 0.013404 0.026125