5 0.208455 0.892223 0.107515 0.038272
5 0.419797 0.423605 0.115581 0.043175
0 0.049184 0.090113 0.050830 0.029722
0 0.390322 0.090590 0.048592 0.028481
5 0.212522 0.507738 0.117166 0.042925
5 0.396490 0.551184 0.068745 0.034577
0 0.317139 0.090978 0.089057 0.029685
3 0.438864 0.089300 0.031030 0.027585
0 0.128704 0.089584 0.098710 0.029906
5 0.211430 0.422700 0.116437 0.042463
0 0.495210 0.248567 0.024049 0.034331
0 0.226767 0.089351 0.082100 0.027308
0 0.956928 0.975492 0.058453 0.039838
5 0.374639 0.465031 0.026028 0.037001
5 0.378351 0.593435 0.031412 0.034307
0 0.086732 0.165018 0.093168 0.043443
5 0.208218 0.848796 0.109183 0.041475
0 0.967299 0.089324 0.040647 0.031545
5 0.170063 0.721891 0.030616 0.037766
5 0.399525 0.849956 0.024933 0.036012
0 0.469875 0.249149 0.024181 0.034641
5 0.164579 0.465023 0.020358 0.037755
5 0.163963 0.550624 0.020263 0.036931
0 0.470660 0.207797 0.023926 0.038902
5 0.392520 0.380433 0.058723 0.037485
4 0.119174 0.465621 0.068139 0.025985
1 0.162004 0.592652 0.012972 0.027093
4 0.119975 0.593100 0.067576 0.025718
5 0.167049 0.379942 0.024214 0.037736
5 0.210793 0.250445 0.245168 0.034834