1 0.366537 0.459346 0.013036 0.032150
1 0.366574 0.287108 0.013383 0.025233
1 0.366472 0.422717 0.013203 0.023858
1 0.366628 0.626660 0.013150 0.030770
1 0.366591 0.323495 0.013218 0.026330
1 0.366537 0.389787 0.013346 0.028025
1 0.366672 0.255400 0.013597 0.020980
1 0.366612 0.488762 0.013015 0.023998
1 0.366881 0.730474 0.013868 0.024899
1 0.366725 0.593185 0.013450 0.021855
5 0.168389 0.378171 0.079207 0.041364
5 0.162168 0.679488 0.065564 0.034883
1 0.366871 0.562141 0.013716 0.024477
1 0.366546 0.222712 0.013668 0.026843
1 0.366571 0.658494 0.012801 0.027516
1 0.366783 0.356791 0.013318 0.028946
0 0.543454 0.946475 0.016049 0.027029
1 0.366909 0.534279 0.013617 0.023365
1 0.366686 0.509803 0.012920 0.019620
1 0.366726 0.698049 0.013472 0.034055
1 0.366487 0.795438 0.013952 0.031009
0 0.564204 0.945396 0.014945 0.028110
0 0.066731 0.086162 0.073274 0.027358
1 0.366770 0.763283 0.014095 0.029059
5 0.238337 0.508168 0.221583 0.044919
5 0.238272 0.209728 0.219965 0.049289
5 0.238496 0.291435 0.220305 0.038849
0 0.980376 0.977218 0.028896 0.040434
0 0.610187 0.948462 0.061994 0.032809
0 0.149375 0.087069 0.083085 0.029086
0 0.216980 0.086591 0.040129 0.026405
0 0.512055 0.946902 0.035986 0.028707
0 0.974685 0.086237 0.041291 0.032874
4 0.414994 0.292686 0.080524 0.025584
0 0.446295 0.947443 0.084728 0.031444
5 0.238936 0.249928 0.219633 0.042324
5 0.237369 0.721956 0.218303 0.041361
0 0.392405 0.950963 0.015958 0.032441
1 0.362286 0.910929 0.014667 0.026531
1 0.362780 0.873420 0.013246 0.023562
0 0.659326 0.111771 0.019839 0.034700
4 0.402067 0.359102 0.058448 0.024216
4 0.402041 0.323773 0.055342 0.022772
0 0.656242 0.947149 0.017884 0.033509