0 0.972988 0.976254 0.053698 0.035168
5 0.242793 0.428531 0.105036 0.040942
5 0.741935 0.858231 0.073794 0.040103
5 0.742021 0.814164 0.074914 0.043712
3 0.405794 0.095068 0.131786 0.037530
5 0.201234 0.857564 0.036224 0.040419
3 0.161679 0.091227 0.114112 0.031042
5 0.209543 0.768361 0.053378 0.041139
5 0.723520 0.721769 0.038263 0.037269
3 0.277041 0.093349 0.091615 0.027040
5 0.216133 0.565418 0.051168 0.037915
5 0.744243 0.904161 0.077618 0.040085
5 0.221561 0.813193 0.077624 0.040326
5 0.378818 0.473769 0.378121 0.042717
5 0.221755 0.903373 0.078457 0.038985
0 0.014972 0.974537 0.027156 0.036133
3 0.985529 0.093534 0.028323 0.034743
0 0.049880 0.091766 0.080957 0.030840
5 0.205556 0.676208 0.044323 0.039892
5 0.209001 0.723499 0.052732 0.041255
5 0.231175 0.518273 0.081185 0.039073
5 0.303672 0.334972 0.223118 0.042471
5 0.223121 0.936871 0.081580 0.025387
0 0.778005 0.859365 0.014629 0.035554
5 0.242365 0.380670 0.102882 0.035241
0 0.777434 0.815370 0.013749 0.038239
0 0.071671 0.029300 0.031383 0.031642
0 0.995314 0.173411 0.009372 0.035261
0 0.255652 0.813516 0.014296 0.034456
0 0.256141 0.906179 0.015326 0.034567
0 0.405659 0.334668 0.014269 0.028258
0 0.557934 0.472917 0.012107 0.026435
0 0.263689 0.517887 0.013404 0.031904
0 0.234935 0.565742 0.012972 0.032815
0 0.217639 0.674823 0.011242 0.027346
0 0.226719 0.721311 0.012107 0.030992
0 0.226287 0.766888 0.011242 0.029169
0 0.211802 0.859864 0.013404 0.029169
0 0.778293 0.906987 0.019674 0.032587