0 0.869544 0.971609 0.077374 0.042819
5 0.642629 0.623727 0.210474 0.040223
5 0.582811 0.576527 0.090611 0.040937
5 0.242096 0.528609 0.034899 0.043764
5 0.390074 0.335749 0.332230 0.043006
5 0.582265 0.527782 0.090648 0.041489
3 0.855891 0.093620 0.041503 0.030687
1 0.033431 0.659312 0.015088 0.027468
1 0.033431 0.583106 0.013313 0.026774
5 0.582493 0.671329 0.089857 0.040847
5 0.354107 0.576848 0.048713 0.040992
5 0.869213 0.623315 0.121341 0.045254
5 0.265953 0.483135 0.082791 0.044495
5 0.867974 0.673995 0.120379 0.041966
5 0.277430 0.626217 0.104829 0.042573
5 0.565637 0.431861 0.056644 0.042106
1 0.033655 0.507906 0.013404 0.029505
5 0.581488 0.480500 0.090345 0.040235
1 0.033431 0.621652 0.016863 0.028564
5 0.868499 0.721775 0.120948 0.039157
5 0.276766 0.674417 0.105637 0.040738
5 0.386660 0.382957 0.033901 0.038735
5 0.441565 0.179812 0.326862 0.043768
5 0.270623 0.578587 0.091118 0.043267
5 0.582558 0.721072 0.091889 0.039711
5 0.666830 0.720915 0.048854 0.041429
5 0.581741 0.383750 0.090630 0.040180
5 0.286152 0.433307 0.123145 0.044981
5 0.370818 0.431583 0.047455 0.041467
5 0.130525 0.179050 0.041194 0.040158
1 0.033431 0.546126 0.016863 0.029788
1 0.033871 0.469105 0.015566 0.026902
5 0.294094 0.529296 0.039051 0.042392
0 0.618903 0.179337 0.025340 0.042597
0 0.874356 0.807570 0.064385 0.038465
1 0.033431 0.697159 0.016863 0.027861
0 0.666850 0.179388 0.027659 0.042942
5 0.298096 0.385059 0.145436 0.042380
0 0.423161 0.093711 0.071202 0.029319
0 0.505355 0.094835 0.076444 0.029686
5 0.242251 0.722001 0.033830 0.045028
0 0.128972 0.093042 0.112556 0.029333
0 0.955596 0.972926 0.080843 0.039866
0 0.286183 0.095849 0.185227 0.033512
5 0.205381 0.180293 0.105760 0.043354
0 0.757204 0.095797 0.134306 0.031430
0 0.617923 0.093416 0.126665 0.032723
0 0.954928 0.093165 0.050453 0.032102
1 0.033222 0.734535 0.015134 0.025149
0 0.046768 0.092325 0.044519 0.030522
0 0.914446 0.254473 0.016189 0.041968
1 0.271454 0.723436 0.016863 0.027820