0 0.961520 0.965073 0.072506 0.044189
3 0.325873 0.099693 0.107981 0.036104
3 0.969805 0.097592 0.034799 0.039797
0 0.015580 0.964585 0.029756 0.041393
5 0.843531 0.600706 0.081730 0.041430
5 0.934180 0.600410 0.105831 0.043639
5 0.843819 0.480656 0.082068 0.044336
5 0.179694 0.482354 0.193884 0.046039
3 0.185704 0.099051 0.144052 0.035789
5 0.052733 0.600269 0.062640 0.040466
5 0.177805 0.600772 0.192876 0.044353
5 0.843831 0.642570 0.082117 0.045126
1 0.011465 0.560209 0.017249 0.033532
0 0.053546 0.098368 0.086699 0.035830
5 0.935884 0.481103 0.105815 0.046832
0 0.983345 0.375602 0.018560 0.041551
5 0.843566 0.520611 0.082107 0.041237
0 0.092896 0.375319 0.022466 0.047016
5 0.179346 0.524696 0.194468 0.049000
5 0.052169 0.559885 0.063504 0.040027
5 0.934417 0.520724 0.106765 0.043441
5 0.346047 0.482695 0.145202 0.042828
5 0.052149 0.480037 0.064372 0.042500
5 0.052415 0.643078 0.064604 0.043241
5 0.778570 0.479876 0.053895 0.042648
5 0.935964 0.644644 0.105720 0.049060
5 0.415655 0.858834 0.454615 0.177901
5 0.346283 0.641767 0.145350 0.042257
5 0.843469 0.560909 0.082201 0.042007
1 0.011618 0.520042 0.017423 0.035084
5 0.596830 0.857288 0.806339 0.180159
5 0.778160 0.641778 0.052389 0.042813
1 0.011731 0.480800 0.017602 0.034458
5 0.177301 0.561135 0.193382 0.042837
5 0.052502 0.520338 0.063060 0.040031
5 0.347191 0.600636 0.143824 0.043898
5 0.778774 0.600299 0.053968 0.040684
1 0.011534 0.599078 0.017180 0.034566
5 0.179672 0.642487 0.192884 0.046451
5 0.488746 0.481301 0.146993 0.043844
5 0.661599 0.600716 0.083550 0.041216
5 0.346882 0.524454 0.145511 0.047436
5 0.727140 0.479696 0.051891 0.042161
5 0.727552 0.642092 0.051704 0.041540
5 0.778674 0.520235 0.054137 0.040952
5 0.661561 0.642453 0.082688 0.041120
1 0.011200 0.638783 0.017584 0.033658
5 0.361391 0.377043 0.548470 0.067897
5 0.489458 0.600587 0.143973 0.042836
5 0.727747 0.600306 0.051318 0.041383
5 0.934275 0.560482 0.106424 0.042628
5 0.590536 0.600383 0.061402 0.041013
0 0.184553 0.101012 0.138112 0.038133
5 0.488649 0.643065 0.147697 0.045602
5 0.488737 0.523877 0.146469 0.048304
5 0.778614 0.560756 0.054604 0.041267
0 0.066542 0.022064 0.033657 0.038369
5 0.591422 0.642803 0.059786 0.041457
5 0.661780 0.479808 0.083974 0.043091
5 0.661442 0.520487 0.083893 0.041614
5 0.726888 0.520092 0.052069 0.042343
0 0.077030 0.706576 0.105299 0.047466
5 0.345778 0.561806 0.143192 0.042843
0 0.011611 0.480901 0.019185 0.033309
5 0.364770 0.306315 0.588882 0.081680
5 0.590475 0.520070 0.061815 0.041353
0 0.990174 0.375350 0.013251 0.041693
5 0.590578 0.479968 0.061699 0.041446
0 0.039485 0.375265 0.069615 0.046999
0 0.011096 0.642048 0.015358 0.037569