0 0.849451 0.979968 0.071642 0.036323
5 0.303848 0.195176 0.311582 0.048128
5 0.572382 0.852939 0.137142 0.043870
5 0.571478 0.900920 0.139879 0.043164
0 0.966546 0.980697 0.059302 0.031157
5 0.187921 0.343768 0.085646 0.043758
0 0.910094 0.979725 0.036827 0.030012
5 0.730057 0.699025 0.156676 0.044009
0 0.069213 0.448214 0.071191 0.038045
5 0.624406 0.193196 0.031882 0.043638
0 0.061227 0.102475 0.101720 0.035148
5 0.164468 0.295150 0.038041 0.040287
0 0.973927 0.103719 0.049680 0.040480
5 0.303760 0.242508 0.315012 0.053887
5 0.662193 0.852257 0.031755 0.043320
5 0.662313 0.901532 0.032146 0.044132
5 0.177272 0.853304 0.075841 0.041807
3 0.140371 0.102486 0.040823 0.033309
5 0.605337 0.698906 0.097422 0.041184
5 0.146494 0.902405 0.017748 0.039792
0 0.040711 0.447224 0.014172 0.034176
0 0.134193 0.444564 0.014563 0.029316
5 0.514981 0.937760 0.025408 0.021473