0 0.491410 0.913395 0.148630 0.043420
0 0.253003 0.909590 0.024085 0.041070
0 0.336275 0.910020 0.024234 0.040716
0 0.383513 0.910218 0.023630 0.041298
0 0.136104 0.167824 0.024569 0.044140
0 0.874427 0.971488 0.073999 0.043195
0 0.307752 0.909809 0.022521 0.040402
0 0.716782 0.807431 0.061578 0.035133
5 0.482296 0.379231 0.086776 0.035429
0 0.229655 0.909622 0.022249 0.038916
0 0.360069 0.910177 0.021794 0.039496
5 0.481924 0.663099 0.086454 0.035561
0 0.199513 0.093978 0.156973 0.033114
0 0.589643 0.659760 0.023834 0.041999
0 0.283462 0.909739 0.023724 0.041603
5 0.547196 0.474313 0.047996 0.035836
0 0.206245 0.909977 0.023060 0.039821
5 0.481359 0.423297 0.086549 0.040185
0 0.490614 0.198806 0.023341 0.037530
5 0.481554 0.567502 0.086284 0.042446
5 0.481527 0.519818 0.086480 0.040291
5 0.550632 0.566551 0.055544 0.042024
0 0.336323 0.092404 0.100671 0.030637
5 0.481613 0.615598 0.086414 0.038765
5 0.546346 0.520204 0.046236 0.037734
0 0.948563 0.973375 0.062677 0.039473
5 0.481000 0.473761 0.086477 0.038062
0 0.068216 0.092907 0.086879 0.029714
0 0.752687 0.093195 0.137060 0.033916
0 0.654528 0.092675 0.042013 0.028027
5 0.547512 0.423781 0.047169 0.040871
1 0.814608 0.152710 0.016033 0.030259
3 0.849470 0.093295 0.040942 0.031357
0 0.450262 0.093305 0.106876 0.033202
1 0.213401 0.803001 0.014325 0.028281
5 0.262265 0.424726 0.014699 0.027646
0 0.568105 0.092645 0.111740 0.032907
5 0.390369 0.153629 0.086406 0.041988
5 0.262591 0.377767 0.015484 0.028376
5 0.262545 0.520947 0.015342 0.024792
5 0.551051 0.612180 0.054397 0.042203
5 0.262268 0.712266 0.015652 0.023054
5 0.262942 0.568863 0.014361 0.024957
0 0.010216 0.167841 0.020432 0.044841
1 0.213629 0.768015 0.015067 0.029540
0 0.662104 0.806604 0.028479 0.029877
5 0.262173 0.663081 0.015359 0.023768
5 0.037613 0.898021 0.074304 0.027385
0 0.588938 0.519181 0.024246 0.035687
5 0.262326 0.617059 0.014727 0.022266
4 0.323365 0.565330 0.101876 0.029910
1 0.212989 0.841105 0.016654 0.033034
0 0.955883 0.092156 0.048286 0.034076
0 0.035245 0.168213 0.020914 0.044029
3 0.104394 0.168301 0.020766 0.044194
5 0.391252 0.198861 0.086475 0.039772
4 0.326879 0.519421 0.107027 0.031358
0 0.588696 0.473160 0.024605 0.036859
0 0.084751 0.168528 0.020115 0.042768
3 0.054535 0.168371 0.020506 0.044454
4 0.315229 0.425997 0.086201 0.029321
0 0.756968 0.248696 0.019181 0.038201
5 0.455518 0.199113 0.044550 0.039466
4 0.329184 0.614661 0.113837 0.029497
4 0.329612 0.471519 0.114508 0.030969
1 0.584252 0.427076 0.015163 0.026808
5 0.916326 0.912902 0.048357 0.038739
4 0.320215 0.660706 0.094509 0.029021
5 0.096908 0.835466 0.193816 0.041478
5 0.096908 0.798053 0.193816 0.042705
4 0.297315 0.377225 0.050664 0.031141
4 0.323221 0.707448 0.101571 0.031620
5 0.262122 0.332593 0.015088 0.025625
5 0.095842 0.761366 0.191683 0.043795
5 0.263247 0.472448 0.014927 0.026171
5 0.094656 0.870780 0.189296 0.034528
0 0.010183 0.277212 0.017265 0.030724
5 0.095207 0.724173 0.190414 0.042192