0 0.929044 0.151973 0.070183 0.042325
0 0.265368 0.268613 0.154456 0.154611
0 0.586647 0.269135 0.149823 0.153171
0 0.425805 0.265737 0.152623 0.153827
0 0.049710 0.461055 0.040623 0.030810
0 0.040279 0.078127 0.016167 0.024576
0 0.096634 0.079524 0.046569 0.032300
0 0.939561 0.411821 0.044740 0.033155
0 0.104848 0.268937 0.153264 0.152775
0 0.747403 0.266453 0.150699 0.152775
3 0.246890 0.082005 0.224445 0.034778
0 0.117994 0.464564 0.075670 0.039746
0 0.203283 0.457733 0.073105 0.036020
3 0.350518 0.025757 0.051795 0.032663
5 0.515237 0.025174 0.277644 0.036162