5 0.788235 0.398874 0.272861 0.030765
0 0.823761 0.965834 0.048566 0.032963
5 0.331007 0.399788 0.273996 0.032592
5 0.331291 0.360418 0.272294 0.030765
5 0.787951 0.437880 0.270025 0.029667
1 0.200845 0.639900 0.013733 0.026208
1 0.200624 0.717382 0.014770 0.027162
0 0.869770 0.963346 0.030650 0.024365
5 0.787667 0.476886 0.271727 0.028568
1 0.200639 0.833335 0.013228 0.025397
0 0.915340 0.963032 0.041621 0.025543
1 0.200536 0.794787 0.014125 0.025741
0 0.961431 0.963211 0.032505 0.026298
5 0.788518 0.515343 0.272294 0.030765
1 0.200577 0.678157 0.013903 0.026008
1 0.200571 0.755950 0.014132 0.027248
1 0.657994 0.359574 0.014126 0.026879
2 0.933058 0.516442 0.017251 0.026370
0 0.951134 0.077255 0.025876 0.028129
0 0.993500 0.077677 0.013000 0.028880
0 0.243679 0.269311 0.049428 0.036252
0 0.476165 0.398755 0.015185 0.031005
2 0.932188 0.436822 0.015588 0.027388
2 0.933068 0.478493 0.017231 0.034145
0 0.932509 0.398563 0.016080 0.027643
0 0.475550 0.358867 0.016498 0.029660
0 0.993626 0.968855 0.012747 0.021424
0 0.071194 0.269770 0.089063 0.031864
0 0.165078 0.268671 0.083957 0.034062
3 0.160540 0.026944 0.053324 0.034062
0 0.042830 0.024747 0.020989 0.036259