5 0.459685 0.667300 0.068830 0.031867
0 0.484404 0.465718 0.018211 0.030557
0 0.072037 0.236067 0.019097 0.033936
5 0.459931 0.705761 0.068338 0.030705
5 0.196874 0.667138 0.069379 0.029639
5 0.177953 0.628988 0.031508 0.029520
0 0.099344 0.235764 0.019818 0.033921
0 0.188974 0.236497 0.019017 0.034043
0 0.495250 0.079532 0.073989 0.027317
0 0.020064 0.231734 0.018964 0.033011
0 0.571177 0.079445 0.055736 0.028299
3 0.630347 0.078879 0.037391 0.027043
3 0.503436 0.466644 0.019349 0.028600
0 0.313090 0.079263 0.073022 0.026891
5 0.459775 0.589392 0.069634 0.030318
0 0.907208 0.965135 0.027014 0.031425
0 0.020207 0.464175 0.017738 0.030311
5 0.332699 0.822773 0.326165 0.030472
0 0.210680 0.236511 0.018503 0.033527
0 0.120942 0.236314 0.019168 0.033996
0 0.065349 0.079742 0.098974 0.028094
0 0.148416 0.236889 0.016614 0.033055
0 0.425614 0.079655 0.036794 0.024495
5 0.196903 0.549384 0.068338 0.030291
5 0.196798 0.588557 0.069531 0.030552
0 0.219130 0.079538 0.088619 0.027545
5 0.460056 0.549709 0.069071 0.030941
0 0.144882 0.079189 0.031634 0.025878
0 0.378108 0.079580 0.030358 0.024951
0 0.938925 0.963578 0.025230 0.024857
5 0.239503 0.150677 0.194837 0.029174
0 0.975280 0.963588 0.034517 0.026041
0 0.970254 0.079769 0.023079 0.028717
3 0.251475 0.467580 0.444936 0.030472
1 0.385784 0.346813 0.012458 0.024690
0 0.344868 0.148973 0.018229 0.028532
1 0.385748 0.318420 0.011878 0.021639
3 0.163481 0.236951 0.014629 0.033260
3 0.045773 0.238075 0.027833 0.029558
5 0.077214 0.348548 0.036025 0.030472
5 0.109578 0.348144 0.029263 0.027760
0 0.059651 0.505707 0.021139 0.027643
5 0.311932 0.347934 0.113136 0.031148
0 0.112432 0.508023 0.047506 0.029576
0 0.044248 0.319037 0.023880 0.028568
0 0.055310 0.189521 0.057522 0.030472
0 0.118977 0.189045 0.036382 0.033329
0 0.162488 0.191425 0.024090 0.026663
0 0.206981 0.189045 0.037365 0.029520
0 0.264503 0.188092 0.051131 0.027615
0 0.344395 0.190473 0.084071 0.030472
0 0.427237 0.191425 0.050147 0.024759
0 0.487955 0.188092 0.049656 0.027615
0 0.548181 0.188092 0.048181 0.023806
5 0.190020 0.348072 0.130285 0.031425
0 0.041531 0.028209 0.012420 0.027816