3 0.094156 0.078258 0.117122 0.032639
0 0.399125 0.181310 0.039164 0.025180
0 0.293805 0.181117 0.012695 0.024131
0 0.203702 0.078313 0.015379 0.026020
0 0.411759 0.076668 0.017320 0.028668
0 0.213937 0.181489 0.059074 0.026982
0 0.393329 0.076961 0.017051 0.028744
0 0.277386 0.181092 0.012756 0.024262
0 0.434442 0.076968 0.014382 0.026691
0 0.180336 0.077589 0.015879 0.027761
0 0.344775 0.181472 0.049632 0.024875
0 0.106232 0.181289 0.043828 0.025990
0 0.564179 0.180079 0.015108 0.025213
0 0.530892 0.180833 0.033777 0.026261
0 0.453097 0.181310 0.015318 0.025155
0 0.238488 0.078484 0.015633 0.025926
0 0.052575 0.181082 0.043646 0.024960
0 0.502691 0.181706 0.013103 0.025689
0 0.156316 0.181314 0.037668 0.026167
0 0.469504 0.181891 0.014180 0.025083
0 0.261466 0.077467 0.014460 0.025412
0 0.221180 0.078747 0.015237 0.025844
0 0.435120 0.180559 0.014006 0.024993
0 0.318229 0.076519 0.016176 0.026240
0 0.261288 0.180298 0.014254 0.025120
0 0.371190 0.076362 0.016089 0.027162
0 0.311063 0.181123 0.014192 0.024515
0 0.296260 0.076707 0.014878 0.026814
0 0.336268 0.076191 0.015423 0.025219
0 0.353415 0.076462 0.015086 0.025915
0 0.486551 0.181928 0.014030 0.025864
0 0.931045 0.014989 0.014552 0.025208
0 0.452417 0.075556 0.014043 0.025724
0 0.278209 0.077142 0.013562 0.026080
0 0.022372 0.180763 0.015211 0.024641
0 0.946279 0.015132 0.014721 0.025717
0 0.960137 0.015712 0.013728 0.026975
0 0.176584 0.032420 0.025193 0.021984
0 0.163875 0.077146 0.014409 0.027671
0 0.191594 0.180565 0.013762 0.025012
0 0.220954 0.032871 0.040666 0.023217
0 0.015522 0.028206 0.013958 0.019800
0 0.142193 0.032388 0.021681 0.022718
0 0.022559 0.078012 0.015580 0.029330
0 0.984216 0.219062 0.011776 0.018976
0 0.269475 0.032851 0.037332 0.022647
1 0.132524 0.322821 0.011125 0.021224
0 0.075720 0.032473 0.091261 0.027126
0 0.312634 0.032941 0.027775 0.026191