5 0.360324 0.588913 0.176552 0.041707
5 0.360773 0.708469 0.175864 0.039133
5 0.492749 0.471172 0.091107 0.041698
5 0.360299 0.667725 0.177024 0.042820
5 0.493086 0.589264 0.091943 0.040264
5 0.360369 0.549678 0.176613 0.042705
5 0.493198 0.549894 0.091119 0.041168
5 0.360374 0.628502 0.177274 0.043097
5 0.361351 0.785560 0.175290 0.039856
5 0.493372 0.707320 0.091465 0.041524
5 0.647573 0.628988 0.176929 0.042909
5 0.360011 0.510730 0.176478 0.042394
5 0.360887 0.824948 0.176091 0.042057
5 0.493061 0.510814 0.091682 0.041435
5 0.360338 0.746459 0.177196 0.042979
5 0.647705 0.747009 0.177278 0.043175
5 0.492977 0.668185 0.091935 0.041118
5 0.647090 0.589535 0.176756 0.041268
5 0.647381 0.668172 0.176634 0.042381
5 0.954427 0.903539 0.091145 0.042948
5 0.647188 0.707430 0.176953 0.041699
5 0.646889 0.511245 0.175932 0.042362
5 0.493068 0.746741 0.091918 0.041985
5 0.493067 0.628764 0.091842 0.041861
5 0.647359 0.825495 0.177807 0.042596
5 0.954290 0.943038 0.091385 0.041561
5 0.954466 0.864403 0.091068 0.043320
5 0.492978 0.786237 0.092012 0.041650
5 0.647396 0.550283 0.176791 0.042012
5 0.647574 0.786037 0.177859 0.042799
3 0.112423 0.092417 0.145558 0.043557
5 0.822377 0.943357 0.176045 0.042893
5 0.493342 0.825200 0.091552 0.042275
5 0.360979 0.903366 0.176275 0.037416
5 0.822093 0.825370 0.177230 0.042624
5 0.822548 0.864551 0.176747 0.043346
5 0.822680 0.903973 0.175995 0.043271
5 0.647131 0.864828 0.178024 0.043457
5 0.360460 0.865536 0.176651 0.041468
5 0.954167 0.825415 0.091666 0.042026
5 0.360885 0.942570 0.175222 0.041973
5 0.647728 0.904120 0.177537 0.043366
5 0.647106 0.943541 0.177161 0.043064
5 0.493367 0.943299 0.091706 0.042460
5 0.646523 0.472109 0.176387 0.041221
5 0.493059 0.864753 0.092089 0.042456
5 0.492994 0.904400 0.092160 0.041699
5 0.954477 0.785861 0.091046 0.042868
5 0.360228 0.472348 0.176360 0.040382
5 0.822466 0.980068 0.175676 0.039450
5 0.954013 0.980330 0.091973 0.039308
5 0.360086 0.981183 0.176851 0.036879
5 0.954224 0.707643 0.091552 0.041940
5 0.954467 0.746687 0.091066 0.042810
5 0.822726 0.786130 0.175893 0.043111
0 0.258490 0.211605 0.020507 0.034570
5 0.648074 0.980034 0.176556 0.039623
0 0.172098 0.212252 0.021911 0.035069
5 0.493204 0.980507 0.092030 0.037701
0 0.257551 0.097641 0.020854 0.041162
5 0.822168 0.707546 0.177023 0.042564
0 0.230049 0.210491 0.022059 0.031140
0 0.222974 0.027238 0.055384 0.025372
0 0.283419 0.095587 0.019813 0.036588
5 0.822410 0.746868 0.176369 0.043236
0 0.286790 0.211580 0.019762 0.036972
0 0.200833 0.212864 0.021043 0.036155
0 0.224748 0.095185 0.022200 0.040729
5 0.954266 0.589608 0.091468 0.041722
0 0.166268 0.027105 0.030648 0.024394
5 0.954426 0.667977 0.091148 0.042598
0 0.123506 0.027248 0.026573 0.026907
5 0.954372 0.628633 0.091256 0.042807
5 0.549060 0.471387 0.023065 0.039841
5 0.954277 0.550098 0.091446 0.042320
5 0.822490 0.589806 0.175945 0.041131
5 0.549292 0.550334 0.023750 0.039822
5 0.954305 0.471909 0.091390 0.042061
5 0.822197 0.668109 0.176520 0.043338
0 0.315548 0.211706 0.022243 0.037079
5 0.954052 0.511197 0.091896 0.042963
5 0.549377 0.707247 0.023469 0.039757
0 0.345039 0.212479 0.022617 0.033345
5 0.549393 0.668162 0.023764 0.040186
5 0.549257 0.589259 0.023784 0.039634
5 0.822497 0.629095 0.176298 0.043346
5 0.549218 0.510725 0.023478 0.039820
0 0.309087 0.095745 0.019838 0.038277
0 0.049100 0.024560 0.091581 0.034269
5 0.822134 0.472130 0.175980 0.042031
5 0.822425 0.550680 0.175705 0.042624
5 0.822401 0.511520 0.176152 0.042761
5 0.549427 0.746457 0.023472 0.040704
0 0.288896 0.025621 0.046253 0.026119
5 0.549419 0.825288 0.023551 0.040246
5 0.549352 0.786157 0.023645 0.040261
5 0.549127 0.628644 0.023665 0.040800
0 0.346838 0.026802 0.047028 0.025949
0 0.560977 0.097655 0.025193 0.043370
0 0.020339 0.096341 0.022077 0.038977
5 0.549460 0.864365 0.023488 0.041140
5 0.262358 0.510034 0.023211 0.040648
5 0.549438 0.942875 0.023511 0.039917
5 0.549378 0.904199 0.023542 0.040332
5 0.262173 0.471084 0.023201 0.039021
0 0.200788 0.094163 0.021410 0.040228
5 0.549772 0.979959 0.023406 0.037472
5 0.262307 0.942019 0.023637 0.039795
5 0.262188 0.979798 0.022380 0.039125
5 0.262393 0.902696 0.023698 0.040072
5 0.262325 0.549676 0.023413 0.039410
5 0.261835 0.745205 0.023093 0.039592
0 0.398164 0.029896 0.033727 0.034366
0 0.618208 0.098627 0.023187 0.044940
0 0.593615 0.098627 0.025998 0.044940
0 0.533891 0.097306 0.024592 0.047583
0 0.502648 0.098605 0.023964 0.042575
0 0.476021 0.098187 0.020414 0.038401
0 0.451614 0.097770 0.021301 0.040905
0 0.426097 0.097770 0.021745 0.040905
0 0.393036 0.096935 0.020414 0.039235
0 0.367075 0.098605 0.021745 0.044244
0 0.341780 0.094431 0.021745 0.040905
0 0.022485 0.210884 0.020414 0.038401
0 0.374175 0.212971 0.020857 0.040905
4 0.089218 0.304982 0.091668 0.026028
4 0.131808 0.336297 0.174255 0.030095
4 0.131592 0.368426 0.176417 0.029282
4 0.063706 0.399742 0.040645 0.031722
4 0.136997 0.430651 0.165607 0.030095
4 0.142618 0.464813 0.153500 0.026842
5 0.261867 0.588084 0.020934 0.039379
5 0.261867 0.629104 0.020934 0.040473
5 0.261577 0.669577 0.022678 0.040473
5 0.261815 0.707610 0.022917 0.034162
5 0.262031 0.785560 0.021620 0.039856
5 0.262031 0.825823 0.021620 0.040670
5 0.261599 0.864459 0.022485 0.036603
5 0.548685 0.394317 0.021860 0.039946
3 0.821935 0.354370 0.176129 0.037597
3 0.821623 0.394317 0.175504 0.042296
3 0.821623 0.432501 0.175504 0.034072