5 0.200956 0.444109 0.132688 0.041500
5 0.153028 0.542637 0.039496 0.042734
5 0.176992 0.394845 0.086536 0.041720
5 0.235570 0.494399 0.203692 0.041657
5 0.574803 0.444287 0.133454 0.042910
5 0.552374 0.395038 0.087692 0.042258
0 0.464004 0.159466 0.077752 0.034321
5 0.598991 0.296351 0.086808 0.041665
5 0.176724 0.247254 0.086145 0.042781
5 0.176918 0.296602 0.086092 0.041055
0 0.713744 0.159332 0.103880 0.036314
3 0.080137 0.157683 0.130583 0.041017
0 0.202741 0.159561 0.089929 0.032651
0 0.581338 0.159450 0.128927 0.035868
5 0.528891 0.247990 0.039348 0.041158
0 0.336582 0.159830 0.147193 0.035266
5 0.532814 0.296427 0.047193 0.041817
3 0.805799 0.158817 0.052541 0.035681
5 0.340966 0.296788 0.024851 0.041427
0 0.227555 0.247879 0.018545 0.045074
5 0.340744 0.247396 0.024408 0.043065
0 0.019602 0.023835 0.018161 0.029354
0 0.025223 0.084990 0.019025 0.030985
0 0.067165 0.023835 0.059671 0.032616
0 0.120350 0.023428 0.027673 0.031800
0 0.159698 0.025466 0.031997 0.030985
0 0.205099 0.024651 0.038916 0.034246
0 0.256987 0.022612 0.046699 0.033431
0 0.313558 0.023428 0.046266 0.033431
0 0.360473 0.022612 0.031132 0.035062