3 0.112351 0.092272 0.144852 0.043636
0 0.283419 0.095782 0.019908 0.037345
0 0.248480 0.027071 0.074749 0.026692
0 0.257635 0.095558 0.021353 0.037615
0 0.225056 0.095577 0.021034 0.041362
0 0.180245 0.027901 0.030634 0.024542
0 0.137141 0.027162 0.027270 0.027387
5 0.241004 0.317135 0.093717 0.038405
0 0.057768 0.025979 0.106600 0.033058
0 0.322933 0.026735 0.047762 0.026178
0 0.309271 0.095740 0.020321 0.037930
0 0.561094 0.097394 0.025539 0.044118
0 0.045313 0.445012 0.063323 0.039956
0 0.341628 0.096143 0.020601 0.040040
0 0.200287 0.094423 0.023238 0.039851
0 0.020210 0.096090 0.022032 0.039782
0 0.032954 0.609833 0.016015 0.029520
0 0.426333 0.097222 0.022142 0.040112
0 0.535436 0.097639 0.024800 0.043355
0 0.023060 0.211807 0.019485 0.039415
5 0.218576 0.359344 0.050590 0.038229
0 0.373928 0.029127 0.030794 0.031722
0 0.366815 0.096890 0.020755 0.041483
0 0.392543 0.095670 0.018593 0.039043
0 0.593750 0.094856 0.020323 0.043923
0 0.619478 0.095670 0.019890 0.039043
0 0.502515 0.098110 0.020323 0.040670
0 0.477869 0.098110 0.021187 0.040670
0 0.451492 0.097296 0.019458 0.039043
0 0.294245 0.316641 0.015134 0.039043