3 0.112136 0.092416 0.144423 0.042296
5 0.528686 0.394589 0.113306 0.039958
0 0.052585 0.210894 0.020016 0.034376
0 0.079687 0.211677 0.022040 0.035795
0 0.153248 0.027150 0.030811 0.026243
5 0.505407 0.455175 0.065634 0.039610
0 0.823766 0.806247 0.020285 0.034814
0 0.043457 0.026199 0.077977 0.033497
0 0.110086 0.027013 0.026245 0.027751
0 0.283229 0.096270 0.020205 0.038102
0 0.257645 0.096025 0.021084 0.038285
0 0.023095 0.212271 0.021076 0.034992
0 0.109588 0.211310 0.018596 0.035575
0 0.205513 0.028893 0.044675 0.029439
0 0.020332 0.096427 0.022214 0.039622
0 0.778211 0.806859 0.021157 0.035908
0 0.801123 0.805906 0.021542 0.035120
5 0.505254 0.510770 0.065292 0.040670
0 0.308724 0.096590 0.019521 0.036533
0 0.560932 0.097780 0.025152 0.043942
0 0.225010 0.095582 0.022824 0.042627
0 0.257131 0.028158 0.030268 0.030909
0 0.619478 0.095670 0.023349 0.043923
0 0.593750 0.096076 0.021187 0.039856
0 0.534945 0.096890 0.022917 0.044736
0 0.501722 0.096890 0.020755 0.039856
0 0.477076 0.097703 0.022485 0.039856
0 0.452213 0.097703 0.022917 0.041483
0 0.425405 0.098923 0.019458 0.040670
0 0.391822 0.097296 0.022052 0.042296
0 0.366743 0.096890 0.021187 0.044736
0 0.341880 0.096483 0.021620 0.040670
0 0.198830 0.096890 0.021187 0.038229
0 0.290800 0.211254 0.024733 0.043354
0 0.825464 0.278928 0.015177 0.028550
0 0.806914 0.279457 0.017426 0.029607
0 0.827150 0.325983 0.018550 0.038067
0 0.457906 0.455459 0.019025 0.043923
1 0.014390 0.441935 0.012142 0.025378