0 0.595854 0.787355 0.121842 0.046794
0 0.868956 0.974241 0.075617 0.043596
0 0.475949 0.786884 0.119575 0.045734
5 0.162063 0.179758 0.105842 0.040253
3 0.954299 0.093148 0.051261 0.034044
0 0.355243 0.785864 0.120917 0.047588
5 0.145392 0.229061 0.072758 0.039334
3 0.042423 0.092458 0.042494 0.032999
4 0.416807 0.419937 0.240730 0.035375
4 0.417588 0.300903 0.235934 0.035230
0 0.948832 0.974048 0.069198 0.038124
4 0.422036 0.339247 0.254745 0.033679
1 0.062579 0.467857 0.016199 0.030582
4 0.421454 0.378725 0.254236 0.032903
1 0.062888 0.506642 0.014917 0.028172
4 0.405233 0.532079 0.207049 0.041188
1 0.063117 0.580701 0.015488 0.032363
0 0.756326 0.174313 0.020017 0.040731
4 0.423076 0.260088 0.240609 0.034162
1 0.063280 0.542465 0.014592 0.030601
4 0.345798 0.456700 0.091549 0.027311