0 0.255009 0.112561 0.091218 0.048727
0 0.077635 0.113289 0.091428 0.048902
0 0.166564 0.113135 0.090463 0.047797
4 0.105388 0.267206 0.208899 0.037835
4 0.077660 0.469865 0.151270 0.035264
4 0.105118 0.318841 0.206466 0.038090
4 0.044429 0.621389 0.087732 0.034332
4 0.104930 0.369653 0.205487 0.035397
4 0.079475 0.521798 0.154412 0.034474
4 0.036819 0.927810 0.068977 0.034446
4 0.051148 0.878137 0.098111 0.032261
4 0.045749 0.827466 0.086765 0.030554
4 0.066271 0.570708 0.128888 0.033305
0 0.459001 0.403751 0.029128 0.050297
4 0.107607 0.418412 0.212003 0.037033
4 0.039707 0.672238 0.078981 0.034570
4 0.045621 0.724706 0.087025 0.031032
0 0.459063 0.762194 0.027172 0.044514
4 0.058259 0.774963 0.113239 0.035243
4 0.064661 0.217767 0.129322 0.034671
4 0.325520 0.535477 0.160765 0.041503
5 0.902213 0.113804 0.173673 0.049998
4 0.078999 0.978536 0.152538 0.037421
4 0.350618 0.661257 0.127319 0.098131
0 0.271064 0.287216 0.020657 0.038495