3 0.415058 0.610632 0.195106 0.039626
1 0.022020 0.611596 0.016608 0.032172
3 0.415430 0.651582 0.194456 0.044146
1 0.022195 0.573973 0.015610 0.033281
5 0.210170 0.610122 0.074492 0.037041
3 0.414848 0.575513 0.196498 0.040342
5 0.209846 0.574340 0.074694 0.037623
5 0.281202 0.610000 0.073161 0.037161
5 0.281059 0.574348 0.073042 0.038432
5 0.281311 0.649287 0.072027 0.042491
1 0.022040 0.539519 0.016650 0.029076
3 0.414852 0.537345 0.197390 0.041518
1 0.021748 0.648392 0.017414 0.036386
0 0.072359 0.867100 0.035317 0.039494
0 0.025129 0.400291 0.026287 0.044584
3 0.780519 0.092202 0.112599 0.033980
5 0.210295 0.537074 0.073836 0.039645
0 0.025405 0.960547 0.030556 0.035680
1 0.021411 0.455458 0.018090 0.031275
1 0.021458 0.499784 0.018182 0.029807
5 0.280694 0.537691 0.073099 0.038788
0 0.976157 0.399357 0.024723 0.041337
0 0.893026 0.279957 0.069462 0.041760
5 0.210320 0.649265 0.074365 0.041950
0 0.951389 0.960418 0.075901 0.039478
4 0.910595 0.610796 0.138259 0.027055
5 0.675669 0.573379 0.327215 0.042198
3 0.472546 0.092031 0.131416 0.034332
0 0.190781 0.092259 0.091858 0.032541
4 0.910509 0.537790 0.139784 0.029218
5 0.102895 0.575028 0.143771 0.039748
3 0.323445 0.092077 0.134641 0.034293
4 0.909714 0.574363 0.139229 0.028808
0 0.072612 0.093584 0.107339 0.033664
3 0.960355 0.094781 0.035527 0.037866
5 0.101761 0.610179 0.145420 0.037504
3 0.631493 0.091706 0.151897 0.033510
5 0.674987 0.611263 0.327331 0.041041
5 0.102831 0.537708 0.142383 0.040448
5 0.675599 0.535989 0.327018 0.043814
4 0.911250 0.649075 0.140754 0.032418
0 0.096674 0.399909 0.100492 0.043154
0 0.206491 0.399460 0.112007 0.044671
5 0.674269 0.650471 0.326393 0.046035
0 0.035090 0.867060 0.035942 0.038777
5 0.101945 0.650533 0.148644 0.044173
4 0.909904 0.499879 0.142276 0.029199
4 0.906500 0.453365 0.136549 0.039566