5 0.163455 0.293236 0.079688 0.039606
0 0.972998 0.977689 0.027986 0.035780
0 0.594296 0.689518 0.074385 0.033806
5 0.403633 0.487170 0.029462 0.037682
0 0.670723 0.690200 0.065624 0.034962
0 0.210442 0.087279 0.036721 0.026489
5 0.247418 0.206872 0.247541 0.038538
0 0.967621 0.087374 0.041161 0.034321
0 0.145510 0.086768 0.079125 0.028827
0 0.061755 0.086808 0.077669 0.030271
3 0.251365 0.086625 0.031945 0.026506
0 0.730605 0.370607 0.018589 0.035801
0 0.424962 0.489402 0.013712 0.033161
1 0.393300 0.576319 0.012728 0.028158
0 0.715311 0.690644 0.013819 0.031499