5 0.268409 0.464868 0.404722 0.290838
5 0.725800 0.821230 0.042981 0.040744
5 0.745656 0.867612 0.082816 0.040053
3 0.985346 0.094266 0.028032 0.036350
5 0.774230 0.730823 0.137844 0.039580
5 0.234812 0.728597 0.106605 0.039883
0 0.054467 0.885411 0.029344 0.035042
0 0.023010 0.885538 0.031723 0.036854
5 0.287068 0.683237 0.211373 0.040513
3 0.384204 0.092620 0.094763 0.031317
5 0.307356 0.868405 0.048725 0.039193
3 0.636762 0.092177 0.095807 0.032200
5 0.744340 0.774804 0.081136 0.039330
3 0.268125 0.090982 0.117842 0.032913
5 0.223055 0.775717 0.082581 0.040847
3 0.511283 0.092460 0.128488 0.035384
5 0.207758 0.821853 0.051525 0.039842
0 0.974398 0.976007 0.051204 0.037448
0 0.014664 0.977152 0.024417 0.033230
0 0.055646 0.092706 0.091889 0.032011
0 0.323589 0.867179 0.015071 0.036669
0 0.155020 0.091966 0.080423 0.031545
0 0.777814 0.867377 0.015504 0.034436
0 0.777444 0.774823 0.014708 0.033984