0 0.532874 0.908262 0.023713 0.039009
0 0.331610 0.906673 0.022830 0.039305
0 0.354388 0.906805 0.021482 0.038451
0 0.043368 0.344823 0.021588 0.042292
0 0.578705 0.908243 0.022485 0.037583
0 0.406843 0.906699 0.021142 0.038361
0 0.624476 0.907305 0.021064 0.036841
0 0.792595 0.912071 0.122748 0.039841
0 0.934068 0.102635 0.015347 0.028621
0 0.504746 0.907867 0.023039 0.038929
0 0.481541 0.907453 0.021865 0.039015
0 0.601700 0.907977 0.021473 0.037338
5 0.763190 0.793745 0.123344 0.043354
0 0.102922 0.345912 0.024249 0.045235
0 0.134358 0.346050 0.022549 0.045261
0 0.556965 0.908242 0.021782 0.038484
0 0.429119 0.907937 0.020994 0.037564
5 0.763022 0.833362 0.122887 0.044880
0 0.069416 0.345443 0.024233 0.043824
0 0.894696 0.976455 0.070532 0.040216
0 0.279852 0.102437 0.081133 0.033744
0 0.377186 0.908852 0.021345 0.043160
0 0.279371 0.656634 0.021652 0.037967
0 0.535917 0.105341 0.113622 0.035884
5 0.466333 0.403038 0.097071 0.042059
0 0.303921 0.906680 0.026425 0.037674
0 0.967666 0.977183 0.064668 0.035672
0 0.452998 0.907802 0.023601 0.037474
0 0.371585 0.103648 0.082489 0.033859
5 0.912808 0.793662 0.079531 0.040956
0 0.677590 0.102981 0.025215 0.029413
0 0.216387 0.102262 0.029859 0.031836
0 0.446210 0.102574 0.046624 0.032334
5 0.913073 0.832518 0.077169 0.042438
0 0.631557 0.103143 0.051108 0.032741
5 0.436062 0.301879 0.037789 0.043666
0 0.106842 0.104702 0.170684 0.037978
0 0.908295 0.102806 0.015447 0.029195
5 0.680379 0.405639 0.331203 0.045177
3 0.840369 0.103185 0.039284 0.030358
5 0.838502 0.831416 0.032050 0.042357
5 0.493696 0.756480 0.141653 0.039616
5 0.646135 0.303967 0.384308 0.044634
5 0.764153 0.756093 0.120453 0.038841
0 0.757430 0.103950 0.115228 0.034741
5 0.646445 0.202091 0.383746 0.043056
0 0.974562 0.103338 0.048246 0.032578
5 0.864304 0.832334 0.020906 0.040972
5 0.633565 0.796543 0.138796 0.038445
5 0.355599 0.831321 0.043286 0.043546
3 0.153756 0.346037 0.016112 0.046017
5 0.354997 0.793709 0.045209 0.041457
5 0.633132 0.833275 0.139144 0.043082
5 0.493413 0.794628 0.143544 0.041493
1 0.299205 0.836554 0.013490 0.027006
5 0.492152 0.833658 0.142015 0.043179
0 0.279825 0.153102 0.020628 0.033223
5 0.912316 0.755887 0.081506 0.036397
3 0.014255 0.344500 0.028499 0.042630
5 0.838935 0.792706 0.031606 0.039982
5 0.388503 0.831500 0.025483 0.042095
1 0.300531 0.797878 0.014693 0.028919
5 0.412336 0.795689 0.022666 0.038173
5 0.863955 0.793068 0.020713 0.038809
5 0.138836 0.577843 0.252525 0.043469
1 0.299481 0.757741 0.013903 0.029943
5 0.139701 0.855575 0.251297 0.037131
5 0.412034 0.833967 0.023561 0.040948
5 0.139238 0.814952 0.249483 0.047500
5 0.139195 0.736529 0.248509 0.039902
0 0.551937 0.154116 0.071489 0.040865
1 0.321223 0.796488 0.020910 0.034269
5 0.138688 0.698245 0.249271 0.038214
5 0.007226 0.461524 0.014452 0.042109
5 0.138090 0.773902 0.248075 0.041611
5 0.007464 0.775827 0.014927 0.039137
5 0.007424 0.814697 0.014848 0.039990
1 0.321446 0.756343 0.020614 0.035276
5 0.388777 0.794813 0.024983 0.037016
5 0.138266 0.656620 0.248426 0.046468
5 0.007449 0.735675 0.014898 0.040604
1 0.321599 0.837278 0.020154 0.038617
5 0.007489 0.696590 0.014978 0.039592
5 0.007447 0.854868 0.014894 0.038601
5 0.007391 0.656915 0.014781 0.041370
5 0.007380 0.617406 0.014760 0.039627
5 0.007057 0.539955 0.014114 0.037782
5 0.353942 0.755733 0.042779 0.038121
5 0.138073 0.617231 0.248040 0.040922
5 0.429371 0.202357 0.023560 0.041717
5 0.007618 0.501766 0.015236 0.040248
5 0.137784 0.461261 0.246443 0.044460
5 0.138236 0.539518 0.248661 0.039624
5 0.007067 0.574952 0.014134 0.040347
5 0.138383 0.500362 0.246294 0.039312
5 0.863309 0.756489 0.018114 0.041664