0 0.853437 0.977198 0.070668 0.039184
5 0.187033 0.339194 0.086867 0.046303
5 0.309691 0.745959 0.086750 0.046215
0 0.913764 0.976624 0.038622 0.030653
5 0.275105 0.798024 0.016863 0.041183
3 0.138565 0.096624 0.040493 0.033015
0 0.976608 0.097520 0.046215 0.040892
5 0.626382 0.185589 0.031774 0.043339
5 0.278575 0.644242 0.024469 0.045557
5 0.274960 0.848913 0.018145 0.041350
5 0.278948 0.594157 0.025322 0.044561
0 0.059493 0.096865 0.103262 0.033837
5 0.301557 0.187745 0.314429 0.044093
0 0.695955 0.445374 0.056873 0.041492
1 0.276900 0.898368 0.014501 0.028450
0 0.971011 0.977360 0.057247 0.027764
5 0.162970 0.288870 0.038105 0.042216
5 0.301837 0.238865 0.316237 0.045550
5 0.275195 0.696272 0.017644 0.041924
5 0.278650 0.542977 0.023193 0.041153
1 0.636155 0.696697 0.015098 0.030772
0 0.297896 0.543086 0.017135 0.039775
0 0.952549 0.443943 0.029359 0.029751
5 0.275241 0.938987 0.017135 0.021824