1 0.025655 0.409649 0.012972 0.025952
0 0.726948 0.947773 0.047510 0.029740
0 0.960246 0.220168 0.045019 0.039754
0 0.672373 0.947274 0.039345 0.032325
3 0.055239 0.097571 0.090862 0.036154
0 0.781520 0.948356 0.040056 0.031660
0 0.790996 0.153239 0.016441 0.030942
1 0.025223 0.362667 0.013837 0.026847
0 0.013573 0.969013 0.027146 0.039578
0 0.941998 0.088490 0.095578 0.031158
3 0.348728 0.153019 0.290186 0.036147
0 0.883821 0.218448 0.095903 0.041745
1 0.025439 0.457078 0.012539 0.027742
0 0.976027 0.312785 0.020956 0.029251
3 0.348613 0.239854 0.287677 0.039452
5 0.658811 0.153928 0.288544 0.040412
0 0.145687 0.221745 0.016989 0.034235
0 0.947085 0.312033 0.014076 0.028056
5 0.084624 0.221261 0.142283 0.044719
5 0.658191 0.238425 0.289784 0.042248