0 0.342041 0.312069 0.020715 0.037623
0 0.985194 0.668595 0.021624 0.037309
0 0.957563 0.169044 0.021914 0.039005
0 0.342299 0.766235 0.021447 0.038296
0 0.267003 0.260663 0.021736 0.039935
0 0.242726 0.260964 0.021500 0.039386
0 0.582721 0.260763 0.056496 0.039730
0 0.900952 0.975453 0.065842 0.038011
0 0.063011 0.260399 0.018060 0.037555
0 0.748401 0.167946 0.022259 0.036910
0 0.108228 0.260591 0.019408 0.038839
0 0.218952 0.260988 0.020875 0.039590
0 0.975309 0.087749 0.044574 0.031083
3 0.316223 0.260623 0.058541 0.040222
0 0.049700 0.087995 0.084457 0.030554
3 0.225491 0.087927 0.036073 0.029574
0 0.149648 0.088198 0.099435 0.032001
0 0.231805 0.765675 0.021310 0.039228
0 0.741304 0.261180 0.082093 0.039612
0 0.040237 0.260216 0.021146 0.039765
0 0.147631 0.261078 0.021537 0.040065
0 0.171402 0.260874 0.021201 0.039462
0 0.231572 0.312636 0.020417 0.037255
0 0.195104 0.261046 0.020710 0.040058
0 0.016057 0.260582 0.021586 0.040489
0 0.366533 0.311725 0.021080 0.037711
3 0.198684 0.170691 0.231905 0.039116
0 0.052752 0.312553 0.021134 0.037784
0 0.968661 0.973890 0.056293 0.027478
0 0.366449 0.765666 0.020755 0.038240
0 0.648346 0.260609 0.066444 0.040388
0 0.385286 0.261058 0.070868 0.042514
0 0.193155 0.312468 0.019274 0.037479
3 0.453700 0.715079 0.030876 0.039440
0 0.296554 0.312103 0.018390 0.036256
3 0.380371 0.714392 0.096041 0.039316
0 0.064425 0.714440 0.019598 0.037834
0 0.118341 0.714960 0.021077 0.039048
0 0.147178 0.312005 0.019111 0.037715
0 0.076241 0.312541 0.019942 0.037691
0 0.100324 0.312124 0.020827 0.037662
0 0.021800 0.765515 0.020748 0.039163
0 0.099614 0.765695 0.020347 0.038141
0 0.021996 0.312178 0.021773 0.039039
0 0.016362 0.714923 0.020776 0.040565
0 0.094272 0.714936 0.021212 0.038781
0 0.123513 0.311989 0.020350 0.037678
3 0.275076 0.714885 0.108336 0.039169
0 0.142712 0.714906 0.021920 0.039020
3 0.492683 0.260993 0.104857 0.040585
0 0.296712 0.766318 0.019019 0.036963
0 0.123226 0.765437 0.020742 0.038427
0 0.052306 0.765742 0.021397 0.038539
0 0.040573 0.715670 0.019458 0.036767
3 0.267489 0.311983 0.030925 0.037719
3 0.497583 0.171408 0.162449 0.037023
0 0.182805 0.714102 0.039400 0.039026
3 0.789689 0.260791 0.015871 0.039663
0 0.147246 0.766733 0.018875 0.036830
3 0.209905 0.715379 0.016642 0.035597
0 0.076064 0.766400 0.019508 0.037467
0 0.192855 0.766039 0.018894 0.038778
3 0.688273 0.261590 0.017030 0.040698
3 0.313841 0.766316 0.016298 0.038401
3 0.164651 0.312345 0.016877 0.037677
5 0.650781 0.169917 0.147250 0.035805
3 0.313947 0.312332 0.017036 0.036360
3 0.823514 0.260798 0.031085 0.039648
3 0.209992 0.312970 0.017238 0.037881
3 0.164858 0.766720 0.016796 0.037470
3 0.209900 0.766907 0.016958 0.037191
0 0.125526 0.260708 0.017064 0.038892
3 0.267329 0.766290 0.031154 0.038344
3 0.080340 0.260458 0.017466 0.038342
0 0.870208 0.170496 0.154680 0.040489
1 0.016359 0.407602 0.012539 0.025573
5 0.678295 0.211436 0.202051 0.045731
1 0.016630 0.862715 0.013081 0.025740
5 0.018737 0.975659 0.013867 0.027859
0 0.044501 0.669799 0.032674 0.033486
3 0.428936 0.261657 0.016431 0.042328