0 0.957381 0.691080 0.027495 0.044145
0 0.961468 0.301976 0.023914 0.043424
0 0.955599 0.199728 0.047795 0.044840
0 0.936883 0.302070 0.022406 0.042738
0 0.729438 0.302234 0.026412 0.043287
0 0.873148 0.690833 0.025041 0.042833
0 0.911133 0.302052 0.025642 0.044114
0 0.902405 0.690538 0.024176 0.041206
0 0.820324 0.302878 0.019803 0.037619
0 0.914737 0.100344 0.024918 0.044488
0 0.850806 0.303771 0.020393 0.038440
5 0.738969 0.200319 0.151009 0.045787
0 0.760826 0.302953 0.019782 0.037562
0 0.842563 0.691001 0.024383 0.046300
0 0.790565 0.303327 0.018690 0.035053
0 0.939905 0.100399 0.024127 0.041352
0 0.816752 0.691249 0.026642 0.046588
0 0.880208 0.303426 0.017980 0.037991
3 0.071757 0.106960 0.099470 0.046939
5 0.577131 0.198780 0.151807 0.042554
5 0.414281 0.198772 0.152615 0.044838
5 0.087947 0.200080 0.151025 0.042470
5 0.250818 0.201288 0.154048 0.042755
0 0.680764 0.303647 0.051633 0.031316
0 0.501991 0.252523 0.019137 0.040050
0 0.626128 0.301448 0.036712 0.030786
0 0.969918 0.098559 0.021140 0.038741
0 0.154608 0.198719 0.017524 0.037909
0 0.317489 0.199319 0.016027 0.032530
0 0.872043 0.199644 0.100641 0.038934
0 0.643154 0.199376 0.017499 0.035338
0 0.806259 0.199546 0.017215 0.035513
0 0.479197 0.199261 0.018798 0.034748
3 0.927270 0.691033 0.025712 0.043865