5 0.397431 0.514455 0.145930 0.045912
5 0.367145 0.463414 0.084832 0.045299
5 0.397180 0.563983 0.145667 0.045287
5 0.586987 0.565497 0.144009 0.044110
5 0.587345 0.515512 0.145663 0.045610
5 0.366950 0.360391 0.084915 0.041581
5 0.397587 0.819612 0.146581 0.046204
5 0.556276 0.462810 0.085182 0.043487
5 0.367237 0.412586 0.085017 0.043185
5 0.587192 0.615919 0.146150 0.045299
5 0.556492 0.412076 0.084749 0.045299
5 0.397467 0.615164 0.145093 0.044393
5 0.556815 0.361417 0.084529 0.041825
5 0.397604 0.260330 0.144492 0.042750
0 0.889757 0.952034 0.018530 0.035166
0 0.837764 0.950544 0.016884 0.034664
0 0.864001 0.950863 0.017174 0.034409
5 0.337087 0.311351 0.025189 0.044147
0 0.915065 0.951263 0.018231 0.036335
5 0.586572 0.818729 0.144806 0.045725
0 0.764800 0.949886 0.058916 0.036349
0 0.674374 0.818857 0.031745 0.043487
1 0.334674 0.666352 0.014701 0.030803
5 0.586271 0.259788 0.144306 0.043316
0 0.812262 0.950055 0.017812 0.038009
0 0.674902 0.616372 0.029536 0.044393
0 0.477141 0.259252 0.017664 0.039614
0 0.674714 0.258756 0.030697 0.042550
0 0.673799 0.360379 0.030477 0.043895
0 0.940870 0.952233 0.021499 0.042936
0 0.674350 0.513961 0.029767 0.046132
3 0.958335 0.119372 0.018601 0.035175
0 0.674420 0.310084 0.031764 0.044533
0 0.674548 0.563758 0.029642 0.042445
0 0.987159 0.103026 0.025433 0.034262
0 0.674084 0.462930 0.030574 0.043680
0 0.674258 0.412584 0.030947 0.046937
5 0.526441 0.311513 0.023782 0.043487