0 0.953441 0.176716 0.021449 0.041998
5 0.580901 0.807193 0.077409 0.042502
5 0.216117 0.516691 0.132354 0.046345
5 0.216348 0.468088 0.132772 0.045109
5 0.560414 0.421082 0.036123 0.040911
5 0.856547 0.953430 0.078290 0.041291
0 0.223836 0.614783 0.118476 0.041404
0 0.866241 0.178386 0.154186 0.043522
5 0.580734 0.710849 0.077996 0.042496
5 0.216094 0.419824 0.133389 0.044039
5 0.168235 0.905828 0.036018 0.039959
5 0.216205 0.808308 0.133450 0.042814
0 0.055400 0.090414 0.082962 0.032407
0 0.446440 0.274418 0.108509 0.042768
0 0.154645 0.090807 0.098138 0.032595
5 0.286197 0.711710 0.130667 0.041169
5 0.581048 0.855499 0.077486 0.042130
0 0.161633 0.274446 0.020712 0.042692
0 0.113761 0.274609 0.020941 0.043127
3 0.497984 0.178026 0.160477 0.042802
5 0.168165 0.953100 0.035960 0.041264
5 0.284821 0.953601 0.133382 0.040364
0 0.527562 0.274393 0.045987 0.041115
3 0.202253 0.179211 0.229786 0.045172
0 0.570278 0.274617 0.019672 0.041616
5 0.550079 0.469129 0.015134 0.041862
5 0.223268 0.759357 0.145877 0.043400
0 0.184717 0.274897 0.020211 0.042353
0 0.137701 0.274368 0.020687 0.042267
0 0.970198 0.089973 0.044190 0.033183
0 0.022040 0.274425 0.021068 0.043526
0 0.208550 0.274912 0.021032 0.042151
0 0.068843 0.274269 0.018113 0.040832
0 0.747045 0.176808 0.020704 0.042226
5 0.291713 0.371076 0.285056 0.044459
5 0.167199 0.711599 0.034933 0.039044
5 0.556710 0.953716 0.029367 0.041862
5 0.202454 0.952866 0.035434 0.040796
5 0.295459 0.468202 0.028143 0.044100
3 0.228965 0.090058 0.034942 0.030414
0 0.282897 0.274462 0.110445 0.042520
5 0.694764 0.953461 0.248924 0.043256
0 0.729492 0.177781 0.014933 0.038576
0 0.045807 0.274464 0.021007 0.041970
5 0.649528 0.177997 0.144353 0.042744
5 0.202336 0.710018 0.035007 0.040518
5 0.550352 0.903800 0.016784 0.042097
0 0.364905 0.274629 0.046198 0.042722
5 0.550511 0.565713 0.015134 0.040943
5 0.295351 0.420049 0.028444 0.038557
5 0.295397 0.517406 0.027602 0.037724
3 0.587280 0.274509 0.016210 0.042924
5 0.553364 0.758898 0.022054 0.040573
1 0.625426 0.711738 0.012951 0.028809
1 0.551808 0.519032 0.012539 0.027499
3 0.085318 0.276103 0.016661 0.043542
5 0.223839 0.990495 0.146442 0.019010
5 0.157561 0.613449 0.016710 0.041167
1 0.315371 0.517831 0.013510 0.030305
5 0.222788 0.999233 0.148070 0.001534