5 0.249707 0.295993 0.137643 0.045645
5 0.566661 0.607571 0.137632 0.046194
5 0.567015 0.711142 0.138368 0.045181
5 0.513954 0.659279 0.032322 0.045534
5 0.566861 0.555850 0.138960 0.044973
5 0.249436 0.555501 0.137835 0.047413
5 0.196956 0.347976 0.032386 0.045534
5 0.200458 0.709378 0.039236 0.044694
5 0.192906 0.243726 0.024619 0.045028
5 0.513956 0.294481 0.032445 0.043770
0 0.974563 0.100861 0.048926 0.038835
5 0.208105 0.658154 0.054508 0.043736
0 0.047450 0.101249 0.062598 0.034123
5 0.193212 0.502225 0.024538 0.042856
0 0.272288 0.101366 0.101188 0.033480
5 0.513530 0.347108 0.032877 0.043047
0 0.149392 0.102014 0.127767 0.035363
3 0.441839 0.100222 0.038533 0.032219
1 0.228694 0.865985 0.013794 0.030240
0 0.532802 0.866596 0.175825 0.045715
3 0.372924 0.101401 0.082225 0.034708
0 0.965370 0.191721 0.038534 0.048002
0 0.478898 0.193442 0.117783 0.045994