3 0.190638 0.181545 0.123895 0.027571
3 0.078220 0.060084 0.099652 0.026855
0 0.099372 0.140888 0.062473 0.019891
5 0.142747 0.332705 0.088882 0.026754
0 0.037939 0.857846 0.016012 0.024783
3 0.172468 0.797946 0.042299 0.023321
0 0.016827 0.857500 0.016127 0.026096
3 0.263131 0.408140 0.120312 0.027896
3 0.172826 0.603047 0.040316 0.027362
0 0.071247 0.857752 0.016956 0.024989
0 0.090157 0.858021 0.016679 0.024276
3 0.172476 0.773871 0.041816 0.024258
0 0.180413 0.858521 0.016691 0.026905
5 0.305352 0.280646 0.088778 0.023400
0 0.054109 0.857630 0.015906 0.024972
0 0.159029 0.140428 0.028697 0.017758
3 0.172428 0.626686 0.041892 0.025500
0 0.200859 0.140104 0.042776 0.019526
0 0.116281 0.858445 0.025758 0.023981
0 0.302462 0.141798 0.063268 0.019916
0 0.245586 0.140613 0.030356 0.019016
5 0.470189 0.180255 0.172733 0.025278
5 0.179652 0.356955 0.162165 0.026531
0 0.204126 0.858701 0.016038 0.025909
5 0.070502 0.701957 0.055574 0.026505
5 0.145681 0.257015 0.092307 0.026125
0 0.163631 0.858464 0.016228 0.027588
0 0.137710 0.858320 0.017103 0.026680
5 0.127370 0.281789 0.056264 0.022216
0 0.182752 0.058550 0.012162 0.020296
0 0.168618 0.058276 0.013198 0.021190
0 0.221113 0.858467 0.016720 0.025929
0 0.150572 0.058618 0.013567 0.021638
3 0.172999 0.579213 0.039497 0.021003
0 0.344544 0.058414 0.012492 0.020486
5 0.070778 0.798242 0.055905 0.022233
5 0.144054 0.406252 0.090755 0.024752
0 0.036466 0.140561 0.040276 0.018104
0 0.309407 0.058906 0.010641 0.018743
5 0.070439 0.773689 0.055718 0.025128
0 0.215399 0.975931 0.018991 0.035530
0 0.328821 0.058273 0.011860 0.020313
5 0.069744 0.632064 0.056180 0.027795
3 0.171907 0.751025 0.041335 0.025204
5 0.127690 0.306048 0.059312 0.025481
0 0.295199 0.059647 0.009086 0.017485
3 0.172452 0.654809 0.041073 0.030004
5 0.272586 0.629452 0.163747 0.028791
0 0.281187 0.059974 0.012357 0.016812
0 0.316286 0.058481 0.008888 0.019780
0 0.217046 0.060131 0.015374 0.020162
0 0.943292 0.011404 0.012584 0.022807
5 0.069969 0.749922 0.055622 0.025398
5 0.070095 0.667355 0.054636 0.038181
0 0.198811 0.059167 0.012133 0.020070
5 0.069895 0.604177 0.055618 0.025674
0 0.363921 0.058529 0.013160 0.019879
0 0.265840 0.059842 0.010902 0.017132
5 0.308011 0.356814 0.030552 0.023002
3 0.172236 0.726812 0.040575 0.024938
0 0.034455 0.023365 0.060232 0.021854
0 0.019686 0.141007 0.012657 0.020045
0 0.081651 0.027039 0.015134 0.019233
0 0.108243 0.026654 0.019025 0.021541
0 0.140456 0.027808 0.022052 0.023849
0 0.179372 0.027039 0.030700 0.017695
0 0.226647 0.024731 0.045401 0.017695
0 0.272481 0.025500 0.028106 0.025388
0 0.307505 0.025115 0.018593 0.021541
0 0.378057 0.058581 0.012107 0.020772
1 0.208486 0.382083 0.009945 0.018464
5 0.219302 0.433092 0.242177 0.026670
5 0.070192 0.726356 0.057076 0.028465
5 0.069760 0.581338 0.056211 0.023080
5 0.173535 0.674427 0.002594 0.004616
3 0.172021 0.702379 0.041942 0.026157
3 0.173102 0.679684 0.041510 0.025388
5 0.271747 0.582084 0.161256 0.025316
5 0.272864 0.605056 0.161382 0.026253
5 0.273130 0.655065 0.161716 0.028465
5 0.272913 0.678915 0.161283 0.026926
5 0.273562 0.797006 0.161716 0.024618
5 0.273778 0.775850 0.159554 0.026926
5 0.273130 0.750462 0.160851 0.026926
5 0.273346 0.726228 0.161283 0.026157
5 0.273130 0.703148 0.161716 0.024618
0 0.955161 0.010498 0.012107 0.020002
0 0.967700 0.011268 0.012972 0.021541