5 0.639811 0.414904 0.168082 0.046914
0 0.058077 0.103817 0.069636 0.032174
5 0.638742 0.469533 0.167849 0.044700
5 0.195149 0.467926 0.046028 0.044279
5 0.190134 0.679631 0.037602 0.042783
5 0.195471 0.520503 0.044649 0.046195
5 0.190007 0.734985 0.036831 0.044110
5 0.228976 0.415419 0.116294 0.041014
3 0.125123 0.103851 0.043059 0.032748
0 0.961808 0.968526 0.042011 0.042250
4 0.956048 0.103896 0.056863 0.041867
0 0.955397 0.105430 0.054788 0.041574
5 0.038251 0.969820 0.014437 0.027684
5 0.221539 0.253143 0.097213 0.047645