5 0.312519 0.538036 0.258052 0.345512
3 0.843062 0.110212 0.123249 0.037703
0 0.948859 0.958176 0.084045 0.043719
0 0.205334 0.107976 0.100874 0.034382
3 0.794631 0.795420 0.191244 0.049691
5 0.276804 0.794822 0.270903 0.052308
0 0.077737 0.109280 0.117947 0.035943
0 0.346566 0.107157 0.149344 0.035564
0 0.025963 0.956467 0.036071 0.047404
3 0.957238 0.108934 0.036116 0.039702
3 0.680233 0.108266 0.167623 0.036216
0 0.509337 0.111188 0.141948 0.048214
5 0.237880 0.894505 0.194143 0.039535
2 0.749450 0.848429 0.101028 0.043238
5 0.845453 0.548038 0.304191 0.410586
5 0.185284 0.848425 0.082200 0.039861
0 0.517747 0.264064 0.143339 0.055847
0 0.523167 0.372268 0.154180 0.058174
0 0.470168 0.533993 0.052999 0.037232