0 0.591219 0.356724 0.068840 0.035184
3 0.282435 0.355622 0.067450 0.031145
0 0.348237 0.359267 0.055953 0.036639
0 0.417820 0.355522 0.077313 0.031706
0 0.503864 0.355388 0.089986 0.034679
3 0.198025 0.355693 0.098138 0.030854
1 0.030027 0.573631 0.012876 0.024037
0 0.951884 0.356233 0.083036 0.034821
1 0.030412 0.606576 0.012107 0.028500
1 0.030145 0.540010 0.011775 0.025669
1 0.030061 0.701604 0.012783 0.028782
3 0.968803 0.086327 0.027249 0.032274
1 0.030034 0.670811 0.011815 0.025174
1 0.030348 0.508640 0.011370 0.022494
3 0.093641 0.356376 0.103015 0.032836
1 0.030320 0.735221 0.013286 0.024199
1 0.029919 0.638279 0.012045 0.026106
1 0.030621 0.444673 0.011662 0.026723
1 0.030283 0.475448 0.012365 0.027877