1 0.264671 0.844254 0.016845 0.033610
1 0.245222 0.843056 0.011594 0.027989
1 0.245222 0.743584 0.011594 0.024968
0 0.904718 0.973100 0.064423 0.040566
0 0.977644 0.085646 0.042491 0.030216
1 0.245121 0.779004 0.012850 0.024759
1 0.265119 0.808462 0.016932 0.032497
0 0.040235 0.286504 0.020209 0.039915
1 0.264749 0.743020 0.017080 0.032610
3 0.013484 0.287585 0.026871 0.041621
1 0.264859 0.878473 0.016654 0.032909
0 0.121411 0.287282 0.017129 0.037112
0 0.940389 0.086676 0.014700 0.028140
0 0.092158 0.287202 0.021081 0.038050
0 0.063215 0.287011 0.020602 0.040237
1 0.265095 0.705649 0.017683 0.035102
5 0.124672 0.490545 0.225155 0.040867
5 0.124245 0.522994 0.226091 0.037744
1 0.264966 0.774984 0.016615 0.032909
5 0.124399 0.592019 0.224968 0.042297
5 0.123850 0.558657 0.225140 0.040874
5 0.124391 0.456828 0.224304 0.040927
5 0.878308 0.139252 0.076231 0.039698
5 0.124932 0.625922 0.225676 0.043724
3 0.136238 0.286767 0.014553 0.040057
0 0.970922 0.976399 0.056171 0.035061
5 0.125832 0.694505 0.228762 0.041739
5 0.125144 0.833906 0.226454 0.031218
5 0.124485 0.420461 0.225881 0.038678
0 0.205775 0.085044 0.026153 0.026200
5 0.125992 0.728305 0.227798 0.043996
5 0.794820 0.808137 0.072507 0.038163
0 0.165693 0.286847 0.019523 0.039517
1 0.264799 0.913194 0.016256 0.031630
5 0.419666 0.706748 0.128406 0.040576
5 0.794882 0.844451 0.073399 0.037274
5 0.666544 0.138909 0.190240 0.040674
1 0.245100 0.811094 0.013946 0.026502
0 0.265214 0.085665 0.077344 0.028758
5 0.126414 0.800534 0.228321 0.031218
0 0.917623 0.086977 0.013889 0.029811
5 0.660060 0.775953 0.110458 0.036083
5 0.794304 0.774854 0.071444 0.034738
5 0.419406 0.845070 0.128774 0.039171
5 0.124594 0.662177 0.226815 0.040453
5 0.126793 0.903014 0.229046 0.038103
5 0.420329 0.775958 0.129732 0.038452
5 0.660768 0.808822 0.110816 0.037513
5 0.661276 0.845249 0.110485 0.037444
0 0.746960 0.085391 0.102699 0.027594
5 0.422476 0.139689 0.074455 0.036518
0 0.451250 0.085583 0.078230 0.027333
5 0.794115 0.880176 0.071639 0.032292
5 0.420214 0.808486 0.129503 0.038971
5 0.659611 0.744072 0.110260 0.035527
0 0.382287 0.084718 0.041733 0.026442
5 0.659287 0.706212 0.109138 0.039587
5 0.420480 0.879365 0.127371 0.038267
5 0.660390 0.880830 0.110957 0.039300
5 0.125328 0.764009 0.226928 0.039678
0 0.551469 0.084814 0.104178 0.026618
1 0.264709 0.886604 0.016646 0.031255
3 0.822950 0.085135 0.035516 0.029225
1 0.245025 0.708356 0.014095 0.027714
0 0.331237 0.084552 0.038987 0.025431
0 0.634884 0.085296 0.045937 0.025804
0 0.107537 0.085839 0.155294 0.029132
1 0.264801 0.743357 0.019261 0.046654
5 0.419789 0.743892 0.128652 0.037216
0 0.677039 0.086263 0.021857 0.026894
3 0.626627 0.403594 0.107910 0.035612
3 0.315295 0.140021 0.145416 0.039314
5 0.794280 0.743783 0.072931 0.034438
0 0.263622 0.268416 0.013140 0.024355
1 0.245927 0.878580 0.014057 0.027989
0 0.822276 0.085265 0.034711 0.028428
5 0.125597 0.867277 0.223440 0.035524
1 0.245749 0.916258 0.012648 0.030142
5 0.793560 0.913654 0.072872 0.037852
5 0.660571 0.915720 0.111193 0.033371
5 0.729090 0.744146 0.028106 0.038864
5 0.728658 0.778153 0.028970 0.036215
5 0.729523 0.811717 0.028106 0.034448
5 0.729523 0.844840 0.027241 0.038864
5 0.729523 0.881055 0.028106 0.033565
5 0.730171 0.915061 0.026808 0.032681
5 0.418701 0.913910 0.126476 0.034448
5 0.786116 0.291230 0.427768 0.169943