5 0.149963 0.299411 0.028080 0.038333
0 0.901183 0.975435 0.065596 0.039875
0 0.062936 0.706771 0.022141 0.039649
1 0.027385 0.517383 0.012972 0.026515
0 0.194053 0.708186 0.021298 0.042041
0 0.138916 0.708186 0.021943 0.042041
1 0.027385 0.587842 0.012972 0.026019
0 0.974525 0.092846 0.047060 0.036869
0 0.049784 0.092510 0.076041 0.030230
0 0.160819 0.708804 0.021551 0.040807
0 0.084474 0.706921 0.019591 0.038299
0 0.236642 0.708250 0.020784 0.041915
1 0.027385 0.552324 0.013837 0.027457
0 0.028689 0.706906 0.021866 0.040491
0 0.105428 0.706888 0.021879 0.038760
0 0.215702 0.708619 0.019091 0.041176
0 0.162040 0.092138 0.136622 0.030841
0 0.969401 0.977087 0.059454 0.038233
1 0.027385 0.623249 0.012972 0.027895
1 0.027817 0.481146 0.012107 0.024747
5 0.447413 0.706282 0.043349 0.038633
0 0.304997 0.092946 0.134488 0.031041
5 0.278672 0.210510 0.286167 0.042783
5 0.503539 0.707393 0.042276 0.038443
0 0.036056 0.845394 0.039344 0.033582
1 0.027601 0.933518 0.012539 0.025631
3 0.397234 0.093178 0.034412 0.028816
1 0.430810 0.480999 0.015566 0.025631