5 0.220519 0.566341 0.042398 0.039463
5 0.235469 0.614812 0.072516 0.037378
0 0.869656 0.974508 0.075840 0.039812
5 0.220423 0.518286 0.042458 0.039698
5 0.252205 0.712284 0.106608 0.039271
5 0.220597 0.471443 0.042606 0.039894
3 0.046322 0.095705 0.042815 0.031451
5 0.220815 0.422149 0.041136 0.042302
5 0.164830 0.184359 0.106662 0.037643
5 0.260433 0.181489 0.040704 0.040285
0 0.949379 0.975271 0.069834 0.038184
5 0.147795 0.232158 0.072122 0.038718
5 0.667625 0.230101 0.040694 0.041062
0 0.954868 0.095983 0.054380 0.036261
0 0.279378 0.331120 0.061674 0.035359
4 0.954719 0.097252 0.053099 0.035056