0 0.568354 0.295702 0.024140 0.045319
0 0.620679 0.294925 0.022193 0.043276
0 0.535631 0.295494 0.024271 0.043435
0 0.383009 0.295384 0.022121 0.045186
5 0.240679 0.188654 0.082650 0.042795
0 0.594322 0.295564 0.022114 0.043297
0 0.079915 0.295500 0.022417 0.045471
0 0.233205 0.295409 0.022876 0.046033
0 0.968571 0.975930 0.062858 0.037106
0 0.307672 0.295775 0.021318 0.042511
0 0.351529 0.296006 0.023297 0.045736
0 0.485864 0.296313 0.021560 0.045970
1 0.041184 0.441428 0.017576 0.035486
0 0.154778 0.295028 0.022823 0.046371
5 0.194380 0.792433 0.085995 0.040844
0 0.207314 0.295458 0.023452 0.045341
0 0.258600 0.297385 0.019784 0.045596
5 0.218690 0.845749 0.134220 0.042005
0 0.894704 0.975479 0.071583 0.037726
0 0.047103 0.293788 0.024933 0.046322
3 0.119056 0.190076 0.164812 0.043576
5 0.209079 0.743074 0.116875 0.041855
5 0.194518 0.894991 0.085691 0.042132
0 0.975683 0.100341 0.047858 0.035298
0 0.181446 0.295312 0.022389 0.045866
5 0.238407 0.441998 0.082258 0.039804
0 0.087961 0.102035 0.156400 0.034771
1 0.041310 0.402102 0.017639 0.036407
5 0.565862 0.441543 0.058466 0.040618
3 0.124093 0.295055 0.019703 0.044469
0 0.361476 0.102287 0.049563 0.030048
0 0.106022 0.294702 0.019361 0.043413
5 0.181233 0.441096 0.036575 0.040586
4 0.870202 0.317592 0.146409 0.034532
3 0.691624 0.101646 0.088075 0.046044
0 0.019605 0.641708 0.026016 0.047734
5 0.631080 0.442884 0.035455 0.037483
5 0.106912 0.441270 0.042660 0.040518
0 0.271823 0.102273 0.114422 0.032515
0 0.440190 0.102672 0.091547 0.032655
5 0.289968 0.743749 0.050701 0.046203
0 0.506965 0.641060 0.024140 0.043954
5 0.351686 0.743319 0.053368 0.043676
0 0.019115 0.289667 0.023990 0.045393
1 0.041259 0.479932 0.017469 0.035113
5 0.147182 0.479963 0.036582 0.038599
0 0.934106 0.098906 0.017046 0.030882
0 0.584350 0.102187 0.116952 0.034947
5 0.106786 0.480121 0.043354 0.038698
5 0.181382 0.479764 0.035976 0.037946
5 0.181234 0.519539 0.036509 0.042313
5 0.068353 0.479935 0.036245 0.038292
5 0.068444 0.518228 0.036646 0.039759
5 0.361698 0.480655 0.166040 0.041296
5 0.146894 0.440730 0.036266 0.041486
4 0.712610 0.514067 0.110815 0.032150
1 0.041469 0.518226 0.018215 0.033860
0 0.482547 0.641429 0.023679 0.043064
0 0.190016 0.100605 0.031340 0.030310
5 0.146699 0.519890 0.036008 0.044581
5 0.106670 0.518299 0.042219 0.040097
4 0.715606 0.313455 0.122043 0.030419
4 0.699836 0.259379 0.087541 0.030908
3 0.762620 0.099431 0.042832 0.031323
5 0.068125 0.441018 0.036192 0.041065
5 0.239379 0.480321 0.082810 0.040384
4 0.861149 0.365429 0.131003 0.032944
4 0.872284 0.267180 0.150307 0.036929
3 0.217716 0.843921 0.132976 0.042117
4 0.683899 0.563418 0.056353 0.029543
0 0.505928 0.104822 0.024922 0.037390
5 0.238916 0.520902 0.083416 0.042511
5 0.472716 0.523851 0.059887 0.047769
5 0.566187 0.480312 0.057655 0.039992
0 0.018873 0.239437 0.022547 0.042925
5 0.472696 0.401622 0.059209 0.042560
5 0.180879 0.401695 0.035737 0.040048
5 0.360401 0.401835 0.167337 0.041228
5 0.630540 0.479575 0.035673 0.038128
5 0.565366 0.401863 0.058945 0.040867
5 0.106875 0.401986 0.043949 0.040007
3 0.720542 0.161099 0.142034 0.040608
5 0.146790 0.401973 0.036133 0.040298
5 0.886955 0.479590 0.047628 0.038021
4 0.691639 0.362748 0.073054 0.028088
5 0.566395 0.519947 0.060419 0.042258
4 0.682288 0.461028 0.050953 0.027793
5 0.887143 0.518735 0.047610 0.039783
5 0.630864 0.523052 0.037618 0.047018
4 0.672952 0.411993 0.029765 0.026820
3 0.293380 0.645438 0.315216 0.047084
4 0.717894 0.614581 0.127169 0.036901
5 0.518695 0.441375 0.036135 0.040533
0 0.058411 0.027737 0.026394 0.036053
4 0.876110 0.168521 0.162563 0.046170
4 0.876110 0.220287 0.155818 0.037775
3 0.725689 0.461394 0.135582 0.032179
3 0.724677 0.564227 0.138954 0.030780
5 0.519523 0.482661 0.036321 0.049775
5 0.519523 0.522347 0.035024 0.045739
5 0.472283 0.442976 0.061616 0.043049
5 0.472932 0.482661 0.057725 0.044394
5 0.361374 0.522347 0.166688 0.048430
5 0.362023 0.443648 0.166688 0.041703
1 0.326207 0.192882 0.015231 0.031592
3 0.276924 0.297597 0.017855 0.043207
3 0.326522 0.300169 0.016863 0.044236
3 0.415716 0.298111 0.031247 0.042178
3 0.454403 0.299140 0.033231 0.048350
3 0.503588 0.300169 0.016863 0.046293