5 0.137947 0.520634 0.040800 0.040009
5 0.193890 0.475838 0.155525 0.038638
5 0.194094 0.378246 0.155765 0.042083
5 0.138079 0.278710 0.042410 0.044505
5 0.194091 0.427079 0.155771 0.039564
5 0.138398 0.570613 0.041574 0.041314
3 0.201516 0.330823 0.170756 0.041673
5 0.169047 0.763835 0.106220 0.040117
5 0.242898 0.763491 0.039643 0.040683
0 0.657570 0.474541 0.025820 0.042986
0 0.153750 0.095694 0.054352 0.026722
0 0.069256 0.096825 0.097349 0.030425
3 0.211547 0.098357 0.039493 0.030210
0 0.657574 0.376693 0.025295 0.043672
0 0.953626 0.097605 0.055486 0.037053
1 0.036224 0.718034 0.016237 0.030158
4 0.953406 0.098264 0.053377 0.035800
0 0.077516 0.031360 0.033984 0.031611
0 0.657587 0.425717 0.025623 0.041698
0 0.210937 0.096699 0.041942 0.033552