3 0.522276 0.519267 0.157878 0.042815
1 0.895974 0.869833 0.017533 0.037053
0 0.899748 0.982109 0.073999 0.035782
0 0.105278 0.348757 0.023649 0.045823
1 0.895834 0.910735 0.017372 0.031048
0 0.729632 0.958833 0.065321 0.037505
0 0.800512 0.960507 0.058407 0.032357
0 0.073539 0.348941 0.023594 0.043855
3 0.548458 0.314061 0.151412 0.047017
0 0.970008 0.983984 0.059298 0.032032
0 0.047944 0.349603 0.022204 0.043998
0 0.938280 0.104701 0.015603 0.032284
3 0.016910 0.349837 0.032192 0.046035
0 0.913943 0.105422 0.015813 0.032445
5 0.976558 0.168762 0.046203 0.039876
0 0.977646 0.104368 0.044707 0.032138
0 0.138294 0.348849 0.022052 0.044335
1 0.209655 0.875077 0.015337 0.030173
1 0.209015 0.824413 0.016832 0.035311
1 0.208702 0.671906 0.016337 0.034310
0 0.260371 0.217115 0.080900 0.037133
3 0.156820 0.348484 0.017593 0.042605
1 0.009224 0.465171 0.013837 0.032150
1 0.897721 0.833035 0.017630 0.035825