1 0.134122 0.429661 0.013433 0.032383
1 0.134664 0.632731 0.014984 0.030754
1 0.134503 0.670610 0.014795 0.031904
1 0.026046 0.672934 0.014770 0.030145
1 0.134801 0.470733 0.014710 0.032073
1 0.026331 0.752948 0.014201 0.028143
1 0.026622 0.591476 0.014506 0.027374
1 0.134707 0.588636 0.014781 0.032232
1 0.134747 0.713433 0.014818 0.028243
1 0.026055 0.713562 0.015638 0.028502
1 0.026774 0.510049 0.014201 0.029690
1 0.133963 0.510232 0.013792 0.030056
1 0.134477 0.550585 0.015357 0.030376
1 0.026774 0.551412 0.013313 0.032029
1 0.026385 0.632075 0.014979 0.031325
1 0.026996 0.430327 0.013757 0.030392
1 0.026552 0.469298 0.014645 0.029203
0 0.066803 0.812504 0.021959 0.041261
0 0.021136 0.812307 0.023921 0.041417
0 0.043642 0.812018 0.020400 0.040375
1 0.135499 0.390167 0.013313 0.029203
3 0.360974 0.103036 0.038605 0.033855
0 0.097630 0.104188 0.176011 0.036265
1 0.027218 0.391109 0.013313 0.029203
0 0.218717 0.102693 0.049547 0.042627
5 0.724465 0.811811 0.046128 0.045084
1 0.026774 0.348718 0.014201 0.029203
1 0.134833 0.348875 0.014645 0.032029
1 0.135055 0.752065 0.014201 0.030145
3 0.290951 0.103956 0.081499 0.035555
0 0.990232 0.102857 0.019536 0.037192