0 0.559494 0.662540 0.021323 0.040378
0 0.259187 0.860593 0.114050 0.045768
0 0.607969 0.664741 0.060056 0.037334
3 0.768006 0.687846 0.165388 0.049006
5 0.221952 0.687751 0.052728 0.040302
5 0.549056 0.581419 0.104056 0.038804
0 0.962436 0.972778 0.069892 0.040403
0 0.019045 0.971662 0.026869 0.040249
3 0.528795 0.508144 0.180917 0.045603
3 0.185571 0.110222 0.140113 0.039504
0 0.640735 0.424233 0.019279 0.036112
0 0.614136 0.423967 0.020549 0.037889
0 0.592007 0.581317 0.016402 0.035849
0 0.056317 0.106648 0.086861 0.036012
0 0.926577 0.635785 0.016871 0.038596
3 0.326484 0.107040 0.102406 0.033156
3 0.969480 0.105214 0.029379 0.030187