5 0.642955 0.466968 0.104590 0.029575
5 0.485996 0.193324 0.108265 0.029999
1 0.344612 0.539480 0.013120 0.024938
5 0.082770 0.193184 0.107068 0.031689
5 0.619736 0.192670 0.107289 0.032632
5 0.754129 0.193382 0.108058 0.032085
0 0.914303 0.393890 0.023206 0.031183
5 0.772906 0.466703 0.104071 0.031014
5 0.350968 0.193148 0.106731 0.031618
5 0.082370 0.264764 0.106850 0.029055
3 0.225821 0.192781 0.124908 0.032853
3 0.062902 0.086078 0.072587 0.031272
0 0.948870 0.261756 0.023173 0.033771
0 0.920804 0.665357 0.033721 0.027001
5 0.888895 0.193120 0.108082 0.031561
1 0.344391 0.577566 0.013530 0.024728
1 0.344434 0.694888 0.013390 0.024049
5 0.121678 0.467825 0.106558 0.029318
1 0.344285 0.499823 0.012973 0.024310
0 0.877433 0.392150 0.040436 0.027162
1 0.344259 0.655265 0.013086 0.022444
0 0.896885 0.261483 0.067817 0.032730
5 0.512708 0.467303 0.104683 0.028275
3 0.105491 0.390882 0.075239 0.033996
0 0.145408 0.266490 0.016026 0.030538
1 0.344299 0.733269 0.013088 0.022067
4 0.374906 0.732931 0.040896 0.021451
5 0.251246 0.465972 0.104771 0.029553
4 0.393506 0.540359 0.076827 0.020188
4 0.386790 0.576889 0.063432 0.021167
4 0.397841 0.694761 0.085708 0.023433
0 0.414054 0.193593 0.016187 0.028568
0 0.703311 0.465297 0.015879 0.028151
0 0.875223 0.665283 0.016870 0.024054
0 0.572821 0.465654 0.015561 0.028217
0 0.950572 0.190339 0.015243 0.031137
4 0.399791 0.656233 0.089887 0.020377
0 0.819317 0.390753 0.060336 0.029264
0 0.548512 0.194086 0.015526 0.029553
4 0.394848 0.501658 0.076214 0.021770
0 0.833747 0.465817 0.016087 0.029334
0 0.964796 0.349694 0.016067 0.031387
0 0.959910 0.078491 0.016390 0.027083
0 0.682882 0.192184 0.015805 0.033356
0 0.817388 0.190742 0.015956 0.030655
1 0.343754 0.617731 0.013336 0.025721
0 0.181599 0.465580 0.016162 0.029016
0 0.312078 0.466794 0.015023 0.029879
0 0.145634 0.191623 0.016151 0.028568
3 0.388923 0.464897 0.120334 0.030648
4 0.378395 0.617677 0.043739 0.027583