5 0.091500 0.262722 0.121818 0.032339
5 0.091285 0.189946 0.124433 0.028568
0 0.938549 0.261416 0.022684 0.031425
3 0.887536 0.190297 0.123309 0.030121
0 0.801802 0.936091 0.035368 0.026663
0 0.723206 0.937520 0.022616 0.031425
0 0.878792 0.260186 0.054609 0.025154
0 0.934706 0.347701 0.019854 0.028778
3 0.259238 0.208945 0.151383 0.030591
0 0.758112 0.936567 0.031465 0.023806
0 0.418677 0.105830 0.164606 0.031742
3 0.393587 0.208948 0.097782 0.028481
0 0.949094 0.078826 0.016114 0.027129
3 0.067618 0.083866 0.080566 0.030143
0 0.876396 0.347466 0.031868 0.028828
0 0.133563 0.567108 0.020212 0.031664
0 0.909428 0.347283 0.014012 0.029194
0 0.255678 0.106691 0.162857 0.031348
0 0.912010 0.259342 0.009805 0.025372
5 0.030535 0.565201 0.011860 0.024135
5 0.030796 0.676384 0.013063 0.024504
5 0.030401 0.454764 0.012460 0.023983
5 0.579865 0.208700 0.256200 0.032217
0 0.743472 0.105301 0.162788 0.030684
5 0.030510 0.786437 0.012841 0.025078
5 0.030467 0.896500 0.012099 0.023667
0 0.580701 0.105830 0.161661 0.029626
3 0.954414 0.347435 0.019392 0.030150
0 0.838250 0.346764 0.026549 0.026423
0 0.994228 0.077842 0.011444 0.024748
0 0.728835 0.206208 0.013978 0.026921
0 0.956129 0.675586 0.011212 0.019873
0 0.956222 0.785832 0.011843 0.022350
0 0.967552 0.296650 0.000000 0.000952
0 0.956244 0.897525 0.011799 0.021902
0 0.956490 0.567091 0.014258 0.021902
0 0.956490 0.456629 0.014258 0.021902
0 0.187807 0.160953 0.013766 0.026663
0 0.187807 0.252370 0.014749 0.030472
0 0.248033 0.302840 0.000492 0.000000
0 0.748771 0.207138 0.015733 0.027615