0 0.943378 0.086650 0.061327 0.031553
0 0.899988 0.967573 0.037104 0.026769
0 0.990570 0.084312 0.017445 0.030620
0 0.954344 0.965656 0.059453 0.033265
0 0.107363 0.177209 0.054742 0.033758
1 0.518767 0.533136 0.015062 0.029553
1 0.519035 0.453958 0.014342 0.030173
1 0.518846 0.653602 0.015182 0.030018
1 0.519067 0.573885 0.014933 0.031455
1 0.518832 0.413398 0.015045 0.029046
1 0.519000 0.494284 0.014691 0.029535
1 0.518796 0.333156 0.015658 0.029871
1 0.519012 0.373358 0.015777 0.032682
3 0.836388 0.247764 0.113654 0.031536
1 0.519389 0.613817 0.015408 0.032971
1 0.518939 0.694260 0.014997 0.033095
5 0.712343 0.247500 0.123212 0.028723
0 0.852385 0.964532 0.052069 0.028604
0 0.955412 0.244498 0.018509 0.024019
0 0.047198 0.177146 0.048378 0.041138
0 0.185546 0.176003 0.077286 0.034281
0 0.279941 0.176003 0.090265 0.036567
0 0.374336 0.176574 0.079646 0.044566
0 0.904425 0.243994 0.020059 0.030853
0 0.928909 0.245137 0.017109 0.037709
3 0.547198 0.244566 0.076106 0.045708
5 0.674108 0.696693 0.071735 0.024672