5 0.551946 0.837445 0.086635 0.043190
5 0.552428 0.345116 0.086838 0.041796
5 0.184705 0.345203 0.087776 0.042609
5 0.528492 0.639736 0.040691 0.042788
5 0.575844 0.394823 0.133671 0.043349
5 0.207938 0.395653 0.134707 0.042400
5 0.528603 0.442853 0.040477 0.043310
5 0.583373 0.886004 0.149176 0.042462
5 0.575623 0.788064 0.135038 0.042276
5 0.228016 0.591448 0.047275 0.042604
5 0.243315 0.444036 0.204914 0.044582
5 0.208270 0.640624 0.133178 0.044473
5 0.599092 0.296555 0.087481 0.040961
5 0.262351 0.690144 0.243519 0.043216
5 0.184640 0.247825 0.087646 0.041915
3 0.081214 0.157210 0.131007 0.041702
5 0.185137 0.296264 0.086047 0.042578
5 0.165388 0.591366 0.047702 0.042441
5 0.529108 0.246764 0.039311 0.041800
5 0.208342 0.788175 0.132745 0.043585
5 0.262608 0.887060 0.243006 0.044031
5 0.262558 0.739671 0.243971 0.044423
5 0.532768 0.295742 0.047519 0.039335
5 0.184770 0.837574 0.087330 0.044536
0 0.343218 0.159573 0.110841 0.033431
3 0.439412 0.158957 0.051474 0.032879
5 0.340606 0.295354 0.026354 0.043700
0 0.216093 0.159414 0.110634 0.034459
5 0.340943 0.493363 0.399389 0.043216
5 0.340952 0.246226 0.026117 0.045041
0 0.235773 0.247730 0.019401 0.045578
0 0.020467 0.023428 0.018161 0.025277
0 0.025223 0.083359 0.014701 0.030985
0 0.067165 0.023428 0.057941 0.031800
0 0.120782 0.024651 0.028538 0.030985
0 0.159482 0.024243 0.034159 0.033431
0 0.209784 0.024651 0.047996 0.034246
0 0.264482 0.023020 0.043240 0.030985
0 0.311180 0.025874 0.029403 0.031800