0 0.246681 0.395381 0.150041 0.044031
0 0.410991 0.395381 0.149176 0.044031
0 0.083134 0.393512 0.149996 0.043516
3 0.080353 0.158220 0.131016 0.040460
0 0.169758 0.160044 0.019267 0.032300
0 0.205421 0.159574 0.020017 0.033912
3 0.328106 0.158699 0.051235 0.033001
5 0.192370 0.295144 0.039113 0.043324
0 0.240924 0.158944 0.020048 0.032449
0 0.276654 0.159499 0.019915 0.033865
0 0.219936 0.296136 0.018102 0.042558
0 0.019452 0.022789 0.019970 0.026779
0 0.024999 0.085134 0.015976 0.027616
0 0.062942 0.023626 0.048371 0.028453
0 0.112423 0.023626 0.027514 0.031800
0 0.150809 0.023626 0.028845 0.030126
0 0.197627 0.024881 0.045265 0.032637
0 0.245111 0.024463 0.031952 0.030126