5 0.270174 0.345474 0.070903 0.040909
5 0.255213 0.640296 0.039789 0.042459
3 0.080137 0.157891 0.130583 0.039802
5 0.251476 0.443328 0.032253 0.041934
5 0.255025 0.688779 0.040607 0.039470
5 0.286302 0.592125 0.103027 0.040222
3 0.184660 0.157779 0.050534 0.031713
5 0.254344 0.394747 0.038328 0.039633
0 0.314135 0.345302 0.017749 0.039379
1 0.242915 0.837085 0.014903 0.026821
0 0.019723 0.023256 0.017918 0.026565
0 0.055923 0.024651 0.037186 0.030985
0 0.095271 0.024243 0.027673 0.028539
0 0.134403 0.024651 0.032430 0.027723
0 0.195154 0.023835 0.070048 0.029354
0 0.266067 0.024243 0.049293 0.031800
0 0.321630 0.024243 0.046266 0.030169
0 0.367248 0.022612 0.031997 0.033431
0 0.025007 0.082951 0.014269 0.031800