5 0.278318 0.935832 0.102045 0.041010
5 0.309949 0.886296 0.165306 0.043047
5 0.309551 0.640228 0.164975 0.043340
5 0.278318 0.837024 0.102045 0.044002
5 0.270535 0.981717 0.086479 0.036565
0 0.583169 0.638754 0.024670 0.043413
3 0.080786 0.158211 0.130151 0.040443
0 0.583308 0.541110 0.022998 0.041927
0 0.582985 0.688774 0.024989 0.043859
5 0.388075 0.690222 0.320405 0.044459
5 0.270319 0.542899 0.086047 0.043896
3 0.309596 0.157581 0.051534 0.032505
0 0.232890 0.159474 0.074472 0.033305
0 0.606704 0.541124 0.023819 0.044494
5 0.505381 0.542717 0.134153 0.044620
5 0.270259 0.591387 0.086005 0.043380
0 0.041956 0.397923 0.066079 0.041459
5 0.481385 0.591028 0.087351 0.042736
0 0.169995 0.158412 0.020001 0.034871
5 0.239124 0.295783 0.040732 0.043439
0 0.025655 0.085131 0.014701 0.032898
0 0.127953 0.395931 0.064727 0.040520
0 0.019602 0.023428 0.018161 0.028539
0 0.073219 0.024651 0.070048 0.027723
0 0.133106 0.022205 0.025511 0.029354
0 0.171156 0.023020 0.029835 0.030985
0 0.218936 0.024651 0.043240 0.034246
0 0.266499 0.023020 0.031132 0.027723