0 0.868957 0.974544 0.075294 0.043082
4 0.163192 0.182053 0.105069 0.039002
4 0.262982 0.470796 0.128597 0.042735
4 0.242721 0.615510 0.090883 0.039094
4 0.243496 0.422500 0.089206 0.039089
4 0.601776 0.711856 0.089527 0.041982
4 0.242629 0.662079 0.091563 0.041064
4 0.146675 0.229539 0.071711 0.037900
4 0.601575 0.614903 0.088497 0.041328
4 0.258963 0.179930 0.041069 0.040986
2 0.043359 0.092706 0.043656 0.031750
4 0.218412 0.710038 0.041334 0.039889
0 0.947165 0.975002 0.067714 0.044409
4 0.666671 0.227725 0.041170 0.042199
0 0.076001 0.325717 0.060338 0.036087
0 0.954644 0.093721 0.053238 0.034200
4 0.255479 0.710055 0.031907 0.039024
1 0.389084 0.420070 0.014542 0.028803
0 0.176696 0.328279 0.109145 0.043315
0 0.279056 0.324391 0.066077 0.046647
0 0.349558 0.323281 0.045428 0.048868
0 0.418584 0.324391 0.063127 0.044425
0 0.492920 0.326613 0.057227 0.044425
0 0.559292 0.324947 0.055457 0.043315