0 0.035820 0.028287 0.020017 0.047663
0 0.073746 0.098809 0.103245 0.031127
0 0.188296 0.096458 0.094249 0.040854
0 0.893121 0.028773 0.022651 0.035018
0 0.927623 0.028287 0.030552 0.039881
0 0.963706 0.027800 0.026865 0.036963
0 0.089812 0.282166 0.113253 0.035991
0 0.236515 0.280220 0.143279 0.035991
0 0.395333 0.282166 0.138538 0.037936
0 0.539665 0.281680 0.115360 0.040854
0 0.691898 0.280707 0.154340 0.042800
0 0.815424 0.284111 0.062158 0.039881
0 0.895491 0.283625 0.077960 0.042800
0 0.024494 0.961123 0.031079 0.039881
0 0.953961 0.962096 0.073746 0.037936
4 0.451696 0.500541 0.503055 0.295706
2 0.324484 0.100124 0.136147 0.027236
2 0.472827 0.095410 0.133311 0.036664
2 0.633651 0.098029 0.164511 0.033521
2 0.787100 0.096981 0.123100 0.039807
2 0.963524 0.099600 0.039142 0.038759