0 0.555378 0.190380 0.024549 0.042068
0 0.525136 0.191824 0.023868 0.047116
0 0.531781 0.850134 0.024167 0.039142
2 0.174038 0.444756 0.145690 0.042735
0 0.502300 0.192773 0.022544 0.047520
0 0.578604 0.850278 0.023644 0.040337
0 0.284790 0.850101 0.023518 0.039404
0 0.644264 0.849764 0.024563 0.042599
0 0.555250 0.850211 0.021234 0.038692
0 0.262678 0.850129 0.021236 0.037678
0 0.030667 0.294210 0.023705 0.049211
1 0.393114 0.685783 0.015550 0.030222
2 0.242703 0.191328 0.144512 0.043963
0 0.703134 0.976957 0.063064 0.040232
0 0.354906 0.849403 0.108058 0.043213
0 0.571146 0.726089 0.018974 0.035876
0 0.771390 0.977958 0.060700 0.032979
0 0.462256 0.849553 0.106097 0.045396
4 0.479885 0.340588 0.128852 0.044426
2 0.090543 0.191325 0.145665 0.043956
1 0.392764 0.646776 0.016014 0.030946
1 0.393003 0.727454 0.016492 0.029906
0 0.571176 0.684435 0.019153 0.035246
0 0.053379 0.849996 0.021935 0.039112
0 0.913127 0.976886 0.047654 0.030440
0 0.091576 0.293579 0.056995 0.043030
0 0.970806 0.104896 0.045965 0.032225
0 0.969576 0.976672 0.049575 0.032162
1 0.361021 0.686732 0.015329 0.027199
0 0.076321 0.850615 0.022979 0.039074
4 0.515532 0.392847 0.200051 0.051074
4 0.203059 0.342296 0.086216 0.042039
0 0.062556 0.100004 0.086238 0.034879
0 0.845973 0.977521 0.069268 0.032068
2 0.222587 0.099862 0.038223 0.032257
1 0.361144 0.726841 0.014412 0.031142
0 0.911910 0.103746 0.063430 0.029923
4 0.900555 0.683705 0.081495 0.041458
4 0.367879 0.190522 0.100195 0.042352
4 0.471784 0.191716 0.038051 0.047333
4 0.899626 0.645063 0.078982 0.044742
1 0.361286 0.646552 0.013534 0.030497
4 0.900387 0.724250 0.079803 0.043305
4 0.641266 0.725201 0.115689 0.044977
4 0.865030 0.193319 0.029744 0.051033
4 0.640453 0.684818 0.114854 0.042615
4 0.203439 0.393450 0.085456 0.041006
4 0.888621 0.192506 0.019439 0.050356
0 0.571177 0.644684 0.019677 0.034299
1 0.085451 0.446698 0.016999 0.031036
4 0.172325 0.850717 0.160180 0.045165
4 0.468778 0.725120 0.121523 0.045712
0 0.148029 0.293105 0.017247 0.034822
2 0.154614 0.099943 0.083406 0.034121
4 0.469656 0.688511 0.123277 0.040599
4 0.544880 0.688183 0.032395 0.040372
4 0.544215 0.727147 0.031952 0.041311
0 0.036083 0.028677 0.021597 0.041235