4 0.328836 0.477887 0.487488 0.301727
4 0.715962 0.846489 0.048380 0.040623
4 0.738826 0.891490 0.096440 0.042740
0 0.954880 0.959324 0.074082 0.037576
4 0.738886 0.798559 0.095517 0.040842
4 0.247211 0.752727 0.124049 0.041227
4 0.339099 0.891891 0.041729 0.040391
4 0.774160 0.752470 0.166594 0.041944
0 0.033717 0.865437 0.035292 0.039500
2 0.444280 0.090487 0.103217 0.029877
2 0.962447 0.091890 0.032966 0.034478
4 0.310946 0.704001 0.252047 0.046799
0 0.069924 0.865160 0.033734 0.039091
2 0.309946 0.090435 0.130936 0.030858
4 0.233800 0.797879 0.097495 0.040295
0 0.024884 0.960910 0.029897 0.034163
2 0.728832 0.090507 0.106807 0.030704
0 0.778782 0.893709 0.017019 0.037540
2 0.586438 0.090879 0.150000 0.033607
0 0.777879 0.798925 0.018206 0.032835
0 0.352529 0.893146 0.015972 0.039917
0 0.184059 0.089756 0.090180 0.030840
0 0.069483 0.091433 0.100997 0.031535
0 0.271542 0.797802 0.017672 0.038219
0 0.085877 0.280542 0.110755 0.047405
0 0.301458 0.868295 0.016401 0.031640
0 0.226155 0.277804 0.139845 0.041281
0 0.378564 0.279391 0.138752 0.040223
0 0.493827 0.278333 0.061182 0.042340
0 0.572490 0.278333 0.073200 0.044457
0 0.647056 0.277804 0.051896 0.043398
0 0.764503 0.278862 0.154594 0.045515
0 0.899705 0.278862 0.088496 0.043398
0 0.037104 0.023624 0.026272 0.034831