0 0.604744 0.655244 0.072108 0.030705
0 0.685295 0.657714 0.078032 0.036139
0 0.154709 0.230537 0.096576 0.020058
0 0.655977 0.502866 0.132822 0.033380
0 0.157790 0.476754 0.104994 0.022306
0 0.156753 0.342634 0.103639 0.016949
0 0.136894 0.430567 0.095649 0.023228
0 0.530048 0.982199 0.021797 0.025968
0 0.152823 0.365693 0.093796 0.019353
0 0.140777 0.080701 0.143875 0.023519
0 0.153290 0.297669 0.095722 0.018608
0 0.132470 0.051597 0.136153 0.020621
0 0.155259 0.275435 0.100651 0.018826
0 0.159618 0.255070 0.108377 0.017977
0 0.157729 0.319712 0.108566 0.016611
0 0.125313 0.386504 0.043599 0.013715
0 0.141997 0.408865 0.073407 0.020274
0 0.148448 0.455377 0.086309 0.014311
0 0.138215 0.498907 0.064064 0.016696
0 0.453779 0.200817 0.066589 0.019485
0 0.493873 0.221873 0.118641 0.018856
0 0.488949 0.244500 0.106918 0.018856
0 0.360032 0.352229 0.063619 0.030039
0 0.656524 0.200182 0.131151 0.030096
0 0.714895 0.077658 0.016111 0.024086