0 0.530428 0.979315 0.021661 0.026270
0 0.110938 0.275098 0.057521 0.020564
0 0.178923 0.244382 0.197412 0.027670
0 0.121113 0.342833 0.077601 0.020560
0 0.181870 0.150416 0.198075 0.020762
0 0.107300 0.311966 0.047209 0.020414
0 0.069564 0.086846 0.025678 0.016715
0 0.108900 0.087936 0.038790 0.017442
0 0.153609 0.087936 0.026224 0.015988
0 0.204419 0.086483 0.051356 0.024709
0 0.263424 0.087936 0.051356 0.024709
0 0.315054 0.088299 0.031142 0.022529
0 0.180380 0.119951 0.197776 0.019584
0 0.181200 0.178416 0.199415 0.018169
0 0.108263 0.206395 0.053542 0.017442
0 0.099795 0.377907 0.034420 0.020349