4 0.413044 0.666574 0.070590 0.038134
0 0.623302 0.217830 0.023654 0.037746
4 0.151125 0.665364 0.084790 0.039432
0 0.630580 0.620594 0.024299 0.038520
4 0.183024 0.845801 0.142105 0.041257
4 0.181700 0.891390 0.146474 0.043364
0 0.615713 0.892112 0.024029 0.039551
4 0.120526 0.170596 0.037234 0.036321
0 0.949930 0.972380 0.063704 0.034189
0 0.622895 0.170881 0.025033 0.041680
0 0.875432 0.971889 0.070625 0.037755
4 0.151662 0.620486 0.084195 0.038829
4 0.498919 0.486577 0.031762 0.035716
0 0.616076 0.846398 0.024763 0.039687
0 0.593520 0.395707 0.022469 0.039176
0 0.578807 0.171742 0.022996 0.039246
4 0.188321 0.169913 0.098729 0.041500
0 0.616132 0.801441 0.025788 0.037770
2 0.458626 0.621528 0.160165 0.041496
0 0.956241 0.090737 0.047865 0.031725
0 0.068210 0.309012 0.052070 0.034720
0 0.120070 0.091362 0.105783 0.030390
0 0.826894 0.092140 0.092923 0.031644
0 0.472390 0.090478 0.071397 0.030227
4 0.143899 0.440907 0.070709 0.039783
0 0.396070 0.091239 0.066439 0.029119
0 0.576679 0.090965 0.117578 0.031203
4 0.491883 0.531160 0.020186 0.037747
4 0.211453 0.440686 0.038664 0.040935
0 0.039521 0.090452 0.038286 0.029191
2 0.900209 0.091333 0.040315 0.030832
0 0.267849 0.091723 0.173221 0.031966
0 0.708932 0.090652 0.128338 0.032399
4 0.533177 0.396417 0.102081 0.041909
0 0.405786 0.216896 0.023090 0.034231
4 0.540783 0.441607 0.115252 0.041640
4 0.173444 0.396887 0.039195 0.039151
4 0.265990 0.217682 0.253899 0.039251
4 0.124477 0.396195 0.031409 0.037768
4 0.515058 0.217530 0.194221 0.041645
4 0.413738 0.170724 0.306922 0.043121
4 0.120164 0.215909 0.036047 0.036117
4 0.181454 0.801995 0.145217 0.038373
0 0.034320 0.027793 0.028931 0.035139
0 0.142103 0.305711 0.059564 0.035139
0 0.220388 0.304646 0.066372 0.037269
0 0.285625 0.306243 0.034604 0.038333
0 0.338666 0.304646 0.037440 0.041528
0 0.411845 0.308905 0.081688 0.035139
0 0.497220 0.307840 0.057295 0.030880
0 0.559054 0.308373 0.044815 0.034074
0 0.620604 0.311567 0.046517 0.031945