4 0.850606 0.713486 0.090572 0.052638
4 0.826910 0.594622 0.041607 0.049690
4 0.850546 0.653729 0.090937 0.050523
4 0.434098 0.953173 0.090688 0.052860
4 0.850579 0.772781 0.091004 0.051480
4 0.831097 0.832854 0.049116 0.052371
4 0.425714 0.475580 0.073613 0.050238
4 0.826808 0.535909 0.041989 0.050285
4 0.433716 0.714989 0.090662 0.048678
4 0.426055 0.417819 0.074810 0.052152
4 0.405508 0.892996 0.033783 0.050470
4 0.826528 0.476879 0.040797 0.048141
0 0.151527 0.796315 0.066740 0.049037
4 0.826745 0.417242 0.040735 0.049387
4 0.433268 0.774926 0.090463 0.046636
4 0.762908 0.243217 0.203034 0.056082
0 0.140290 0.194697 0.022842 0.045614
0 0.112328 0.194350 0.023454 0.046409
4 0.402418 0.830998 0.025922 0.049429
0 0.056441 0.798093 0.112820 0.053021
0 0.628315 0.121899 0.102047 0.038564
0 0.085027 0.194205 0.023072 0.046392
4 0.080743 0.545179 0.161486 0.051669
0 0.510664 0.121328 0.115860 0.037788
0 0.974538 0.121667 0.050923 0.044295
0 0.079573 0.120134 0.103410 0.039246
4 0.080967 0.451760 0.161934 0.050988
2 0.836136 0.120810 0.040645 0.038142
0 0.010889 0.194006 0.021778 0.049822
4 0.080959 0.637341 0.160650 0.050579
4 0.204530 0.406139 0.090508 0.045836
4 0.081304 0.405148 0.162608 0.050579
4 0.080458 0.497171 0.160916 0.048778
4 0.205700 0.496798 0.091502 0.047794
4 0.081817 0.592692 0.159773 0.050888
0 0.167648 0.194101 0.023874 0.047723
4 0.205868 0.451407 0.092028 0.048597
4 0.205679 0.638359 0.090977 0.046434
4 0.081871 0.685206 0.160186 0.054052
4 0.206086 0.592548 0.092428 0.049131
4 0.204830 0.544188 0.090704 0.051031
4 0.205306 0.684740 0.089739 0.050093
0 0.746691 0.122482 0.118265 0.039517
2 0.051584 0.197487 0.035869 0.042647
4 0.081144 0.360452 0.162288 0.048414
0 0.382387 0.121247 0.123557 0.037663
0 0.227349 0.121953 0.167519 0.041131
4 0.081003 0.940507 0.158492 0.053500
4 0.205561 0.940716 0.091699 0.046602
4 0.204820 0.361851 0.090469 0.047178
2 0.216777 0.192960 0.070556 0.051178
0 0.040297 0.040864 0.019490 0.048746
0 0.913928 0.044520 0.024231 0.053621
0 0.948167 0.043911 0.026338 0.057277
0 0.983987 0.043301 0.025284 0.056058