0 0.082819 0.143150 0.045444 0.044176
2 0.958396 0.135374 0.020140 0.031960
0 0.720811 0.139257 0.053831 0.032473
0 0.324533 0.139514 0.087237 0.035728
0 0.168076 0.140076 0.094385 0.034167
0 0.639976 0.137997 0.083763 0.034385
0 0.960633 0.019147 0.012793 0.028578
0 0.823399 0.142654 0.124440 0.028076
0 0.990871 0.019121 0.017445 0.025829
0 0.933593 0.020244 0.016863 0.023583
0 0.089403 0.301680 0.114029 0.217118
0 0.205038 0.302455 0.110817 0.215567
0 0.322680 0.301680 0.111620 0.217118
0 0.437512 0.303230 0.110014 0.220219
0 0.550737 0.300129 0.114832 0.220219
0 0.666774 0.302455 0.112423 0.221770
0 0.090206 0.592204 0.110817 0.210914
0 0.089001 0.883761 0.111620 0.217118
0 0.206242 0.884537 0.111620 0.218668
0 0.205841 0.593754 0.114029 0.214016
0 0.320672 0.591428 0.112423 0.215567
2 0.102377 0.066213 0.054659 0.034349
0 0.247267 0.142451 0.044248 0.036025
0 0.405822 0.140775 0.049020 0.037700
0 0.516007 0.140357 0.147059 0.036863
0 0.929204 0.138681 0.013882 0.026809
0 0.903826 0.142451 0.020389 0.024296
0 0.878883 0.062862 0.017352 0.030998
0 0.907947 0.064118 0.022558 0.033511
0 0.935494 0.064118 0.018653 0.031836
0 0.964558 0.066213 0.020389 0.032674