0 0.030552 0.030473 0.022124 0.044160
0 0.058470 0.090789 0.086389 0.037698
0 0.165666 0.090251 0.116414 0.032312
0 0.931311 0.089174 0.023177 0.038775
0 0.970818 0.092405 0.048462 0.036621
0 0.920249 0.027780 0.018963 0.034467
0 0.947903 0.028857 0.019490 0.036621
0 0.980036 0.027242 0.022651 0.035544
0 0.065318 0.352520 0.053729 0.039852
0 0.138274 0.351443 0.066898 0.042006
0 0.193321 0.350904 0.026338 0.038775
0 0.248630 0.354674 0.056890 0.037698
0 0.320270 0.349827 0.057944 0.047392
1 0.372682 0.843668 0.008955 0.018310
1 0.373472 0.891060 0.010535 0.018310
1 0.373472 0.934682 0.010535 0.019387
3 0.372682 0.710110 0.013169 0.026927
3 0.372155 0.753194 0.014223 0.022619
2 0.266277 0.092944 0.070059 0.035544
2 0.330015 0.094021 0.037400 0.033389
2 0.210177 0.709572 0.149600 0.036621
2 0.240466 0.485001 0.211231 0.037698
2 0.209387 0.531854 0.149073 0.034467
4 0.233881 0.172109 0.211757 0.034467
4 0.171460 0.216269 0.089022 0.032312
4 0.171197 0.262584 0.087442 0.034467
0 0.514644 0.441917 0.020017 0.035544
0 0.542035 0.440840 0.017910 0.037698
4 0.240202 0.441379 0.211757 0.034467
4 0.148546 0.576014 0.027391 0.034467
4 0.145386 0.799508 0.018963 0.033389
4 0.158028 0.889983 0.046355 0.035544
4 0.178035 0.841310 0.085316 0.043753
0 0.198852 0.838283 0.016330 0.026927
0 0.897861 0.968071 0.062684 0.032312
0 0.963970 0.966455 0.056890 0.033389
0 0.295258 0.263373 0.113078 0.037977
0 0.398503 0.171223 0.020212 0.036860