4 0.301719 0.491986 0.282801 0.034160
4 0.198474 0.629284 0.076311 0.032846
4 0.198153 0.673298 0.074388 0.034160
4 0.488329 0.673954 0.073746 0.038102
4 0.218674 0.175348 0.130820 0.034160
4 0.166410 0.221990 0.026292 0.035474
4 0.198474 0.264690 0.089137 0.034160
4 0.191099 0.311332 0.075670 0.032846
4 0.464281 0.809281 0.026933 0.035474
4 0.464281 0.855923 0.026933 0.034160
4 0.463960 0.900594 0.027575 0.036788
3 0.020521 0.807310 0.015391 0.028905
3 0.019879 0.853952 0.012825 0.030219
3 0.019238 0.901251 0.014108 0.027591
1 0.459151 0.625999 0.008978 0.021022
2 0.232141 0.538628 0.144928 0.032846
2 0.232782 0.581328 0.144928 0.034160
0 0.488008 0.491329 0.019238 0.038102
0 0.054829 0.401987 0.053226 0.030219
0 0.120880 0.404615 0.055791 0.032846
0 0.177632 0.403301 0.042324 0.030219
0 0.230217 0.401330 0.030781 0.034160
0 0.385084 0.175348 0.021162 0.034160
0 0.468770 0.173377 0.019238 0.035474
0 0.969283 0.093232 0.044248 0.040729
0 0.917661 0.028854 0.017956 0.040729
0 0.947800 0.028197 0.019238 0.039416
0 0.979223 0.029511 0.023086 0.031532
0 0.022765 0.030168 0.019879 0.032846
0 0.034308 0.091919 0.053226 0.024963
0 0.109337 0.093889 0.077594 0.031532
0 0.199756 0.095203 0.082724 0.028905
2 0.286969 0.098488 0.072464 0.027591
2 0.350776 0.095203 0.037194 0.026277
0 0.317393 0.310276 0.131042 0.036030
0 0.405321 0.174874 0.019855 0.032543
0 0.426027 0.176036 0.018153 0.034868
0 0.447583 0.176036 0.019287 0.034868