0 0.061344 0.355843 0.055645 0.040309
0 0.133079 0.356538 0.062349 0.041698
0 0.188724 0.353758 0.024806 0.038919
0 0.244033 0.357233 0.057656 0.040309
0 0.316439 0.360708 0.063020 0.036139
0 0.069053 0.090363 0.117994 0.037529
0 0.025141 0.027120 0.018101 0.036139
0 0.935908 0.090363 0.020113 0.037529
0 0.976468 0.088973 0.044918 0.034749
0 0.920153 0.022950 0.022124 0.038919
0 0.950322 0.024340 0.022124 0.036139
0 0.984178 0.024340 0.021453 0.041698
2 0.152521 0.091058 0.038214 0.041698
4 0.229284 0.171675 0.213194 0.033359
4 0.167605 0.218238 0.088496 0.034749
4 0.166935 0.263411 0.091177 0.038919
0 0.395213 0.172370 0.019442 0.037529
0 0.416667 0.171675 0.018101 0.038919
0 0.436444 0.171675 0.022794 0.038919
0 0.456892 0.171675 0.018101 0.038919
0 0.477340 0.171675 0.020113 0.036139
0 0.291298 0.262663 0.117994 0.037132