0 0.038239 0.028176 0.026221 0.044257
0 0.070742 0.095090 0.102152 0.036881
0 0.183000 0.096670 0.086310 0.029505
0 0.899432 0.027650 0.019119 0.038989
0 0.930842 0.027123 0.020758 0.044257
0 0.966896 0.026596 0.019666 0.036881
0 0.086857 0.280550 0.112531 0.043204
0 0.228340 0.278969 0.138752 0.048472
0 0.379930 0.277388 0.136021 0.047419
0 0.493554 0.279496 0.067191 0.051634
0 0.573036 0.276861 0.072108 0.056902
0 0.650606 0.275808 0.051349 0.054795
0 0.768054 0.275808 0.152955 0.052687
0 0.901344 0.274754 0.086310 0.050580
0 0.231072 0.396462 0.016388 0.034774
0 0.258112 0.440719 0.019119 0.032666
0 0.265487 0.490246 0.018573 0.030559
0 0.216869 0.652523 0.017481 0.034774
0 0.252376 0.698361 0.016388 0.031612
0 0.262755 0.746834 0.019666 0.031612
0 0.025402 0.965487 0.027860 0.041096
0 0.956790 0.964960 0.072654 0.035827
0 0.815580 0.651996 0.017481 0.033720
0 0.877854 0.650943 0.017481 0.033720
0 0.884683 0.699942 0.016934 0.034774
0 0.815033 0.746834 0.018573 0.040042
0 0.744565 0.395935 0.017481 0.033720
0 0.743472 0.443354 0.018573 0.033720
2 0.310281 0.095616 0.131105 0.033720
2 0.443024 0.094036 0.103791 0.032666
2 0.585600 0.094563 0.147493 0.031612
2 0.730635 0.097724 0.111985 0.029505
2 0.964711 0.095616 0.037146 0.031612
1 0.021304 0.903842 0.010925 0.025290
4 0.214411 0.394354 0.055173 0.036881
4 0.228614 0.442827 0.082487 0.032666
4 0.231072 0.490773 0.087403 0.035827
4 0.189555 0.604051 0.041516 0.034774
4 0.198296 0.651996 0.057905 0.037935
4 0.215503 0.699415 0.093412 0.035827
4 0.220966 0.748414 0.103245 0.032666
4 0.741014 0.604051 0.040970 0.036881
4 0.772971 0.651996 0.102699 0.033720
4 0.858462 0.651469 0.059543 0.034774
4 0.807932 0.699942 0.172621 0.034774
4 0.773244 0.747361 0.105430 0.036881
4 0.723533 0.395935 0.059543 0.035827
4 0.723533 0.443354 0.057358 0.035827
0 0.025029 0.850295 0.017878 0.035349