2 0.988054 0.089557 0.022604 0.030530
4 0.753821 0.657393 0.080477 0.038591
4 0.819361 0.381996 0.207843 0.039459
4 0.223229 0.748080 0.072081 0.039807
4 0.819612 0.428446 0.208253 0.040823
4 0.795077 0.517972 0.161170 0.040011
2 0.515838 0.088410 0.130180 0.031661
4 0.216259 0.702091 0.060071 0.042164
4 0.269118 0.565408 0.161216 0.039923
2 0.389047 0.087551 0.091605 0.030244
4 0.220335 0.427866 0.065421 0.039618
4 0.737124 0.703666 0.047830 0.034422
0 0.976288 0.975422 0.047424 0.037213
4 0.732870 0.747800 0.037533 0.035805
2 0.642285 0.088070 0.095584 0.030083
2 0.272093 0.087632 0.114802 0.030907
4 0.268708 0.795558 0.162560 0.040187
4 0.205958 0.655201 0.037030 0.037994
0 0.058994 0.885140 0.029073 0.037935
4 0.339171 0.473746 0.304916 0.041384
4 0.290947 0.381845 0.208480 0.038517
4 0.210907 0.518206 0.047562 0.037912
0 0.027111 0.884943 0.032042 0.040254
0 0.158676 0.087907 0.077856 0.029856
0 0.060584 0.088429 0.090565 0.029508
0 0.018419 0.977688 0.025810 0.033702
4 0.737899 0.473238 0.047726 0.040542
0 0.754459 0.474949 0.014463 0.034860
0 0.199210 0.273165 0.116359 0.042591
0 0.073463 0.270770 0.100408 0.041926
0 0.226344 0.517535 0.017018 0.032343
0 0.333844 0.268973 0.116292 0.038333
0 0.433685 0.268374 0.049353 0.037135
0 0.502609 0.270171 0.063535 0.038333
0 0.570967 0.270770 0.047084 0.041926
0 0.675062 0.269572 0.135012 0.039530
0 0.793907 0.270770 0.072044 0.041926
0 0.239676 0.886849 0.012809 0.030326
0 0.264905 0.888079 0.015914 0.022949
0 0.250543 0.747926 0.016690 0.037702
0 0.786175 0.656949 0.015137 0.037702
0 0.753959 0.704076 0.014361 0.031965
0 0.743479 0.748745 0.013585 0.034424
0 0.039408 0.024370 0.017054 0.030172
0 0.920216 0.026803 0.016132 0.031145
0 0.951327 0.026316 0.017515 0.034065
0 0.983591 0.023396 0.017515 0.036012