4 0.176805 0.724119 0.157154 0.048644
4 0.570265 0.613289 0.164258 0.049146
4 0.173485 0.781714 0.149210 0.049743
0 0.080004 0.117021 0.031978 0.031742
4 0.522801 0.556742 0.070564 0.048681
4 0.173365 0.892297 0.149370 0.046075
4 0.118410 0.501336 0.040592 0.049130
0 0.974521 0.117154 0.050666 0.044431
4 0.565980 0.669602 0.156443 0.047099
4 0.546227 0.781578 0.118421 0.049890
4 0.173294 0.837519 0.149246 0.045051
4 0.561488 0.948057 0.148848 0.049063
4 0.546753 0.837698 0.118407 0.051551
4 0.198153 0.272848 0.148844 0.048123
4 0.546769 0.893829 0.118500 0.051187
4 0.176534 0.613801 0.157696 0.050170
4 0.301156 0.613497 0.034753 0.050910
0 0.028615 0.118089 0.053637 0.033433
4 0.172754 0.948391 0.149467 0.049731
4 0.118721 0.445764 0.039479 0.048564
4 0.507411 0.501153 0.040395 0.048081
4 0.176557 0.669567 0.157649 0.049217
4 0.301175 0.669544 0.034890 0.049728
0 0.125709 0.117266 0.041586 0.033262
0 0.051404 0.387057 0.058635 0.044536
2 0.175199 0.118176 0.040271 0.035966
4 0.142660 0.216022 0.038290 0.049146
0 0.310784 0.271675 0.031067 0.049196
4 0.106383 0.556350 0.017193 0.049714
4 0.121292 0.991943 0.047422 0.016114
0 0.114467 0.385224 0.035270 0.044659
0 0.176991 0.383783 0.065410 0.047540
0 0.267090 0.385224 0.087854 0.044659
0 0.345646 0.384503 0.047454 0.048981
0 0.421637 0.385944 0.078876 0.051862
0 0.517186 0.383783 0.081442 0.050422
0 0.594780 0.388825 0.042965 0.046100
0 0.014315 0.038398 0.023425 0.043854