4 0.535340 0.666777 0.116050 0.047223
4 0.536171 0.717938 0.116447 0.044855
4 0.173713 0.565381 0.151755 0.047011
4 0.119849 0.870256 0.048122 0.045825
4 0.169814 0.717240 0.146541 0.046069
4 0.558650 0.512968 0.160771 0.045629
4 0.116627 0.411657 0.039137 0.043534
4 0.173045 0.614925 0.150427 0.047891
4 0.535959 0.767489 0.116872 0.044862
4 0.555217 0.564143 0.155124 0.045300
4 0.551273 0.819330 0.146953 0.044293
4 0.139957 0.193352 0.040783 0.042532
4 0.512666 0.461707 0.070626 0.043772
4 0.858333 0.512977 0.164934 0.048639
2 0.172056 0.103837 0.037631 0.030867
4 0.173246 0.511824 0.152408 0.043523
0 0.079478 0.104466 0.031227 0.029979
0 0.304368 0.244796 0.031743 0.047701
4 0.858039 0.561881 0.165800 0.047217
4 0.497799 0.410670 0.040545 0.042364
4 0.169512 0.818406 0.146103 0.043220
4 0.169645 0.766747 0.146585 0.045414
0 0.027893 0.104007 0.054899 0.033488
4 0.170270 0.665191 0.145853 0.043523
0 0.050371 0.348543 0.057371 0.037532
0 0.957055 0.104219 0.050138 0.041637
0 0.123900 0.104802 0.041644 0.032701
4 0.295318 0.563789 0.032377 0.042579
4 0.295236 0.513037 0.032103 0.043753
4 0.104815 0.460685 0.018247 0.043593
4 0.193836 0.245331 0.146956 0.044559
4 0.318099 0.194072 0.313148 0.042213
0 0.012376 0.972547 0.017488 0.032591
0 0.115037 0.350201 0.035116 0.038707
0 0.175388 0.350703 0.054508 0.038855
0 0.261960 0.344674 0.085289 0.045554
0 0.339233 0.352043 0.041041 0.036175
0 0.414583 0.348694 0.076311 0.040195
0 0.512377 0.346684 0.087213 0.036175
0 0.582917 0.348694 0.030781 0.037515
0 0.014108 0.033836 0.017956 0.037515
0 0.899064 0.033166 0.021803 0.038855
0 0.933692 0.033166 0.026933 0.038855
0 0.967359 0.033166 0.018597 0.041534