0 0.570910 0.172941 0.021439 0.040253
4 0.201795 0.857224 0.132060 0.041272
4 0.494590 0.446379 0.102637 0.040716
0 0.898326 0.979535 0.063483 0.035711
4 0.413457 0.765799 0.077528 0.038263
0 0.570549 0.219432 0.021556 0.038509
4 0.398661 0.810927 0.047937 0.040237
4 0.488428 0.401953 0.090567 0.038947
4 0.116284 0.401288 0.028686 0.036910
0 0.966105 0.978895 0.056343 0.032428
4 0.174181 0.173432 0.089789 0.037090
4 0.378983 0.173849 0.280761 0.040221
4 0.457223 0.492508 0.027836 0.039245
0 0.971348 0.090932 0.043813 0.030485
0 0.051894 0.091145 0.060020 0.028424
0 0.932796 0.093130 0.018968 0.029530
0 0.122125 0.091091 0.066152 0.027216
0 0.065372 0.310070 0.048220 0.036830
0 0.545418 0.091700 0.082955 0.029022
4 0.472378 0.219931 0.177400 0.039349
0 0.726194 0.091326 0.076215 0.028486
0 0.530578 0.173128 0.020435 0.040625
0 0.337379 0.091581 0.114115 0.029852
0 0.637174 0.091521 0.087021 0.028445
4 0.160081 0.401058 0.033635 0.034729
4 0.132527 0.446105 0.061675 0.039061
0 0.215675 0.091211 0.108655 0.029258
0 0.447897 0.091770 0.093248 0.029501
0 0.811015 0.091398 0.074427 0.029278
4 0.468181 0.628931 0.213603 0.038779
4 0.249391 0.629125 0.225919 0.040237
4 0.248611 0.675056 0.226442 0.040546
4 0.111982 0.172438 0.035624 0.037303
4 0.194578 0.446764 0.035616 0.037291
4 0.228617 0.219754 0.266708 0.041549
4 0.468109 0.675343 0.213453 0.041978
0 0.371935 0.218830 0.021243 0.036178
0 0.544321 0.399828 0.020497 0.039761
2 0.878069 0.091884 0.036196 0.028970
0 0.133534 0.308443 0.054256 0.042742
0 0.201749 0.308443 0.062158 0.044934
0 0.263906 0.310634 0.037927 0.047126
0 0.311051 0.310087 0.038453 0.041646
0 0.380584 0.310087 0.075327 0.043838
0 0.455120 0.305155 0.048462 0.047126
0 0.512273 0.310634 0.040560 0.040550
0 0.570217 0.315018 0.046882 0.038359
0 0.034037 0.031202 0.021557 0.038949
0 0.918993 0.028841 0.021557 0.038949
0 0.950760 0.028841 0.022691 0.036588
0 0.980259 0.029431 0.020422 0.044850