4 0.440690 0.563319 0.512126 0.342831
0 0.026118 0.954122 0.035844 0.048650
2 0.957383 0.102336 0.036428 0.036696
2 0.680914 0.100363 0.163011 0.038790
0 0.948896 0.955850 0.083305 0.044505
2 0.510895 0.100960 0.138992 0.037058
2 0.844112 0.101568 0.121097 0.037975
0 0.080925 0.101344 0.110321 0.034509
0 0.206306 0.099578 0.101419 0.035711
2 0.348756 0.108356 0.147392 0.047979
0 0.097808 0.318273 0.124522 0.054202
0 0.346013 0.153610 0.140197 0.034114
0 0.328165 0.314927 0.103487 0.033471
0 0.306945 0.262374 0.057541 0.027243
0 0.299160 0.213430 0.041167 0.035505
0 0.040034 0.028759 0.021070 0.034650
0 0.884166 0.030797 0.021597 0.040765
0 0.920512 0.030797 0.024758 0.042803
0 0.960282 0.031817 0.016856 0.036689
0 0.988727 0.315135 0.016856 0.042803
0 0.224399 0.313097 0.092710 0.055033
0 0.464075 0.314116 0.080067 0.052995
0 0.581542 0.313606 0.121155 0.054014
0 0.745365 0.313606 0.167509 0.051976
0 0.879425 0.313606 0.067952 0.051976