0 0.760584 0.407811 0.023957 0.041939
0 0.787880 0.408224 0.023991 0.043617
4 0.359027 0.258715 0.044157 0.040397
0 0.734242 0.407906 0.023986 0.042181
0 0.725091 0.960678 0.023849 0.035556
0 0.381664 0.408604 0.102604 0.043705
2 0.977435 0.098403 0.035154 0.033877
0 0.775530 0.959747 0.059069 0.031161
0 0.965757 0.976968 0.068486 0.045650
0 0.782487 0.123044 0.019944 0.035051
0 0.026331 0.976291 0.031008 0.044116
4 0.384150 0.306800 0.095293 0.043080
0 0.645180 0.210468 0.070792 0.040020
0 0.809050 0.122591 0.016999 0.031382
0 0.072675 0.097427 0.106638 0.031825
0 0.266796 0.409064 0.117989 0.044381
0 0.167720 0.097991 0.050012 0.033152
4 0.473461 0.211405 0.270386 0.045361
1 0.760521 0.774207 0.015060 0.030787
1 0.760642 0.698369 0.015320 0.031758
1 0.760925 0.733646 0.014938 0.029960
1 0.760975 0.848189 0.014638 0.029886
4 0.468252 0.306196 0.069126 0.043525
1 0.760420 0.811724 0.014872 0.029708
1 0.760313 0.659901 0.016352 0.032569
4 0.474543 0.171247 0.271417 0.039270
4 0.847852 0.764930 0.043510 0.045142
0 0.087748 0.288071 0.112260 0.044776
0 0.423898 0.307692 0.015844 0.036840
0 0.037119 0.028678 0.025074 0.040780
0 0.909784 0.027730 0.020157 0.040780
0 0.944690 0.028678 0.025074 0.042677
0 0.980580 0.028204 0.028024 0.041728
5 0.508604 0.541502 0.633727 0.895720
1 0.343753 0.354483 0.011895 0.021109