4 0.528352 0.486571 0.079203 0.040606
4 0.504384 0.302849 0.126971 0.040130
0 0.904221 0.978214 0.067851 0.036401
0 0.576817 0.668673 0.021893 0.038826
4 0.503884 0.349339 0.127124 0.039616
0 0.979188 0.082338 0.041247 0.030158
4 0.192595 0.212372 0.134506 0.038438
4 0.130300 0.671043 0.076977 0.041745
4 0.130521 0.716121 0.077418 0.041304
4 0.527933 0.533617 0.079028 0.042440
2 0.825799 0.083292 0.035632 0.029682
4 0.374168 0.715685 0.064072 0.041567
4 0.395650 0.166071 0.050686 0.040918
0 0.356700 0.081956 0.060421 0.028061
0 0.305097 0.303728 0.107017 0.040603
4 0.193209 0.854013 0.203658 0.039969
0 0.100459 0.082271 0.098930 0.029678
4 0.228482 0.532744 0.035408 0.041400
4 0.437780 0.900199 0.078511 0.038193
0 0.941317 0.084511 0.016410 0.029549
4 0.154588 0.303656 0.127199 0.043844
4 0.228633 0.485899 0.035534 0.039185
0 0.429293 0.082318 0.066282 0.028529
0 0.026683 0.083016 0.034708 0.027340
0 0.972237 0.977827 0.055526 0.038061
0 0.237329 0.082558 0.158231 0.033619
4 0.123593 0.900414 0.063562 0.039538
2 0.417119 0.670244 0.149461 0.041829
2 0.465414 0.854994 0.133780 0.041452
0 0.523680 0.082506 0.108936 0.029863
0 0.649890 0.082138 0.116096 0.031087
4 0.193290 0.901531 0.037455 0.040857
4 0.110209 0.533005 0.037666 0.042605
4 0.297652 0.900165 0.036613 0.038261
4 0.109731 0.485323 0.036999 0.040423
4 0.232213 0.304945 0.029893 0.040938
0 0.757161 0.082746 0.086458 0.031092
1 0.523702 0.900199 0.012539 0.023981