0 0.872942 0.794738 0.025870 0.043202
0 0.957141 0.794304 0.026631 0.044033
0 0.941078 0.102212 0.023637 0.039366
4 0.740687 0.219494 0.153344 0.044904
0 0.809541 0.411941 0.027263 0.042301
0 0.956554 0.311129 0.048474 0.042446
0 0.915994 0.101288 0.025730 0.041559
0 0.843358 0.794916 0.025035 0.042179
2 0.065819 0.108424 0.091395 0.042639
4 0.413257 0.312141 0.153082 0.047368
0 0.869805 0.412175 0.018776 0.033339
0 0.970652 0.100832 0.019994 0.035797
4 0.413990 0.219086 0.151137 0.046004
0 0.903872 0.794231 0.025814 0.041213
2 0.928050 0.795801 0.024340 0.045213
4 0.903306 0.219793 0.151980 0.043731
4 0.576424 0.219648 0.151145 0.043439
0 0.839893 0.412147 0.018447 0.034764
0 0.817199 0.794499 0.025910 0.044720
0 0.761666 0.412908 0.055074 0.039258
0 0.900050 0.412503 0.017831 0.033301
0 0.880130 0.310900 0.092569 0.043213
4 0.087388 0.310639 0.154288 0.045451
0 0.931799 0.410613 0.020760 0.038039
4 0.249787 0.310283 0.152626 0.043964
0 0.706948 0.411892 0.037942 0.034476
4 0.251231 0.219701 0.154169 0.047896
4 0.089547 0.219371 0.149809 0.046182
0 0.479390 0.310368 0.018230 0.037019
0 0.969273 0.218558 0.019439 0.038079
0 0.153765 0.311442 0.018376 0.039006
0 0.316985 0.311642 0.017041 0.035898
0 0.642266 0.218796 0.018692 0.036272
0 0.501712 0.362632 0.019135 0.038869
0 0.315200 0.219324 0.013741 0.028165
0 0.478085 0.219643 0.013837 0.029248
2 0.178396 0.032946 0.150302 0.038870
0 0.026689 0.025748 0.021070 0.041750
0 0.806293 0.220100 0.026689 0.044629
0 0.921127 0.031506 0.024582 0.047508
0 0.955190 0.031506 0.026689 0.044629
0 0.987498 0.030786 0.019666 0.048948