4 0.345484 0.510997 0.129142 0.045322
4 0.533837 0.510881 0.129953 0.042536
0 0.895745 0.971862 0.072696 0.042694
4 0.299772 0.409529 0.038547 0.044971
4 0.488168 0.410256 0.039216 0.042201
4 0.511065 0.611797 0.084236 0.043402
4 0.322747 0.611722 0.083665 0.043473
0 0.967872 0.972331 0.059671 0.036199
0 0.288435 0.258094 0.138069 0.044120
4 0.345178 0.561062 0.129395 0.043948
0 0.119273 0.258646 0.191821 0.043017
4 0.345185 0.460351 0.130275 0.047061
4 0.292320 0.863631 0.024334 0.041657
0 0.613169 0.762500 0.029712 0.044323
4 0.532682 0.561038 0.127485 0.043297
4 0.533885 0.459747 0.130050 0.043441
4 0.480263 0.863690 0.024695 0.042875
0 0.063435 0.098060 0.092854 0.033936
4 0.532961 0.762928 0.128725 0.045842
4 0.345333 0.762664 0.128926 0.045465
0 0.612944 0.358434 0.031226 0.045299
0 0.974590 0.098642 0.049410 0.040846
2 0.253682 0.097684 0.037199 0.032547
4 0.488662 0.358890 0.039604 0.044453
0 0.612704 0.610975 0.032227 0.041808
4 0.322234 0.813417 0.083685 0.044754
4 0.299925 0.359819 0.038409 0.045104
0 0.612639 0.814127 0.031131 0.044847
4 0.510492 0.814217 0.084416 0.045251
0 0.612344 0.862921 0.031991 0.043033
0 0.612849 0.560461 0.031657 0.042143
0 0.613125 0.409924 0.031162 0.043362
4 0.288480 0.908093 0.016565 0.032710
0 0.613668 0.460455 0.030679 0.044107
0 0.612654 0.906237 0.030953 0.036270
0 0.613145 0.511145 0.031036 0.040666
0 0.171137 0.099157 0.108864 0.034909
4 0.477148 0.907435 0.016863 0.028961
0 0.481222 0.258094 0.235561 0.044120