0 0.739782 0.257052 0.080768 0.041616
0 0.222332 0.256633 0.021091 0.038927
0 0.582965 0.256663 0.055015 0.040840
0 0.647724 0.257288 0.065662 0.040850
0 0.269495 0.256756 0.021013 0.039206
0 0.981330 0.667960 0.022193 0.038881
0 0.245434 0.256549 0.021297 0.039074
0 0.897840 0.976490 0.065153 0.036444
0 0.175103 0.256574 0.021706 0.038801
0 0.151360 0.257061 0.021131 0.040178
0 0.068757 0.714768 0.018624 0.038834
0 0.954426 0.163909 0.021973 0.040065
0 0.746520 0.163959 0.022731 0.040843
0 0.198487 0.256672 0.020527 0.038517
0 0.054893 0.082502 0.082203 0.030189
0 0.122528 0.715191 0.021004 0.039305
0 0.154349 0.084350 0.098618 0.034157
0 0.098590 0.715055 0.021327 0.039304
2 0.318967 0.256657 0.058082 0.039957
0 0.387626 0.257143 0.071090 0.042294
0 0.112733 0.257037 0.018576 0.040650
0 0.044762 0.714155 0.021592 0.039895
0 0.970996 0.081996 0.044061 0.030655
0 0.068147 0.256901 0.018506 0.038257
0 0.045090 0.256893 0.020764 0.039600
4 0.650318 0.165232 0.146281 0.038704
2 0.497636 0.164867 0.162135 0.039440
0 0.021438 0.256609 0.020354 0.040649
0 0.866413 0.164120 0.154180 0.042695
2 0.493290 0.257367 0.103953 0.041642
0 0.146165 0.715419 0.021653 0.039505
0 0.965124 0.975809 0.054982 0.030260
2 0.202120 0.166194 0.229343 0.039148
0 0.021882 0.713932 0.019989 0.038849
2 0.228628 0.082275 0.034832 0.028948
2 0.084620 0.257062 0.016039 0.039633
2 0.129794 0.256561 0.016567 0.039489
2 0.687538 0.257554 0.017098 0.038347
0 0.049201 0.668903 0.031532 0.030604
2 0.821321 0.256462 0.030890 0.039756
2 0.787347 0.257157 0.016303 0.039122
0 0.186616 0.714673 0.039562 0.040494
2 0.430954 0.257537 0.015566 0.038575
2 0.213747 0.715207 0.015566 0.039472
2 0.278751 0.714908 0.106369 0.039472
2 0.382598 0.714908 0.092965 0.039472
2 0.455240 0.714908 0.030700 0.041267
0 0.098139 0.664852 0.035171 0.034131
0 0.143805 0.667794 0.032335 0.028247
0 0.191740 0.670148 0.026095 0.028247
0 0.242796 0.668971 0.052190 0.023539
0 0.319946 0.671914 0.071477 0.022362
0 0.412412 0.671325 0.087361 0.025893
0 0.490129 0.670737 0.036306 0.022362
0 0.530123 0.667794 0.023258 0.028247
0 0.602167 0.671914 0.087928 0.029424
0 0.683855 0.668971 0.049353 0.040016
0 0.750227 0.670737 0.060699 0.034131