0 0.165064 0.115478 0.089662 0.044752
0 0.106419 0.419219 0.206461 0.038991
0 0.078184 0.116584 0.088626 0.044027
0 0.254024 0.116622 0.090508 0.044103
0 0.076997 0.468050 0.150573 0.035261
4 0.898940 0.116842 0.170922 0.044543
0 0.103117 0.266016 0.204362 0.038163
0 0.457373 0.406462 0.024704 0.044673
0 0.078260 0.517802 0.154224 0.034629
0 0.035808 0.921631 0.069024 0.032007
0 0.043743 0.822178 0.087074 0.030230
0 0.037655 0.670219 0.074423 0.031255
0 0.457555 0.762656 0.026085 0.040663
0 0.105571 0.367433 0.205698 0.040744
0 0.060413 0.568829 0.118952 0.034725
0 0.104532 0.316606 0.205652 0.040507
0 0.044881 0.619317 0.087787 0.034488
0 0.044783 0.719708 0.088795 0.031041
0 0.049097 0.870833 0.097834 0.032873
0 0.059307 0.769770 0.115520 0.033893
0 0.065048 0.217412 0.127266 0.036510
0 0.361611 0.688328 0.228868 0.199950
0 0.081103 0.972531 0.162042 0.038926
0 0.361866 0.332802 0.227342 0.203158
0 0.034076 0.027530 0.019327 0.045978
0 0.915726 0.030738 0.018818 0.035285
0 0.949802 0.029134 0.024921 0.036355
0 0.982097 0.029669 0.018309 0.037424
0 0.946750 0.112536 0.015766 0.042770
0 0.971671 0.116278 0.019835 0.041701
2 0.172668 0.030203 0.124606 0.040632