0 0.077824 0.114208 0.090919 0.045253
0 0.977660 0.114282 0.025558 0.041769
0 0.255306 0.112669 0.089657 0.042498
0 0.105953 0.416855 0.206923 0.036973
4 0.892053 0.114423 0.145630 0.043868
0 0.105053 0.365210 0.206213 0.039857
0 0.165940 0.113473 0.089348 0.041959
0 0.459050 0.764115 0.025852 0.038101
0 0.105257 0.313556 0.207410 0.039995
0 0.459227 0.403641 0.025556 0.046221
0 0.076619 0.466769 0.150887 0.036512
0 0.078136 0.516937 0.152527 0.034595
0 0.036523 0.670281 0.070747 0.033791
0 0.034832 0.923264 0.068358 0.031148
0 0.043606 0.822939 0.082996 0.028844
0 0.104345 0.263670 0.206110 0.039734
0 0.043956 0.720670 0.087172 0.029492
0 0.059967 0.568061 0.118196 0.034941
0 0.049228 0.873988 0.098269 0.031582
0 0.045354 0.618227 0.088037 0.034963
0 0.057056 0.771661 0.112432 0.034162
0 0.080694 0.976840 0.160254 0.040140
0 0.065529 0.213141 0.127306 0.032826
0 0.362775 0.690265 0.230883 0.202519
0 0.363342 0.332284 0.228614 0.203710
0 0.034037 0.030293 0.015884 0.033356
0 0.922396 0.023741 0.017018 0.032165
0 0.956149 0.024932 0.020989 0.039312
0 0.987066 0.026123 0.019287 0.039312
0 0.953029 0.113683 0.023826 0.042886