0 0.589678 0.101482 0.080690 0.039794
0 0.510739 0.101628 0.080074 0.038172
0 0.413819 0.685534 0.024756 0.039917
0 0.430949 0.101771 0.080409 0.040372
0 0.981746 0.091392 0.021982 0.037012
0 0.413756 0.363475 0.024884 0.041732
4 0.905914 0.091148 0.129438 0.040162
0 0.068818 0.430365 0.135909 0.031713
0 0.095251 0.342328 0.187987 0.034114
0 0.096500 0.384592 0.191112 0.030400
0 0.098729 0.250558 0.190869 0.030395
0 0.097293 0.296075 0.190929 0.033416
0 0.056054 0.522568 0.110531 0.030403
0 0.044361 0.797732 0.088722 0.028857
0 0.063306 0.932182 0.121532 0.030555
0 0.070544 0.477465 0.139500 0.033155
0 0.034641 0.614194 0.066291 0.027193
0 0.032219 0.841340 0.064080 0.030656
0 0.048998 0.704635 0.097501 0.029453
0 0.059822 0.204415 0.110746 0.029045
0 0.040722 0.750659 0.079588 0.028319
0 0.072870 0.886100 0.143825 0.031113
0 0.040746 0.568602 0.079262 0.031062
0 0.040390 0.660117 0.077192 0.030765
0 0.053388 0.980021 0.103767 0.030488
0 0.326254 0.620239 0.207670 0.184435
0 0.327139 0.924123 0.208260 0.148538
0 0.040708 0.026706 0.020059 0.034659
0 0.326549 0.298407 0.207080 0.184435
0 0.412979 0.993626 0.021239 0.012748
0 0.959372 0.090831 0.018772 0.033759
0 0.920823 0.026127 0.023465 0.036572
0 0.951327 0.027534 0.022794 0.033759
0 0.982502 0.028237 0.020783 0.035165
2 0.168198 0.026869 0.120830 0.040467