4 0.440993 0.306270 0.117794 0.040634
4 0.180658 0.762462 0.117798 0.040290
4 0.471990 0.351924 0.180556 0.041260
4 0.187864 0.306374 0.076329 0.039060
4 0.495420 0.762527 0.116996 0.040390
0 0.906168 0.979539 0.073426 0.040186
4 0.187420 0.351422 0.076329 0.038619
4 0.229010 0.717001 0.212177 0.041251
4 0.256481 0.762270 0.034841 0.038671
4 0.352279 0.717073 0.034573 0.041004
0 0.030117 0.259412 0.022202 0.039608
4 0.626599 0.762443 0.076579 0.039478
2 0.222265 0.169833 0.131507 0.039434
4 0.262862 0.626444 0.282240 0.039737
0 0.972594 0.086219 0.042190 0.030428
4 0.208287 0.892820 0.146022 0.027303
0 0.029701 0.533400 0.020650 0.036578
4 0.570998 0.762217 0.034256 0.039243
4 0.263053 0.671588 0.282154 0.041308
0 0.970855 0.974944 0.045443 0.030942
2 0.085412 0.169628 0.131908 0.039024
0 0.059680 0.086703 0.077868 0.029768
0 0.081338 0.536013 0.040289 0.034711
0 0.086668 0.260309 0.051643 0.036306
2 0.205893 0.086199 0.035851 0.029167
0 0.916890 0.086351 0.054853 0.030398
4 0.522873 0.894262 0.145193 0.031881
4 0.793440 0.168945 0.027986 0.038166
2 0.143036 0.086459 0.075634 0.030147
2 0.160128 0.397911 0.131801 0.036721
4 0.814348 0.169510 0.016147 0.037606
0 0.137848 0.260848 0.014795 0.027991
0 0.046043 0.396756 0.011942 0.027870
1 0.080258 0.398033 0.014540 0.025875
4 0.444196 0.893296 0.014764 0.027808
4 0.129105 0.893183 0.014927 0.026575
0 0.134865 0.533007 0.032303 0.032243