0 0.169144 0.111413 0.088345 0.044477
4 0.902283 0.112213 0.169857 0.042775
0 0.459570 0.398160 0.027479 0.047152
0 0.080474 0.111413 0.091477 0.042661
0 0.255938 0.112055 0.089729 0.043945
0 0.110516 0.362827 0.212263 0.036604
0 0.459595 0.755002 0.027895 0.046978
0 0.082683 0.969422 0.159193 0.035556
0 0.046936 0.818185 0.086899 0.031147
0 0.110444 0.263616 0.212407 0.032883
0 0.111664 0.313119 0.212779 0.036987
0 0.065913 0.213112 0.125345 0.032666
0 0.079693 0.464791 0.150586 0.034911
0 0.064367 0.564981 0.121209 0.034289
0 0.079426 0.514341 0.150739 0.034528
0 0.107627 0.413594 0.205368 0.035147
0 0.038697 0.917912 0.069292 0.031143
0 0.047796 0.615893 0.089284 0.033408
0 0.059889 0.766323 0.113532 0.035270
0 0.040748 0.667001 0.072271 0.033228
0 0.052020 0.868239 0.096397 0.030817
0 0.046309 0.717126 0.086337 0.030677
0 0.363508 0.684372 0.227999 0.201252
0 0.359126 0.970745 0.227503 0.058509
0 0.362279 0.328955 0.226770 0.199962
0 0.035644 0.025787 0.018437 0.037412
2 0.175455 0.027078 0.127212 0.045153
0 0.916298 0.028368 0.022124 0.037412
0 0.949791 0.027078 0.022738 0.042573
0 0.983591 0.026433 0.019051 0.046443
0 0.949484 0.110288 0.018437 0.038702
0 0.975295 0.108352 0.022124 0.039992