0 0.449547 0.279427 0.108964 0.043658
0 0.749756 0.178848 0.024231 0.044262
0 0.957122 0.180919 0.021455 0.045556
0 0.530881 0.279427 0.045922 0.043658
0 0.287566 0.279427 0.110164 0.043658
0 0.974457 0.091261 0.043321 0.032530
0 0.058332 0.091582 0.083035 0.032524
0 0.348431 0.331155 0.020330 0.040772
0 0.573302 0.278952 0.019574 0.046505
0 0.238841 0.333525 0.020864 0.041760
0 0.157849 0.091950 0.098420 0.033506
0 0.048844 0.277553 0.021155 0.039912
0 0.117660 0.276907 0.019699 0.042415
0 0.368304 0.278478 0.045928 0.045556
0 0.211085 0.278952 0.019162 0.042709
0 0.140599 0.276556 0.020333 0.042027
2 0.590511 0.278952 0.016789 0.044607
4 0.653968 0.180411 0.146847 0.041695
0 0.071665 0.278003 0.018750 0.044607
0 0.372134 0.330782 0.020760 0.040860
0 0.164430 0.278327 0.021140 0.045858
0 0.187798 0.277855 0.020485 0.044904
0 0.085072 0.332564 0.020627 0.041783
2 0.232456 0.091524 0.035568 0.030021
0 0.025242 0.276755 0.020479 0.042112
2 0.206134 0.181487 0.228691 0.040999
0 0.061047 0.332146 0.021195 0.042620
1 0.700224 0.434921 0.014453 0.025629
2 0.274259 0.333525 0.031699 0.041760
0 0.155142 0.331383 0.018564 0.039074
0 0.030628 0.332808 0.019458 0.040326
0 0.302897 0.332898 0.017561 0.043014
1 0.126888 0.472393 0.013489 0.027176
2 0.501083 0.180578 0.159243 0.042028
0 0.108167 0.332975 0.020500 0.042859
1 0.126953 0.435016 0.013541 0.026452
0 0.131764 0.331596 0.020775 0.038984
1 0.700768 0.472408 0.012972 0.026574
0 0.199285 0.332481 0.018587 0.041949
1 0.025223 0.472092 0.012107 0.026574
2 0.088548 0.277673 0.017194 0.040151
2 0.217019 0.332620 0.017022 0.043568
2 0.319851 0.333525 0.016455 0.041760
2 0.171959 0.331863 0.016527 0.040032
1 0.025223 0.435077 0.013837 0.030371
4 0.870102 0.181630 0.154594 0.044133