4 0.249764 0.822232 0.137112 0.046301
4 0.197550 0.873998 0.032156 0.045330
4 0.538478 0.613356 0.084796 0.046042
4 0.193412 0.769564 0.024053 0.044574
4 0.197406 0.508353 0.031360 0.044837
0 0.970487 0.104151 0.049514 0.039240
4 0.253511 0.301245 0.309561 0.045059
4 0.512394 0.821118 0.031751 0.043478
0 0.048601 0.105163 0.062191 0.033545
4 0.253940 0.248676 0.309843 0.045059
0 0.150798 0.105506 0.126226 0.034580
4 0.197365 0.561334 0.031900 0.045178
0 0.272534 0.105235 0.101051 0.032553
4 0.515915 0.509098 0.039170 0.044766
4 0.118410 0.352491 0.039238 0.044437
4 0.193857 0.613295 0.024214 0.043962
0 0.477083 0.197575 0.117444 0.049472
4 0.512201 0.874031 0.031316 0.043701
4 0.504929 0.561144 0.018152 0.045268
0 0.579989 0.248337 0.030781 0.045313
2 0.441050 0.104384 0.037821 0.032305
0 0.579612 0.299531 0.031580 0.045686
2 0.372672 0.104947 0.082002 0.033527
0 0.026494 0.199417 0.014749 0.037951
0 0.066099 0.201196 0.052442 0.039137
0 0.130285 0.201196 0.046433 0.041508
0 0.218508 0.198824 0.109254 0.046252
0 0.344969 0.198824 0.121818 0.046252
0 0.031957 0.030418 0.028952 0.046252
0 0.913089 0.031011 0.025675 0.040322
0 0.946138 0.031604 0.025128 0.039137
0 0.980553 0.030418 0.027313 0.039137
0 0.947504 0.196452 0.021304 0.024905
0 0.966350 0.198231 0.015296 0.016603
0 0.614006 0.191708 0.122364 0.048624
0 0.743745 0.198231 0.099967 0.040322
0 0.859827 0.200603 0.101606 0.033207