0 0.037127 0.022290 0.028481 0.044580
0 0.037636 0.094239 0.049842 0.044250
0 0.110365 0.094239 0.076289 0.044250
0 0.897671 0.026880 0.028481 0.039333
0 0.930984 0.030322 0.024921 0.044250
0 0.963534 0.028355 0.022887 0.038350
0 0.026447 0.962523 0.029499 0.040317
0 0.086461 0.279106 0.115960 0.044250
0 0.227851 0.280581 0.142407 0.043267
0 0.381955 0.278614 0.136304 0.043267
0 0.492066 0.281072 0.064592 0.042283
0 0.572678 0.277631 0.068152 0.043267
0 0.646425 0.276647 0.053911 0.043267
2 0.376673 0.096338 0.153165 0.040581
2 0.520762 0.092499 0.111187 0.048259
2 0.959553 0.097983 0.034604 0.041678
4 0.286873 0.394800 0.247296 0.039923
4 0.199607 0.440902 0.076696 0.035171
4 0.343412 0.488905 0.362340 0.038022
4 0.179449 0.535483 0.035398 0.036121
4 0.258112 0.582535 0.190757 0.037072
4 0.209194 0.676640 0.041790 0.037072
4 0.220501 0.724643 0.064405 0.034220
4 0.220993 0.771696 0.065388 0.033269
4 0.283923 0.819224 0.190265 0.035171
4 0.710669 0.771696 0.024090 0.037072
4 0.717060 0.725119 0.034907 0.035171
4 0.737217 0.677116 0.075221 0.036121
4 0.838004 0.392899 0.249263 0.036121
4 0.838496 0.441853 0.248279 0.031368
4 0.732301 0.489381 0.035890 0.035171
4 0.809980 0.535958 0.190265 0.033269
0 0.764012 0.275981 0.157325 0.047528
0 0.898476 0.274555 0.086037 0.046577