4 0.725425 0.758681 0.034130 0.039471
4 0.724639 0.801682 0.033022 0.033840
1 0.822418 0.761326 0.011355 0.023008
0 0.403670 0.539476 0.021986 0.039410
4 0.122019 0.397126 0.220685 0.032434
0 0.337635 0.538216 0.020712 0.039060
4 0.749132 0.354648 0.027055 0.035015
0 0.317464 0.537775 0.019322 0.037403
4 0.961532 0.388514 0.037925 0.032203
4 0.815819 0.423206 0.070674 0.032070
4 0.720644 0.848458 0.025034 0.037201
4 0.724634 0.715850 0.031803 0.034601
0 0.429828 0.539983 0.020952 0.039443
0 0.297808 0.539275 0.020213 0.038790
4 0.124456 0.497664 0.221872 0.035922
4 0.122567 0.430187 0.219323 0.036027
2 0.482375 0.894157 0.209045 0.038560
4 0.772800 0.423279 0.016593 0.032216
4 0.682461 0.421629 0.107547 0.033611
4 0.367326 0.389714 0.020935 0.028688
4 0.989149 0.388774 0.019497 0.030413
4 0.962104 0.354026 0.039389 0.035287
4 0.961693 0.421052 0.036724 0.034333
0 0.269605 0.539712 0.023599 0.042978
4 0.989305 0.419017 0.021390 0.036371
0 0.449904 0.540106 0.021427 0.040064
4 0.396249 0.716084 0.033461 0.037791
0 0.362701 0.538444 0.018839 0.038979
4 0.397148 0.758255 0.035938 0.035656
0 0.537257 0.539395 0.021382 0.040151
0 0.384533 0.538790 0.019541 0.038342
0 0.061553 0.292932 0.021257 0.039149
4 0.123359 0.533330 0.222135 0.034723
4 0.366880 0.354003 0.021067 0.031260
2 0.484656 0.804622 0.208496 0.037069
4 0.806887 0.353567 0.088525 0.034662
0 0.477878 0.539907 0.022550 0.037789
4 0.345574 0.388768 0.025420 0.027393
4 0.989860 0.355021 0.020055 0.035700
1 0.822234 0.803282 0.012217 0.025639
0 0.039258 0.292840 0.020351 0.037503
4 0.124751 0.567867 0.224919 0.031264
0 0.953847 0.543283 0.092306 0.034619
4 0.367242 0.321145 0.020346 0.031279
4 0.683075 0.354528 0.108776 0.034253
4 0.721823 0.892385 0.026364 0.035015
0 0.091257 0.292551 0.022123 0.042258
0 0.249580 0.629083 0.021039 0.038645
4 0.367932 0.421074 0.020036 0.033499
0 0.517295 0.539384 0.019190 0.036430
4 0.896900 0.423428 0.090419 0.032514
2 0.490655 0.629769 0.275804 0.035015
4 0.123706 0.464502 0.220371 0.032125
4 0.345229 0.353717 0.024889 0.031776
4 0.892678 0.927641 0.072897 0.020491
4 0.315914 0.388479 0.034347 0.029960
4 0.122911 0.669161 0.220010 0.033765
0 0.012590 0.298018 0.025180 0.045586
4 0.441556 0.423929 0.123525 0.031016
4 0.346216 0.420315 0.023583 0.032800
0 0.127821 0.294081 0.031386 0.040920
0 0.396397 0.539225 0.035261 0.040562
4 0.122911 0.806097 0.222468 0.035015
4 0.440550 0.353531 0.124308 0.034747
4 0.315277 0.352941 0.036851 0.033012
4 0.318081 0.420482 0.036426 0.034611
1 0.287666 0.425630 0.016090 0.029414
0 0.498674 0.540026 0.018069 0.036045
4 0.749212 0.423394 0.026896 0.029946
4 0.721792 0.928025 0.028884 0.021259
4 0.345496 0.321585 0.024850 0.031834
4 0.122603 0.772957 0.221853 0.028763
4 0.565081 0.423186 0.124754 0.032030
0 0.565313 0.539149 0.023047 0.041085
4 0.566618 0.352772 0.122911 0.031264
4 0.896998 0.353397 0.092226 0.037517
2 0.336097 0.150665 0.144744 0.037175
1 0.267638 0.322133 0.009218 0.022510
1 0.446780 0.717933 0.009833 0.018758
1 0.267638 0.356524 0.007989 0.021259
1 0.267945 0.391539 0.009833 0.023760
1 0.267330 0.425929 0.009833 0.017508
1 0.268559 0.460945 0.009833 0.025011
1 0.287303 0.322133 0.012906 0.025011
1 0.286996 0.355898 0.014749 0.035015
1 0.286689 0.390288 0.014135 0.026262
1 0.286382 0.459069 0.014749 0.026262
4 0.440327 0.389663 0.125983 0.032514
4 0.566310 0.388413 0.123525 0.032514
4 0.682768 0.387787 0.105703 0.031264
4 0.750061 0.389038 0.026426 0.031264
4 0.771571 0.387787 0.015364 0.033765
4 0.815819 0.388413 0.070674 0.032514
4 0.896632 0.388413 0.089725 0.032514
4 0.124140 0.600381 0.220010 0.036266
4 0.124140 0.634771 0.218781 0.032514
4 0.121681 0.702301 0.217552 0.035015
4 0.123832 0.739192 0.218166 0.036266
4 0.416974 0.928651 0.071903 0.020009
4 0.821964 0.892385 0.011676 0.032514
1 0.821042 0.716682 0.009833 0.021259
0 0.658493 0.631645 0.019051 0.031264
0 0.678159 0.629144 0.021509 0.033765
0 0.312193 0.674164 0.068830 0.038767
0 0.398230 0.678540 0.072517 0.032514
0 0.475971 0.675414 0.052237 0.038767
0 0.539577 0.676039 0.049164 0.037517
0 0.595194 0.674789 0.036259 0.032514
0 0.653577 0.675414 0.052237 0.028763
0 0.709501 0.676039 0.035029 0.030013
0 0.785091 0.672913 0.092797 0.036266
0 0.877581 0.672913 0.066372 0.038767
0 0.962758 0.672913 0.074484 0.041268
0 0.042097 0.034507 0.022738 0.030013
0 0.106318 0.095784 0.156096 0.027512
0 0.205875 0.094533 0.025811 0.022510
0 0.263643 0.095158 0.072517 0.028763
0 0.344149 0.098285 0.073746 0.022510
0 0.441556 0.100161 0.107547 0.028763
0 0.523599 0.095158 0.045477 0.033765
0 0.565388 0.095784 0.024582 0.032514
0 0.634526 0.096409 0.105088 0.028763
0 0.936885 0.096409 0.016593 0.028763
0 0.973451 0.095158 0.047935 0.026262
0 0.921829 0.031380 0.019666 0.026262
0 0.951635 0.032006 0.020280 0.035015
0 0.980826 0.030755 0.018437 0.035015
4 0.689221 0.151433 0.187439 0.033765
4 0.899090 0.148307 0.074975 0.035015
4 0.444629 0.148932 0.073132 0.033765
0 0.249355 0.150154 0.019358 0.042206
0 0.249585 0.192829 0.019819 0.037517
0 0.248894 0.236442 0.020280 0.036579
2 0.729825 0.096571 0.073220 0.028941
2 0.790402 0.098715 0.031079 0.028941