0 0.057768 0.354204 0.055310 0.044589
0 0.131207 0.353567 0.065757 0.045863
0 0.186824 0.357389 0.028269 0.038219
0 0.243056 0.351656 0.062070 0.042041
0 0.315265 0.351019 0.062684 0.045863
0 0.932891 0.092401 0.019666 0.035671
0 0.970379 0.085395 0.043019 0.039493
0 0.917834 0.023607 0.016593 0.033123
0 0.947026 0.023607 0.022124 0.035671
0 0.976831 0.025518 0.015364 0.039493
0 0.023046 0.025518 0.019051 0.029301
0 0.069137 0.087942 0.117380 0.029301
0 0.393621 0.170751 0.020280 0.036945
0 0.412672 0.170751 0.019051 0.036945
0 0.432952 0.172025 0.020280 0.036945
0 0.454154 0.169477 0.020895 0.034397
0 0.474435 0.172025 0.020895 0.034397
0 0.384710 0.211518 0.014749 0.019110
0 0.340769 0.172025 0.015364 0.031849
0 0.264258 0.214066 0.287611 0.044589
4 0.227077 0.170114 0.213250 0.030575
4 0.165007 0.261840 0.087881 0.035671
4 0.289147 0.263114 0.116150 0.035671
2 0.152409 0.089216 0.041790 0.029301