4 0.264649 0.260556 0.288356 0.051260
4 0.209650 0.536241 0.088003 0.036829
4 0.226255 0.812612 0.122744 0.036359
4 0.141399 0.352595 0.034964 0.041826
4 0.203946 0.582624 0.074295 0.039306
4 0.202636 0.628792 0.074646 0.034223
4 0.134710 0.444150 0.022616 0.038096
0 0.968695 0.084676 0.046051 0.034259
4 0.176424 0.674052 0.020422 0.039205
0 0.061456 0.084940 0.092665 0.030385
0 0.026303 0.024015 0.017207 0.038195
4 0.130758 0.399024 0.010778 0.033265
0 0.145224 0.400212 0.013615 0.033265
0 0.131268 0.084297 0.031465 0.032948
0 0.169862 0.084297 0.037856 0.028829
0 0.917158 0.022005 0.015241 0.029859
0 0.947886 0.018401 0.016716 0.026770
0 0.979105 0.020975 0.016224 0.033977
2 0.212881 0.085327 0.038348 0.035007