4 0.196885 0.605303 0.074373 0.037622
0 0.415120 0.173330 0.020448 0.040180
4 0.280219 0.691987 0.240130 0.036553
4 0.568019 0.603712 0.021563 0.033676
0 0.466417 0.174074 0.021002 0.038258
0 0.443985 0.174890 0.018475 0.038321
2 0.269493 0.473714 0.274324 0.044047
0 0.283064 0.173053 0.019016 0.037192
0 0.084880 0.173882 0.020757 0.039765
0 0.030261 0.472669 0.018818 0.036553
0 0.489266 0.173992 0.020674 0.038500
0 0.344411 0.173320 0.029210 0.036476
0 0.379853 0.172109 0.032878 0.036995
0 0.054444 0.173064 0.022313 0.039547
0 0.310310 0.173800 0.028754 0.035361
0 0.253658 0.172887 0.021207 0.038887
0 0.105675 0.174728 0.019886 0.037944
0 0.435626 0.472437 0.020634 0.041494
4 0.588422 0.690643 0.020299 0.035955
0 0.945449 0.089364 0.061656 0.032661
4 0.193012 0.649460 0.066626 0.036885
4 0.695300 0.562326 0.273725 0.034147
0 0.029083 0.166545 0.021442 0.041196
0 0.557311 0.173606 0.094817 0.034317
0 0.222663 0.173986 0.032896 0.038689
0 0.094436 0.516253 0.068436 0.032936
0 0.458591 0.472612 0.021079 0.041842
1 0.049419 0.266047 0.011242 0.028857
4 0.295494 0.560396 0.269555 0.030287
1 0.563778 0.649167 0.008646 0.017754
0 0.186146 0.519144 0.086461 0.033420
0 0.267775 0.521232 0.057471 0.035508
0 0.340250 0.519666 0.062049 0.030287
0 0.399247 0.519666 0.032550 0.030287
0 0.438918 0.559874 0.015258 0.031331
0 0.448835 0.521755 0.039162 0.032375
0 0.496643 0.518622 0.033059 0.032375
0 0.574713 0.518622 0.090530 0.034464
0 0.666768 0.518099 0.070186 0.035508
0 0.129583 0.175326 0.015803 0.032450
0 0.174094 0.174245 0.016330 0.032450
2 0.189633 0.172081 0.010535 0.032450
0 0.032922 0.027679 0.014223 0.042185
0 0.090866 0.089875 0.137484 0.030287
0 0.179098 0.089875 0.025284 0.028123
0 0.236778 0.091497 0.075327 0.029205
0 0.330015 0.090416 0.099558 0.031368
0 0.397703 0.090416 0.024231 0.024878
0 0.468816 0.090956 0.104298 0.028123
2 0.619996 0.091497 0.035820 0.027042
2 0.559945 0.094742 0.073746 0.029205
0 0.618679 0.174245 0.018437 0.036777