0 0.023660 0.022259 0.014135 0.043631
0 0.052544 0.083214 0.085423 0.047481
0 0.160706 0.085781 0.116150 0.050048
0 0.342487 0.173781 0.015183 0.035328
0 0.291081 0.265724 0.114524 0.036234
0 0.395193 0.171064 0.020822 0.037139
0 0.414931 0.171969 0.020389 0.037139
0 0.434886 0.170611 0.020389 0.036234
0 0.455926 0.171516 0.020822 0.038045
0 0.476314 0.170611 0.019955 0.038045
0 0.511452 0.448250 0.019087 0.037139
0 0.061600 0.355402 0.064203 0.032610
0 0.130574 0.354043 0.059865 0.033516
0 0.189788 0.354043 0.023859 0.028081
0 0.244664 0.356308 0.060732 0.028987
0 0.314506 0.355402 0.058997 0.038045
0 0.934626 0.087726 0.020389 0.033516
0 0.972150 0.088632 0.042513 0.033516
0 0.920311 0.022959 0.017786 0.038045
0 0.949158 0.023865 0.019955 0.038045
0 0.981477 0.025223 0.019521 0.038951
4 0.138817 0.816927 0.019955 0.033516
4 0.141419 0.587297 0.026896 0.034422
4 0.235337 0.447798 0.212997 0.038045
4 0.227963 0.171064 0.211261 0.035328
4 0.166146 0.216356 0.088496 0.035328
4 0.165929 0.264365 0.088062 0.035328
2 0.260498 0.086368 0.076783 0.050727
2 0.323399 0.087726 0.038608 0.049821
2 0.234687 0.495807 0.210828 0.034422
2 0.204754 0.541552 0.152698 0.035328
2 0.203887 0.726343 0.152698 0.037139
1 0.134045 0.863125 0.010411 0.020834
1 0.375672 0.863578 0.010411 0.019928
1 0.375672 0.952803 0.010411 0.013588
3 0.374805 0.725437 0.013882 0.024458
3 0.375022 0.770729 0.011713 0.026269
0 0.538915 0.448036 0.018909 0.036326
4 0.235799 0.949500 0.214432 0.020532