4 0.217391 0.175876 0.129537 0.032949
4 0.164807 0.219368 0.026933 0.038220
4 0.195909 0.265496 0.089137 0.035585
4 0.189175 0.310965 0.075670 0.031631
4 0.300115 0.494160 0.280877 0.034267
4 0.462037 0.811785 0.026292 0.028995
4 0.462678 0.856595 0.026292 0.034267
4 0.462037 0.902723 0.027575 0.034267
4 0.485443 0.674719 0.075670 0.036902
4 0.195909 0.629908 0.073746 0.034267
4 0.196229 0.674719 0.074388 0.036902
2 0.231179 0.538970 0.145569 0.031631
2 0.230537 0.583780 0.144286 0.034267
2 0.284084 0.094822 0.073105 0.028995
2 0.348852 0.094163 0.034629 0.030313
3 0.018276 0.809808 0.014749 0.030313
3 0.018276 0.855936 0.014749 0.025041
3 0.017314 0.901405 0.012825 0.026359
1 0.457227 0.629249 0.008978 0.019769
0 0.019879 0.029584 0.014108 0.035585
0 0.033026 0.094822 0.053226 0.039538
0 0.105489 0.094822 0.076311 0.034267
0 0.195267 0.096799 0.086572 0.035585
0 0.967039 0.090210 0.042324 0.032949
0 0.914454 0.029584 0.019238 0.035585
0 0.944273 0.028266 0.019879 0.038220
0 0.976016 0.028266 0.020521 0.038220
0 0.382519 0.175217 0.021162 0.036902
0 0.404002 0.176535 0.017956 0.034267
0 0.423560 0.173899 0.019879 0.031631
0 0.445364 0.175217 0.018597 0.039538
0 0.465884 0.174558 0.022445 0.035585
0 0.313582 0.310965 0.129537 0.036902
0 0.486084 0.492183 0.019238 0.038220
0 0.051943 0.401904 0.056432 0.036902
0 0.121200 0.403222 0.044889 0.039538
0 0.175067 0.405199 0.037194 0.030313
0 0.228293 0.407835 0.037194 0.035585