0 0.346898 0.107521 0.084577 0.030609
0 0.256023 0.103660 0.081027 0.033340
4 0.758160 0.194437 0.084214 0.040970
0 0.191297 0.105106 0.029477 0.030506
0 0.020568 0.757358 0.022651 0.045222
0 0.296923 0.252800 0.072365 0.034049
0 0.088615 0.111714 0.153874 0.033331
4 0.242701 0.193907 0.084334 0.039431
0 0.976718 0.106636 0.045630 0.036412
0 0.601872 0.105328 0.024145 0.029980
1 0.041870 0.860046 0.012539 0.029044
1 0.063274 0.859138 0.019025 0.036305
1 0.063490 0.898165 0.020323 0.038120
1 0.042303 0.899527 0.013404 0.029951
1 0.042735 0.939462 0.014269 0.028136
1 0.063706 0.939462 0.019890 0.039027
0 0.020697 0.194247 0.021410 0.049934
0 0.020697 0.246678 0.022362 0.044941
0 0.039966 0.245679 0.009516 0.034954
0 0.120611 0.249674 0.132743 0.030959
0 0.226473 0.251172 0.050433 0.029961
2 0.118708 0.196244 0.158436 0.043942
0 0.025454 0.029963 0.026168 0.048936
0 0.460082 0.105364 0.117994 0.033955
0 0.553811 0.106363 0.053288 0.029961
0 0.680131 0.105364 0.116567 0.039948
2 0.788134 0.104864 0.084214 0.038949
2 0.858074 0.103366 0.040442 0.039948
0 0.936340 0.107861 0.021886 0.046938
0 0.920877 0.027966 0.023313 0.046938
0 0.950614 0.031461 0.022838 0.045940
0 0.986297 0.034956 0.025692 0.052930
0 0.799077 0.250174 0.023313 0.025966
0 0.519555 0.195745 0.213151 0.038949
0 0.415120 0.247177 0.126082 0.041945
0 0.527405 0.248675 0.059473 0.038949
0 0.595204 0.246678 0.058997 0.038949
4 0.172471 0.299109 0.021410 0.039948
4 0.180084 0.399477 0.037587 0.040946
4 0.210058 0.503341 0.097535 0.038949
4 0.393472 0.299109 0.388239 0.039948
4 0.393472 0.401475 0.387287 0.038949
4 0.428442 0.502841 0.334475 0.037950