0 0.972930 0.106834 0.046788 0.035145
0 0.292478 0.105706 0.017095 0.034071
0 0.265917 0.105477 0.017771 0.036010
4 0.961269 0.382496 0.028838 0.043508
0 0.136347 0.105589 0.017759 0.035273
0 0.067634 0.108415 0.053247 0.038485
0 0.395254 0.105673 0.016837 0.031343
0 0.318999 0.106561 0.018734 0.033659
0 0.932250 0.108074 0.017403 0.035620
0 0.110132 0.105110 0.020309 0.030915
0 0.137415 0.383376 0.018213 0.036954
0 0.422721 0.106366 0.015939 0.033181
0 0.189096 0.105674 0.019560 0.029696
0 0.370798 0.105994 0.016906 0.033098
0 0.163043 0.105346 0.019231 0.029329
0 0.213333 0.105729 0.018332 0.030463
4 0.509610 0.381669 0.157448 0.047825
1 0.020439 0.382710 0.016575 0.036934
0 0.342839 0.105741 0.021625 0.032596
4 0.646761 0.382540 0.118602 0.044426
0 0.022291 0.107349 0.017672 0.031876
0 0.238455 0.105731 0.016994 0.031665
0 0.459613 0.106070 0.037280 0.030023