1 0.014367 0.504544 0.015826 0.034778
1 0.014581 0.465843 0.015669 0.032579
1 0.014671 0.621743 0.016206 0.032890
1 0.014243 0.426271 0.015137 0.033064
1 0.015184 0.542846 0.016710 0.033380
1 0.014749 0.581903 0.016281 0.035599
1 0.015031 0.386684 0.016320 0.036587
4 0.384727 0.187265 0.286005 0.049441
0 0.582429 0.888430 0.023053 0.041428
2 0.046534 0.100617 0.085103 0.030471
0 0.109097 0.688148 0.021499 0.039141
0 0.039148 0.689089 0.021021 0.038877
0 0.063241 0.688227 0.021597 0.037675
0 0.085157 0.688167 0.021526 0.038245
0 0.558878 0.888796 0.022866 0.041733
0 0.612436 0.888567 0.022971 0.041021
4 0.397510 0.890683 0.242245 0.045827
0 0.016093 0.688916 0.019768 0.039854
0 0.636405 0.888672 0.022128 0.040796
4 0.192393 0.186249 0.100768 0.044329
0 0.975654 0.101541 0.048054 0.043523
0 0.072677 0.238550 0.138986 0.043236
2 0.118422 0.098414 0.040712 0.030502
0 0.985571 0.028833 0.026136 0.046448
4 0.208183 0.890545 0.145748 0.046956
0 0.042546 0.838855 0.035171 0.040737
0 0.128489 0.841182 0.103812 0.036081
0 0.244497 0.840600 0.102110 0.039573
0 0.020989 0.028198 0.019287 0.048884
0 0.918993 0.029944 0.022691 0.038409
0 0.953880 0.029362 0.025528 0.044228