0 0.606528 0.931843 0.075996 0.042429
0 0.681266 0.930003 0.062213 0.037168
0 0.109520 0.102423 0.017517 0.036082
0 0.066206 0.103696 0.052443 0.031331
0 0.135564 0.102902 0.017789 0.034794
0 0.214111 0.104867 0.017351 0.030666
0 0.187951 0.105477 0.015779 0.029059
0 0.239138 0.104594 0.016666 0.033104
0 0.022066 0.104255 0.017663 0.034800
0 0.162204 0.105479 0.016186 0.029436
0 0.972190 0.104411 0.048612 0.033119
0 0.264352 0.106596 0.012953 0.034967
0 0.930738 0.104082 0.015423 0.030423
0 0.722316 0.124433 0.018971 0.045483
5 0.503660 0.528686 0.467606 0.866611