4 0.247945 0.332971 0.215194 0.027973
4 0.211862 0.302315 0.136950 0.031031
0 0.168474 0.122180 0.125594 0.026109
0 0.275320 0.120635 0.055212 0.023216
0 0.360604 0.121927 0.080792 0.027285
1 0.732094 0.745787 0.016502 0.022017
4 0.643487 0.269625 0.158109 0.032825
4 0.185783 0.237299 0.091553 0.031828
0 0.202441 0.911459 0.030807 0.033943
0 0.269435 0.911864 0.023832 0.032091
0 0.047424 0.912109 0.024411 0.032602
4 0.210710 0.367670 0.135421 0.029211
1 0.731130 0.714326 0.014551 0.022881
0 0.308786 0.911892 0.026229 0.034132
0 0.244028 0.912570 0.026844 0.034708
1 0.732213 0.806278 0.016508 0.022970
0 0.097029 0.912252 0.026785 0.033123
4 0.186962 0.271129 0.087049 0.027625
4 0.660331 0.620408 0.131865 0.029940
0 0.015913 0.912873 0.029298 0.035491
1 0.732182 0.776680 0.016592 0.022204
0 0.619564 0.016146 0.022683 0.027327
0 0.334180 0.912486 0.026397 0.034394
0 0.445921 0.121281 0.054230 0.025612
2 0.262348 0.803219 0.065300 0.032027
0 0.071994 0.912374 0.025005 0.032322
4 0.644079 0.367340 0.158831 0.032679
0 0.555362 0.017452 0.023970 0.026591
0 0.128305 0.911454 0.023341 0.031617
0 0.049780 0.122553 0.082877 0.025671
4 0.820027 0.620068 0.155183 0.031749
4 0.370660 0.236903 0.049223 0.031207
0 0.163640 0.912722 0.046002 0.034069
4 0.659817 0.651010 0.132943 0.030520
1 0.732448 0.682996 0.016827 0.023403
0 0.592630 0.016575 0.022126 0.028868
1 0.732599 0.621169 0.016120 0.023151
4 0.660005 0.681331 0.133630 0.031309
0 0.256027 0.015420 0.022912 0.028130
4 0.098651 0.712150 0.089743 0.032125
2 0.261648 0.834152 0.063800 0.030333
4 0.659819 0.712247 0.133324 0.031671
0 0.528636 0.017736 0.021529 0.025974
1 0.732545 0.652948 0.016383 0.022906
4 0.365286 0.620150 0.147208 0.030816
0 0.321205 0.017439 0.021692 0.027675
4 0.660387 0.589829 0.132652 0.029952
0 0.295310 0.017469 0.022117 0.027807
1 0.732403 0.590164 0.016353 0.023758
4 0.930020 0.650279 0.079130 0.031541
4 0.817974 0.650748 0.152227 0.032144
2 0.260667 0.775264 0.061867 0.028642
4 0.098965 0.681616 0.089122 0.032178
4 0.098336 0.742911 0.090251 0.032802
4 0.818095 0.589422 0.153622 0.031917
4 0.097240 0.803422 0.091132 0.032036
0 0.552634 0.122272 0.119221 0.027250
0 0.476390 0.016386 0.025202 0.027276
0 0.070348 0.176669 0.106580 0.031639
4 0.930135 0.619729 0.079128 0.031462
4 0.098868 0.651194 0.089260 0.031463
4 0.098187 0.773147 0.090303 0.032703
4 0.660313 0.743209 0.132655 0.031963
4 0.929993 0.680963 0.078911 0.031364
4 0.817443 0.681371 0.151165 0.032465
0 0.347708 0.017044 0.022334 0.028223
4 0.662385 0.804316 0.133864 0.029523
4 0.660675 0.773647 0.132297 0.031522
4 0.661083 0.833863 0.130326 0.030984
0 0.503328 0.017252 0.024236 0.026890
0 0.686221 0.013836 0.019238 0.025554
0 0.161884 0.176351 0.072322 0.029546
4 0.930008 0.711796 0.078759 0.031273
4 0.816064 0.712249 0.153014 0.032812
4 0.365352 0.650962 0.147182 0.031304
1 0.732065 0.835973 0.016351 0.022553
4 0.098835 0.589370 0.086177 0.034054
2 0.128953 0.018835 0.169488 0.037025
4 0.098797 0.620425 0.089565 0.031033
4 0.930350 0.804091 0.078521 0.030121
0 0.439670 0.017191 0.021532 0.026833
0 0.467578 0.862829 0.021064 0.021954
4 0.365844 0.589730 0.145991 0.030278
4 0.816683 0.743113 0.151949 0.033308
4 0.659208 0.015836 0.021385 0.026950
4 0.098685 0.833838 0.088968 0.029704
4 0.818037 0.834140 0.153506 0.031881
2 0.261441 0.621359 0.064797 0.029130
4 0.930163 0.742420 0.078862 0.031478
2 0.262098 0.742754 0.064626 0.032579
4 0.930659 0.588994 0.079720 0.031080
2 0.261784 0.650784 0.064755 0.032098
2 0.261948 0.712889 0.061608 0.033482
4 0.816066 0.804627 0.153490 0.032375
4 0.817018 0.773547 0.152619 0.033670
1 0.013786 0.588660 0.020152 0.031741
1 0.014938 0.619680 0.019001 0.027413
1 0.014362 0.651060 0.017849 0.031020
1 0.015226 0.682441 0.019577 0.031741
1 0.015514 0.713461 0.019001 0.025970
1 0.014650 0.742678 0.019577 0.031020
1 0.015514 0.773698 0.020152 0.025249
1 0.015514 0.804357 0.017849 0.030299
1 0.014074 0.834656 0.020728 0.024527
2 0.261948 0.682802 0.063912 0.029577
2 0.261372 0.589381 0.060457 0.028856
4 0.365300 0.683163 0.147400 0.028856
4 0.365588 0.713101 0.145672 0.031020
4 0.366164 0.742317 0.144521 0.031741
4 0.365588 0.773337 0.145672 0.031741
4 0.365876 0.804718 0.146248 0.031020
4 0.366452 0.832492 0.145097 0.025970
4 0.931004 0.773698 0.074276 0.028134
4 0.930716 0.832852 0.073700 0.028134