4 0.221239 0.442901 0.174426 0.042700
4 0.191921 0.188859 0.100093 0.042423
4 0.394653 0.899595 0.237680 0.042058
4 0.381397 0.189807 0.284879 0.049293
2 0.045632 0.101821 0.084204 0.030248
4 0.220598 0.545086 0.175709 0.044246
0 0.609285 0.901672 0.021908 0.041994
2 0.117520 0.101194 0.039276 0.029708
0 0.632288 0.900662 0.023543 0.042841
4 0.206282 0.899939 0.144492 0.043643
4 0.236309 0.493201 0.205848 0.040844
0 0.556267 0.900855 0.020434 0.041235
0 0.579616 0.901864 0.022629 0.039736
3 0.973073 0.102129 0.049436 0.042277
0 0.055255 0.029827 0.030499 0.039260
0 0.973563 0.102456 0.050465 0.040980
0 0.073282 0.241237 0.139605 0.047432
0 0.082083 0.294118 0.123124 0.036028
0 0.264525 0.292783 0.214826 0.044034
0 0.489291 0.294118 0.206490 0.044034
0 0.700590 0.294785 0.189175 0.042700
0 0.043428 0.851285 0.037693 0.040921
0 0.125642 0.849012 0.104884 0.040921
0 0.241997 0.849012 0.101606 0.043194