4 0.728378 0.470859 0.033655 0.037295
4 0.338774 0.471504 0.303806 0.043581
4 0.817076 0.379538 0.209341 0.040997
4 0.292001 0.380891 0.210574 0.040254
4 0.215569 0.699059 0.059208 0.039977
4 0.203815 0.516032 0.034295 0.040828
0 0.093408 0.089738 0.059326 0.029539
4 0.268237 0.791179 0.165492 0.037202
4 0.793163 0.517695 0.162971 0.036417
4 0.206883 0.654694 0.038270 0.040226
4 0.268173 0.564722 0.166110 0.038457
4 0.726169 0.700851 0.030061 0.035503
4 0.217155 0.749723 0.060206 0.039025
4 0.723034 0.747027 0.023455 0.035600
4 0.743644 0.655400 0.066158 0.038843
0 0.031269 0.089938 0.031956 0.030103
0 0.018969 0.974212 0.025812 0.039470
2 0.330716 0.090836 0.127085 0.032709
4 0.816612 0.426590 0.211858 0.038587
2 0.986854 0.092442 0.024995 0.035522
2 0.191326 0.090233 0.116623 0.028561
4 0.220928 0.427152 0.067454 0.040073
2 0.456795 0.088538 0.095446 0.033899
0 0.076819 0.271505 0.103245 0.035167
0 0.199115 0.272807 0.115536 0.035167
0 0.334931 0.268900 0.120452 0.037772
0 0.429572 0.265643 0.052852 0.039075
0 0.501475 0.267597 0.065143 0.037772
0 0.569998 0.267597 0.044862 0.040377
0 0.674164 0.266946 0.138889 0.041680
0 0.792158 0.268900 0.076205 0.042982
0 0.041695 0.026990 0.016451 0.039676