0 0.256171 0.115929 0.093217 0.043635
0 0.167508 0.118377 0.091833 0.043397
0 0.077878 0.116554 0.088156 0.044885
0 0.696383 0.760437 0.027230 0.041562
0 0.460572 0.759437 0.026005 0.042130
4 0.892850 0.114686 0.146935 0.048670
0 0.078663 0.468010 0.147727 0.034069
0 0.459557 0.403529 0.023610 0.043877
0 0.045293 0.821610 0.087038 0.026305
0 0.078135 0.517842 0.151391 0.031782
0 0.064648 0.218393 0.128457 0.026951
0 0.104973 0.365369 0.201492 0.035181
0 0.036576 0.921790 0.066470 0.026217
0 0.061076 0.569262 0.118669 0.030610
0 0.049789 0.870548 0.093989 0.022227
0 0.108424 0.264671 0.204661 0.031795
0 0.082568 0.972675 0.161514 0.037803
0 0.045452 0.619263 0.086838 0.030934
0 0.107411 0.416716 0.205193 0.030877
0 0.038852 0.670661 0.072056 0.033024
0 0.045334 0.720200 0.087017 0.028264
0 0.057131 0.770647 0.111771 0.030224
0 0.104907 0.315070 0.202951 0.031391
0 0.977504 0.114308 0.027679 0.046488
0 0.015788 0.164326 0.029840 0.033865
0 0.064652 0.265264 0.124016 0.028457
0 0.364956 0.971215 0.229666 0.057569
2 0.176377 0.029301 0.130285 0.042352
0 0.034415 0.029301 0.018437 0.042352
0 0.363201 0.331539 0.229843 0.200208
0 0.362893 0.688320 0.229228 0.200208
0 0.598882 0.689604 0.229228 0.202775