1 0.906532 0.829839 0.019052 0.037825
1 0.906160 0.869260 0.019030 0.035277
0 0.044739 0.351495 0.020571 0.046067
2 0.014252 0.351068 0.028311 0.047955
0 0.071354 0.351617 0.024154 0.045540
4 0.646190 0.375115 0.386702 0.055161
1 0.321372 0.831282 0.020896 0.036316
4 0.465350 0.476376 0.100441 0.042183
0 0.892124 0.983200 0.068219 0.033600
0 0.103071 0.349857 0.024819 0.047929
4 0.768212 0.172072 0.212795 0.045202
4 0.981010 0.173530 0.037519 0.043084
4 0.496136 0.173894 0.082712 0.045246
1 0.321658 0.908905 0.019698 0.036633
2 0.494857 0.729619 0.177663 0.049232
0 0.965332 0.986258 0.063979 0.027484
1 0.320974 0.869044 0.020735 0.035052
4 0.679731 0.475303 0.331019 0.048667
4 0.435085 0.374286 0.036433 0.044427
1 0.906735 0.908867 0.019147 0.037272
4 0.646234 0.273555 0.384878 0.048539
0 0.135238 0.350397 0.021461 0.049098
1 0.301235 0.830593 0.013837 0.028444
0 0.931414 0.109074 0.015317 0.031577
0 0.217708 0.108091 0.030135 0.027209
1 0.299938 0.909503 0.015566 0.028444
0 0.597340 0.109720 0.047135 0.026886
0 0.413153 0.107665 0.046713 0.025209
1 0.300078 0.869767 0.016151 0.031552
0 0.906065 0.108001 0.014334 0.031553
4 0.871757 0.730121 0.253769 0.047713
0 0.055528 0.664526 0.091020 0.028853
4 0.355407 0.867597 0.045301 0.040360
0 0.278937 0.728400 0.021204 0.041759
0 0.283382 0.109872 0.082346 0.028337
0 0.356680 0.107897 0.046778 0.026460
0 0.079675 0.615752 0.138022 0.026043
4 0.396531 0.829118 0.042901 0.043199
4 0.396682 0.867907 0.044330 0.040781
0 0.644464 0.108728 0.025497 0.027293
4 0.355457 0.828441 0.044430 0.041392
0 0.504335 0.111030 0.118054 0.029796
4 0.535168 0.867948 0.142667 0.042776
0 0.278945 0.220074 0.023384 0.046193
0 0.052484 0.715044 0.084033 0.027705
4 0.428452 0.274196 0.026327 0.046087
0 0.972159 0.108169 0.046400 0.030665
4 0.967220 0.867697 0.065560 0.043075
4 0.803741 0.829199 0.124498 0.043637
2 0.377284 0.174011 0.159333 0.041704
4 0.803241 0.868317 0.126451 0.043577
0 0.082711 0.510218 0.157793 0.049843
0 0.079097 0.765184 0.145748 0.028116
0 0.067353 0.816944 0.115033 0.031951
0 0.071870 0.563895 0.124066 0.034507
0 0.058018 0.459097 0.093953 0.031951
0 0.059825 0.411172 0.097567 0.033229
2 0.153856 0.352719 0.015775 0.045019
2 0.804135 0.111628 0.038099 0.030483
0 0.108883 0.110303 0.169883 0.038435
0 0.722168 0.110862 0.113606 0.033901
0 0.280236 0.171491 0.022124 0.046078
0 0.299492 0.222786 0.012291 0.035645
0 0.380408 0.224090 0.133972 0.036515
0 0.479761 0.225394 0.045067 0.035645
0 0.552278 0.223655 0.077843 0.035645
0 0.671501 0.224090 0.134382 0.038254
0 0.776590 0.226263 0.058587 0.035645