0 0.255330 0.109065 0.092624 0.049699
0 0.166366 0.111017 0.091839 0.053151
0 0.076065 0.109720 0.092400 0.054947
0 0.976725 0.110015 0.025967 0.042565
4 0.892013 0.110320 0.144539 0.050354
0 0.458706 0.403176 0.024272 0.043806
0 0.043374 0.826135 0.084898 0.025724
0 0.076688 0.519463 0.150567 0.032222
0 0.077297 0.468980 0.147896 0.034727
0 0.059345 0.571345 0.118644 0.031293
0 0.104342 0.365439 0.201205 0.034452
0 0.043339 0.724667 0.084363 0.027863
0 0.049041 0.876487 0.093190 0.026716
0 0.037864 0.674033 0.070217 0.032576
0 0.036016 0.926069 0.066213 0.024637
0 0.044331 0.622486 0.084013 0.031536
0 0.103930 0.314304 0.202195 0.031902
0 0.080354 0.981087 0.159387 0.037826
0 0.063971 0.214573 0.127942 0.027242
0 0.054868 0.775692 0.107683 0.030510
0 0.099807 0.262739 0.198794 0.030827
0 0.106408 0.417297 0.206123 0.030433
0 0.361924 0.331640 0.231450 0.204513
2 0.170670 0.025315 0.128529 0.044422