1 0.161107 0.591035 0.007942 0.020382
4 0.169049 0.720972 0.029499 0.033121
4 0.207908 0.851546 0.106081 0.034395
4 0.207908 0.891674 0.104947 0.030573
4 0.399365 0.851546 0.022691 0.031847
4 0.211028 0.206320 0.243930 0.030573
4 0.211028 0.247722 0.242796 0.034395
4 0.166213 0.378933 0.022691 0.031847
4 0.211879 0.422245 0.111754 0.031847
4 0.163660 0.461736 0.016451 0.029299
4 0.211028 0.506959 0.110052 0.033121
4 0.164227 0.550908 0.016451 0.031847
4 0.393692 0.377659 0.057862 0.034395
4 0.420070 0.421608 0.112889 0.035669
4 0.375823 0.464283 0.023258 0.036943
4 0.395394 0.548997 0.065804 0.033121
4 0.377808 0.592946 0.029499 0.036943
2 0.438927 0.084595 0.031137 0.031894
0 0.033869 0.025100 0.014203 0.040481
0 0.049164 0.085822 0.049164 0.026988
0 0.129739 0.090729 0.099967 0.036801
0 0.227794 0.087662 0.079755 0.033121
0 0.318475 0.087662 0.087403 0.040481
0 0.391129 0.087662 0.050257 0.033121
0 0.086857 0.160038 0.092866 0.030668
0 0.193652 0.161878 0.095597 0.034348
0 0.281602 0.160038 0.056266 0.038028
0 0.366000 0.164331 0.088496 0.039255
0 0.464875 0.163104 0.089588 0.036801
0 0.560472 0.164331 0.085218 0.031894
0 0.659620 0.164944 0.092319 0.038028
0 0.759860 0.161878 0.085218 0.044162
0 0.836611 0.160038 0.045340 0.040481
0 0.892330 0.161878 0.048618 0.036801
0 0.955971 0.159424 0.008740 0.029441
0 0.970993 0.165558 0.014749 0.012267
0 0.964438 0.090115 0.042063 0.030668
0 0.922921 0.025100 0.016934 0.038028
0 0.947230 0.025100 0.017481 0.038028
0 0.975090 0.025713 0.014203 0.036801
0 0.957610 0.975799 0.056812 0.035575
0 0.470275 0.207594 0.022691 0.035669
0 0.495235 0.247722 0.022691 0.034395