0 0.034793 0.027073 0.018909 0.041468
0 0.047273 0.091391 0.051433 0.036391
0 0.130096 0.092238 0.099841 0.039776
0 0.227857 0.090968 0.079041 0.033852
0 0.316920 0.093084 0.085470 0.034698
0 0.393125 0.093507 0.051055 0.027081
0 0.925043 0.029189 0.018153 0.037237
0 0.949815 0.029189 0.019287 0.033852
0 0.977044 0.030459 0.021557 0.033005
0 0.967400 0.090122 0.041600 0.023696
0 0.958702 0.165019 0.011346 0.022850
0 0.973830 0.166711 0.015884 0.017772
0 0.084525 0.164596 0.095681 0.037237
0 0.191551 0.164172 0.100219 0.038083
0 0.282316 0.159941 0.056350 0.043161
0 0.365706 0.166288 0.088496 0.035544
0 0.464413 0.165019 0.087739 0.029620
0 0.562552 0.165442 0.079041 0.033852
0 0.658611 0.163749 0.090387 0.035544
0 0.759587 0.164172 0.085848 0.031313
0 0.837872 0.163749 0.047273 0.038929
0 0.897814 0.160787 0.047651 0.038083
0 0.960593 0.978727 0.056728 0.037237
0 0.472544 0.209872 0.023826 0.031313
0 0.496559 0.250071 0.024204 0.035544
2 0.439761 0.090757 0.030275 0.022583
4 0.103633 0.294869 0.030275 0.033005
4 0.211924 0.208881 0.244527 0.034742
4 0.211535 0.252309 0.244527 0.034742
4 0.514117 0.423754 0.011589 0.037720
4 0.406922 0.424343 0.022651 0.031827
4 0.424041 0.467958 0.058997 0.029469
4 0.427202 0.509804 0.065318 0.030648
4 0.399810 0.551650 0.011589 0.029469
4 0.160135 0.552239 0.012642 0.028290
4 0.163559 0.509214 0.017383 0.031827
4 0.166193 0.467368 0.023704 0.033005
4 0.166456 0.423754 0.023177 0.033005
4 0.181732 0.594085 0.052676 0.034184
4 0.169090 0.809209 0.030552 0.033005
1 0.204383 0.638878 0.008428 0.017681
1 0.204383 0.681314 0.007375 0.020039
1 0.401654 0.594674 0.007901 0.018860