0 0.030066 0.026380 0.022691 0.042066
0 0.057862 0.092400 0.090765 0.033887
0 0.167064 0.091816 0.112889 0.035055
0 0.923814 0.025796 0.018720 0.038561
0 0.952462 0.027548 0.015884 0.035055
0 0.982528 0.026380 0.019287 0.035055
0 0.973168 0.089479 0.042546 0.035055
0 0.935727 0.090063 0.022124 0.029213
0 0.439925 0.171859 0.019855 0.036224
0 0.461482 0.172443 0.019855 0.035055
0 0.516791 0.442952 0.019287 0.036224
0 0.543454 0.443536 0.020422 0.035055
0 0.064670 0.350056 0.055593 0.037392
0 0.136998 0.350640 0.061833 0.038561
0 0.194010 0.352977 0.023826 0.038561
0 0.249603 0.354730 0.060132 0.032718
0 0.321647 0.355899 0.058997 0.028044
1 0.346891 0.897501 0.009644 0.017528
3 0.345757 0.715214 0.011913 0.022202
3 0.346040 0.760786 0.013615 0.029213
2 0.268607 0.088895 0.079986 0.033887
2 0.331291 0.090648 0.036306 0.035055
2 0.199399 0.715798 0.129907 0.037392
2 0.209610 0.534096 0.150329 0.033887
2 0.241945 0.487940 0.211595 0.035055
0 0.900556 0.975207 0.065237 0.037392
0 0.968062 0.975207 0.057295 0.039729
4 0.240810 0.442952 0.211595 0.038561
4 0.148060 0.580252 0.027229 0.030381
4 0.234286 0.171859 0.212162 0.036224
4 0.172737 0.216846 0.089063 0.035055
4 0.172737 0.263002 0.090197 0.038561
0 0.296460 0.261370 0.115044 0.037673