0 0.039639 0.029707 0.017822 0.033959
0 0.921214 0.026311 0.018437 0.040751
0 0.950098 0.025632 0.024582 0.039393
0 0.982670 0.025632 0.015978 0.042110
0 0.960238 0.095588 0.014135 0.032601
0 0.982055 0.094230 0.014749 0.032601
4 0.917834 0.095588 0.149336 0.032601
0 0.326635 0.317683 0.205875 0.191531
0 0.413901 0.382885 0.020280 0.042110
0 0.431723 0.107134 0.078048 0.042110
0 0.512230 0.109172 0.080506 0.035318
0 0.590585 0.108493 0.077434 0.033959
0 0.102016 0.157394 0.204031 0.050260
0 0.101708 0.203579 0.202188 0.039393
0 0.101708 0.249764 0.203416 0.052977
0 0.101708 0.300703 0.202188 0.043468
0 0.101401 0.346209 0.201573 0.044826
0 0.100787 0.392393 0.201573 0.047543
0 0.100787 0.441295 0.201573 0.044826
0 0.101094 0.487480 0.199730 0.047543
0 0.100479 0.535023 0.200958 0.050260
0 0.099865 0.584604 0.199730 0.046185
0 0.100479 0.635543 0.200958 0.044826
0 0.101094 0.680369 0.202188 0.036676
0 0.101094 0.725196 0.202188 0.047543
0 0.101401 0.780210 0.202802 0.054335
0 0.101094 0.829111 0.202188 0.046185
0 0.102016 0.878013 0.201573 0.040751
0 0.102016 0.926235 0.204031 0.047543
0 0.101094 0.976495 0.202188 0.039393