0 0.039233 0.024406 0.023009 0.039021
0 0.896460 0.027193 0.021829 0.035676
0 0.932153 0.024406 0.020059 0.034561
0 0.965782 0.028308 0.021239 0.035676
0 0.952507 0.094643 0.058407 0.027872
0 0.816224 0.975402 0.099705 0.041251
0 0.927139 0.975959 0.107965 0.035676
1 0.264897 0.759114 0.012979 0.021183
2 0.046608 0.091856 0.047198 0.042366
4 0.291150 0.274697 0.071386 0.037906
4 0.275811 0.326539 0.038348 0.039021
4 0.271091 0.372807 0.031268 0.035676
4 0.306785 0.518299 0.102655 0.034561
4 0.274926 0.566797 0.038938 0.037906
4 0.275811 0.614737 0.038348 0.037906