2 0.971539 0.083584 0.028952 0.030363
2 0.234076 0.084168 0.104337 0.029196
2 0.347427 0.083584 0.098328 0.025692
2 0.466787 0.085920 0.115263 0.028028
2 0.580411 0.083584 0.084672 0.028028
2 0.728177 0.727056 0.067737 0.028028
0 0.029225 0.022274 0.014749 0.029196
0 0.049437 0.083584 0.085764 0.037370
0 0.135202 0.085336 0.070469 0.026860
0 0.910084 0.023441 0.017481 0.029196
0 0.936032 0.022858 0.016934 0.032699
0 0.962799 0.025777 0.020212 0.033867
0 0.060909 0.198615 0.086857 0.029196
0 0.169343 0.202119 0.108161 0.036203
0 0.289523 0.198615 0.107069 0.031531
0 0.397411 0.198031 0.087949 0.030363
0 0.515132 0.199783 0.120179 0.038538
0 0.603081 0.201535 0.040424 0.035035
0 0.664263 0.200951 0.061182 0.029196
0 0.759860 0.770849 0.014203 0.029196
0 0.964165 0.976387 0.055719 0.031531
0 0.893150 0.891135 0.016388 0.029196
0 0.240085 0.768514 0.013657 0.029196
0 0.302633 0.808220 0.015296 0.031531
0 0.019666 0.892303 0.026221 0.033867
0 0.047252 0.894055 0.023490 0.030363
0 0.207036 0.890552 0.012018 0.030363
0 0.227521 0.892303 0.011472 0.029196
0 0.011472 0.974635 0.022943 0.030363
4 0.366000 0.315982 0.375833 0.147146
4 0.273408 0.728224 0.192833 0.030363
4 0.212225 0.769682 0.070469 0.029196
4 0.275046 0.769098 0.049710 0.025692
4 0.243363 0.808804 0.133836 0.032699
4 0.730908 0.767346 0.071015 0.029196
4 0.794821 0.768514 0.051349 0.026860
4 0.792363 0.851429 0.192833 0.033867
4 0.798645 0.889968 0.207582 0.033867