4 0.210512 0.204690 0.244033 0.030110
4 0.211853 0.249115 0.244033 0.031641
4 0.103915 0.292010 0.028158 0.036132
4 0.166600 0.419225 0.022124 0.031616
4 0.166264 0.463637 0.024135 0.030110
4 0.163248 0.504286 0.015420 0.036132
4 0.160231 0.547946 0.010727 0.033121
4 0.181349 0.591605 0.051622 0.033121
4 0.405270 0.420730 0.023465 0.031616
4 0.425717 0.506544 0.064360 0.028605
4 0.422623 0.462389 0.057862 0.033121
4 0.512064 0.420775 0.011346 0.033121
4 0.398230 0.549863 0.010589 0.033121
4 0.168860 0.806764 0.029877 0.032272
1 0.203086 0.635638 0.008320 0.021232
1 0.203653 0.676827 0.008698 0.020382
1 0.400310 0.591052 0.007942 0.018684
0 0.955403 0.975297 0.059385 0.036608
0 0.034156 0.026550 0.020959 0.047939
0 0.045800 0.088434 0.050458 0.035736
0 0.129638 0.089306 0.101692 0.032250
0 0.226479 0.090613 0.082673 0.033121
0 0.316333 0.091921 0.086943 0.032250
0 0.391632 0.090613 0.051234 0.031378
0 0.965883 0.086255 0.039202 0.026148
0 0.921053 0.025243 0.014749 0.034864
0 0.945699 0.026986 0.017466 0.036608
0 0.973645 0.028293 0.015137 0.033993
0 0.954627 0.160342 0.010480 0.027891
0 0.968600 0.163828 0.014361 0.019175
0 0.086167 0.163828 0.093930 0.026148
0 0.193681 0.163393 0.093153 0.027020
0 0.276937 0.160778 0.057056 0.028763
0 0.365626 0.165136 0.090048 0.030506
0 0.446747 0.159906 0.041919 0.030506
0 0.525540 0.160778 0.083062 0.032250
0 0.626067 0.161649 0.090824 0.033993
0 0.725237 0.162085 0.088884 0.029635
0 0.816837 0.160778 0.083450 0.027020
2 0.439179 0.089306 0.031439 0.030506
0 0.469842 0.207409 0.022900 0.029635
0 0.494683 0.249246 0.025229 0.033121