4 0.367175 0.659125 0.047361 0.041881
1 0.040420 0.756940 0.016170 0.036331
1 0.040377 0.466805 0.016967 0.036543
0 0.635969 0.774201 0.063351 0.045853
0 0.718714 0.773652 0.094987 0.051004
0 0.791496 0.774181 0.042703 0.042009
4 0.240467 0.201496 0.083958 0.045780
0 0.019138 0.944165 0.023797 0.046766
0 0.482694 0.945112 0.024416 0.046165
0 0.506828 0.944767 0.023424 0.045124
1 0.040232 0.425045 0.017560 0.037553
0 0.079689 0.314744 0.022687 0.049459
2 0.116375 0.200753 0.162574 0.046068
0 0.046099 0.313422 0.024994 0.049038
2 0.663053 0.109657 0.038990 0.032266
0 0.154737 0.313664 0.024210 0.049713
0 0.383334 0.307105 0.020895 0.034007
1 0.040209 0.508499 0.017156 0.036220
1 0.040214 0.673089 0.016187 0.035973
1 0.040991 0.799229 0.017084 0.040128
1 0.040764 0.548760 0.017299 0.036941
1 0.040567 0.715057 0.016808 0.038147
0 0.115835 0.315745 0.034936 0.047679
0 0.018946 0.309227 0.023558 0.047373
1 0.040318 0.631328 0.017326 0.037429
1 0.040160 0.590026 0.017133 0.036912
0 0.535800 0.307483 0.022140 0.033702
4 0.504980 0.607494 0.323066 0.042129
0 0.207194 0.306685 0.021488 0.034144
0 0.417305 0.308267 0.034374 0.033229
0 0.232745 0.306674 0.023617 0.034609
4 0.359017 0.552713 0.032071 0.045159
0 0.085451 0.112199 0.150485 0.037644
0 0.270425 0.109670 0.114595 0.035699
0 0.621148 0.306158 0.020523 0.033761
0 0.362004 0.109678 0.048782 0.032922
0 0.019595 0.256573 0.022961 0.046409
0 0.494407 0.307694 0.038195 0.034326
2 0.294195 0.946608 0.310261 0.040211
0 0.594913 0.306010 0.021756 0.032935
0 0.934933 0.108624 0.019540 0.034143
0 0.189402 0.109151 0.031484 0.031793
0 0.592319 0.110393 0.083737 0.034132
0 0.977234 0.109257 0.044996 0.033946
0 0.454531 0.307572 0.033865 0.035038
0 0.569649 0.306245 0.021577 0.032088
0 0.349533 0.306932 0.022315 0.033958
0 0.267740 0.307241 0.037859 0.032022
0 0.485190 0.111172 0.114975 0.036436
0 0.182269 0.308818 0.022191 0.037471
2 0.407748 0.110352 0.028260 0.031742
0 0.407889 0.110075 0.027664 0.031794
4 0.107233 0.467092 0.042982 0.045684
0 0.820415 0.353439 0.018191 0.032879
2 0.206226 0.448247 0.015276 0.047973
0 0.314436 0.307648 0.033730 0.034444
0 0.768945 0.305099 0.019499 0.032622
4 0.892625 0.549489 0.058714 0.043015
4 0.067813 0.756899 0.038187 0.041085
0 0.293841 0.447788 0.157890 0.047976
2 0.242311 0.201032 0.083848 0.043070
4 0.107645 0.549596 0.042747 0.043621
4 0.107342 0.715709 0.043508 0.045361
4 0.106646 0.425203 0.043249 0.045398
4 0.107298 0.759079 0.043935 0.039804
4 0.067232 0.799513 0.038665 0.045762
4 0.892030 0.509272 0.059094 0.040786
4 0.503845 0.499602 0.319743 0.040039
0 0.480405 0.447413 0.191740 0.050551
0 0.656079 0.443392 0.137484 0.049403
0 0.799094 0.445690 0.018963 0.021829
5 0.503319 0.567668 0.664244 0.484076