0 0.745017 0.954727 0.022086 0.042833
0 0.772191 0.954544 0.022309 0.042350
0 0.720780 0.954652 0.022663 0.042823
0 0.277574 0.264851 0.023492 0.045610
0 0.081034 0.299259 0.021688 0.044994
0 0.894803 0.979360 0.073596 0.038854
1 0.042550 0.721981 0.014231 0.032896
0 0.694506 0.954208 0.021389 0.041580
0 0.969010 0.981656 0.061980 0.033975
0 0.798142 0.953370 0.021175 0.040238
0 0.249644 0.265110 0.022746 0.044891
0 0.156533 0.299233 0.023187 0.047369
0 0.108665 0.298591 0.019291 0.042002
0 0.048167 0.298067 0.023434 0.045782
0 0.021053 0.900785 0.026559 0.047033
1 0.042500 0.640710 0.015652 0.034969
1 0.042538 0.601718 0.015232 0.035186
0 0.306073 0.264808 0.026066 0.046474
1 0.042708 0.523744 0.014937 0.033902
1 0.042782 0.761237 0.014881 0.033389
1 0.042606 0.484574 0.015182 0.032844
1 0.042439 0.564060 0.015653 0.033761
0 0.021621 0.241608 0.025112 0.043826
0 0.089838 0.103012 0.157910 0.034689
1 0.042819 0.681553 0.014861 0.034810
1 0.042620 0.443884 0.015119 0.033528
0 0.977104 0.100960 0.045136 0.033316
1 0.042372 0.403828 0.016122 0.033681
0 0.020955 0.292666 0.024955 0.044921
0 0.218687 0.264042 0.024882 0.048432
0 0.935068 0.095755 0.018491 0.042157
0 0.117667 0.298117 0.034615 0.043933
2 0.395911 0.265216 0.141662 0.046682
1 0.211614 0.726876 0.015623 0.031852
1 0.211697 0.490826 0.015479 0.031457
1 0.211858 0.847102 0.016177 0.032172
1 0.211938 0.770171 0.015762 0.031452
1 0.211620 0.410706 0.016786 0.033111
1 0.211856 0.807736 0.015419 0.030636
1 0.211783 0.529815 0.016407 0.032121
1 0.211970 0.452247 0.016205 0.032147
4 0.892463 0.604556 0.058752 0.041368
4 0.892433 0.565036 0.059164 0.041390
1 0.211792 0.689445 0.016588 0.032679
0 0.817689 0.120141 0.020850 0.041195
1 0.042856 0.452457 0.015236 0.027827
4 0.892528 0.403729 0.058777 0.042998
4 0.892735 0.644258 0.059654 0.040741
1 0.211925 0.568940 0.016939 0.033119
1 0.211804 0.371129 0.017692 0.033278
4 0.892564 0.682432 0.058295 0.039720
1 0.211620 0.650099 0.019238 0.040314
1 0.211940 0.607097 0.019879 0.034939
0 0.303322 0.209328 0.161601 0.034939
0 0.485764 0.209328 0.184045 0.043002
0 0.211620 0.208657 0.017956 0.038971
0 0.020841 0.189171 0.023727 0.048377
5 0.504568 0.538923 0.653250 0.893809