4 0.163660 0.181059 0.102678 0.037497
4 0.259247 0.181594 0.037440 0.036425
4 0.147209 0.233019 0.070910 0.036425
4 0.665419 0.231947 0.039710 0.038568
4 0.251588 0.423181 0.086794 0.033211
4 0.442478 0.423181 0.246199 0.037497
4 0.330440 0.471927 0.246767 0.036425
4 0.234854 0.616022 0.055593 0.037497
4 0.222941 0.663696 0.031768 0.034283
4 0.270876 0.714585 0.125369 0.037497
1 0.213297 0.519066 0.010211 0.023569
1 0.213864 0.568347 0.010211 0.021427
2 0.045099 0.093209 0.042546 0.037497
0 0.037724 0.027857 0.018720 0.037497
0 0.953313 0.095352 0.050488 0.037497
0 0.892330 0.027857 0.023826 0.039639
0 0.926934 0.027322 0.022691 0.044996
0 0.964091 0.028393 0.023258 0.044996
0 0.867937 0.975456 0.074881 0.036425
0 0.946506 0.972777 0.070910 0.041782
0 0.657760 0.424252 0.022124 0.037497
0 0.075448 0.326761 0.061266 0.037497
0 0.176424 0.325154 0.100976 0.034283
0 0.278534 0.324618 0.070343 0.033211
0 0.348877 0.323547 0.043113 0.035354
0 0.417801 0.324082 0.060699 0.034283
0 0.490129 0.324618 0.047651 0.039639
0 0.556785 0.323011 0.052757 0.040711