4 0.237925 0.190984 0.085191 0.042019
0 0.968724 0.978298 0.062552 0.034329
0 0.896021 0.975750 0.072855 0.039583
2 0.663728 0.101467 0.040699 0.032343
0 0.082282 0.104247 0.161175 0.032878
2 0.114814 0.190453 0.159443 0.043326
0 0.976590 0.101668 0.046125 0.034079
0 0.268296 0.102919 0.114086 0.030472
2 0.294542 0.493155 0.124832 0.044663
0 0.358771 0.102660 0.050907 0.028109
0 0.186700 0.100580 0.031496 0.028394
0 0.405545 0.102427 0.027862 0.028464
0 0.485715 0.103908 0.114651 0.030498
4 0.580200 0.368628 0.693340 0.209010
0 0.015036 0.744729 0.026140 0.045415
4 0.159169 0.341467 0.031957 0.038038
0 0.042621 0.244618 0.029832 0.039899
0 0.934187 0.104422 0.020876 0.033304
2 0.592417 0.102073 0.086319 0.033632
0 0.014569 0.244133 0.024331 0.045374
4 0.158862 0.378827 0.032571 0.034792
1 0.323869 0.191216 0.011062 0.029163
0 0.014135 0.189314 0.023353 0.050718
0 0.019973 0.027018 0.019051 0.038038