0 0.420604 0.968749 0.021389 0.042288
2 0.726101 0.108420 0.038527 0.033961
1 0.253247 0.904225 0.015088 0.031651
0 0.270745 0.967793 0.020595 0.042425
0 0.130556 0.191053 0.023770 0.052787
0 0.653829 0.789744 0.059827 0.033371
4 0.499120 0.543047 0.081407 0.041810
0 0.376520 0.969162 0.021433 0.042575
2 0.098877 0.192589 0.019129 0.051243
0 0.398060 0.968812 0.021704 0.041985
4 0.497902 0.488994 0.079122 0.035847
0 0.081075 0.190901 0.020886 0.049906
0 0.247582 0.968335 0.022426 0.042933
4 0.571826 0.487920 0.029788 0.041556
1 0.253317 0.651831 0.015228 0.030535
0 0.033716 0.191031 0.020164 0.053185
1 0.253392 0.739946 0.015378 0.029463
0 0.008876 0.192093 0.017752 0.050234
0 0.292728 0.967060 0.020982 0.042175
1 0.253247 0.820433 0.013313 0.031520
1 0.253008 0.321937 0.015741 0.031713
1 0.359618 0.236621 0.014394 0.033837
0 0.975604 0.108472 0.048792 0.034957
1 0.253521 0.488963 0.013861 0.031824
0 0.197274 0.110223 0.143029 0.034557
1 0.253457 0.570045 0.013733 0.032566
2 0.657731 0.108351 0.082224 0.036348
0 0.437581 0.107554 0.104813 0.037510
1 0.253691 0.404100 0.012426 0.031520
1 0.253469 0.860326 0.014645 0.030535
0 0.326945 0.106928 0.098873 0.036329
1 0.253050 0.237350 0.015657 0.033376
1 0.462832 0.649480 0.013569 0.032058
0 0.600089 0.787112 0.025483 0.028390
1 0.253627 0.695578 0.014073 0.031693
1 0.252995 0.778045 0.015592 0.029615
1 0.253176 0.614344 0.014946 0.036407
1 0.253150 0.445250 0.014894 0.031962
1 0.252880 0.194833 0.015131 0.034382
1 0.253960 0.362386 0.012972 0.031992
1 0.253487 0.529908 0.013794 0.033855
0 0.553082 0.108011 0.111468 0.035884
1 0.359469 0.278727 0.012117 0.031672
1 0.252899 0.281278 0.015093 0.031015
1 0.359299 0.195884 0.014370 0.034904
0 0.063759 0.109629 0.085926 0.039369
0 0.682274 0.344718 0.018049 0.036226
2 0.049770 0.190918 0.018971 0.048348
0 0.546903 0.488094 0.015339 0.041905
0 0.510029 0.567320 0.369912 0.509403