0 0.382858 0.299530 0.021360 0.044664
0 0.567542 0.298142 0.022960 0.043342
2 0.292810 0.902796 0.317054 0.046971
0 0.594178 0.298436 0.021711 0.042519
1 0.040085 0.721782 0.016359 0.037405
1 0.039757 0.642869 0.015738 0.035645
0 0.206649 0.299061 0.022187 0.044149
0 0.620256 0.298293 0.022516 0.044298
0 0.257664 0.298627 0.021019 0.042668
0 0.232642 0.299838 0.021798 0.045047
0 0.019038 0.900185 0.024015 0.044759
0 0.307078 0.298691 0.020810 0.042913
0 0.350641 0.299127 0.022742 0.045917
0 0.894403 0.979589 0.070915 0.037102
0 0.535622 0.298309 0.024577 0.043177
0 0.079204 0.298516 0.022993 0.045019
0 0.968307 0.980318 0.063386 0.034553
0 0.154817 0.298681 0.023310 0.045096
0 0.506107 0.900276 0.022424 0.042859
2 0.415870 0.298970 0.032814 0.043243
0 0.484433 0.298049 0.020501 0.040312
0 0.180930 0.298617 0.022745 0.044793
0 0.045391 0.297060 0.023967 0.045607
4 0.107399 0.444004 0.045225 0.041967
4 0.240504 0.189005 0.083678 0.042221
1 0.040543 0.442998 0.016710 0.036084
0 0.104881 0.298525 0.019028 0.041342
4 0.214831 0.444511 0.081898 0.041410
0 0.482763 0.900364 0.023584 0.043425
1 0.039857 0.761905 0.016665 0.034863
2 0.663072 0.100216 0.039723 0.032282
2 0.277099 0.298011 0.019054 0.041840
4 0.107196 0.760964 0.044292 0.039841
0 0.976035 0.100832 0.047084 0.033501
1 0.039867 0.682828 0.015555 0.032849
2 0.117600 0.189091 0.163353 0.044324
1 0.039731 0.561757 0.016603 0.037174
0 0.122496 0.298618 0.020871 0.041969
0 0.018819 0.294065 0.023448 0.043949
2 0.453780 0.298185 0.033098 0.041894
0 0.406916 0.102430 0.028190 0.029937
0 0.087033 0.100483 0.156694 0.038056
1 0.040377 0.403332 0.016714 0.036056
0 0.361580 0.102522 0.049678 0.029296
4 0.067150 0.760958 0.037835 0.040963
0 0.271560 0.102134 0.114844 0.031826
0 0.934008 0.100072 0.017354 0.033423
4 0.107674 0.522526 0.044663 0.040764
4 0.107385 0.483806 0.045345 0.040756
1 0.040587 0.482732 0.016646 0.035373
0 0.188536 0.102609 0.033502 0.027803
4 0.337961 0.445626 0.170517 0.042880
1 0.040280 0.521310 0.017701 0.036571
0 0.768263 0.297818 0.022349 0.042273
4 0.107425 0.681789 0.044840 0.038803
0 0.485687 0.102918 0.116100 0.032499
4 0.107509 0.601719 0.044561 0.042307
4 0.216281 0.485898 0.080427 0.040456
4 0.106997 0.721297 0.045111 0.042518
4 0.158257 0.759921 0.038070 0.040254
4 0.158125 0.443975 0.039173 0.041709
4 0.541780 0.444310 0.057016 0.040333
1 0.039790 0.601360 0.017084 0.036859
4 0.107052 0.403083 0.044766 0.044634
0 0.697918 0.298522 0.112200 0.042649
4 0.215381 0.761623 0.080569 0.042062
0 0.592098 0.102754 0.085625 0.031814
4 0.215048 0.403933 0.081919 0.046566
4 0.876631 0.444482 0.076923 0.039018
4 0.337453 0.721838 0.166467 0.044837
4 0.157898 0.483496 0.039330 0.039563
4 0.541674 0.404157 0.056930 0.043013
4 0.067397 0.721655 0.038469 0.040822
4 0.216098 0.721611 0.078228 0.041070
0 0.326322 0.298839 0.017801 0.043865
4 0.214914 0.523572 0.081109 0.041023
4 0.067299 0.443663 0.036785 0.041650
4 0.107102 0.642521 0.045399 0.043457
4 0.107263 0.563138 0.045671 0.041704
4 0.542554 0.761038 0.059109 0.042895
4 0.337943 0.484910 0.166178 0.043833
0 0.019754 0.242211 0.024269 0.044326
4 0.337572 0.403564 0.170311 0.048994
4 0.214877 0.602746 0.081098 0.042264
4 0.631201 0.444561 0.080942 0.040561
4 0.067296 0.483205 0.038609 0.037909
4 0.214924 0.681814 0.080861 0.042162
4 0.158542 0.721182 0.038441 0.041562
4 0.877292 0.405022 0.075600 0.043526
4 0.158016 0.682233 0.038624 0.039724
4 0.216067 0.643189 0.081612 0.043041
4 0.449492 0.444290 0.058491 0.040008
4 0.630128 0.404153 0.079206 0.045215
4 0.796421 0.445107 0.090904 0.040973
4 0.067182 0.522244 0.037606 0.040591
4 0.796592 0.404318 0.090121 0.044469
4 0.541759 0.483995 0.057662 0.039310
4 0.630661 0.485956 0.082628 0.040004
4 0.157820 0.522221 0.039383 0.041107
4 0.216048 0.563400 0.081101 0.041883
4 0.495906 0.444312 0.036676 0.038994
4 0.158028 0.562922 0.039568 0.040420
4 0.449571 0.404286 0.057416 0.044263
4 0.158355 0.642205 0.038956 0.042912
4 0.876649 0.523067 0.076887 0.039465
4 0.337645 0.563897 0.166087 0.043815
4 0.067921 0.402603 0.035961 0.040643
2 0.503820 0.297238 0.017946 0.043270
4 0.067202 0.682100 0.036684 0.037923
4 0.066950 0.562412 0.039049 0.039458
4 0.337516 0.643538 0.165062 0.045132
4 0.495829 0.483459 0.037399 0.039120
4 0.157982 0.601550 0.039164 0.041921
4 0.338576 0.524560 0.170296 0.043779
4 0.712233 0.444652 0.082777 0.040878
4 0.495605 0.404262 0.036964 0.042262
4 0.337289 0.682785 0.170061 0.040540
4 0.541880 0.522353 0.057341 0.040443
4 0.158255 0.404022 0.038841 0.043567
4 0.067498 0.642941 0.037017 0.039771
4 0.496288 0.762620 0.036392 0.043946
4 0.877202 0.484472 0.076645 0.039544
4 0.630916 0.763942 0.080817 0.042507
2 0.326104 0.298221 0.017394 0.046359
1 0.325403 0.188984 0.016315 0.037064
4 0.877041 0.764700 0.076102 0.043400
4 0.542777 0.720629 0.060005 0.039572
4 0.067008 0.601750 0.037895 0.041988
4 0.797585 0.484428 0.091065 0.039997
4 0.796713 0.764764 0.089057 0.043271
4 0.796475 0.523910 0.091762 0.041199
4 0.542544 0.601765 0.058742 0.039397
4 0.542870 0.682600 0.059819 0.038084
4 0.336671 0.604132 0.169447 0.041734
4 0.712623 0.404593 0.083722 0.044009
4 0.876559 0.602015 0.076201 0.039514
4 0.542382 0.642944 0.059066 0.041052
4 0.450183 0.483699 0.059011 0.040555
4 0.336579 0.762800 0.169947 0.042763
4 0.877657 0.721317 0.076797 0.039845
0 0.058206 0.030397 0.028657 0.035768
4 0.541588 0.563335 0.057545 0.039748
4 0.631243 0.523337 0.081968 0.040229
4 0.877519 0.563512 0.076875 0.039994
4 0.496535 0.720363 0.036731 0.039850
4 0.581620 0.443729 0.021078 0.039423
4 0.495944 0.522473 0.036910 0.039508
4 0.796311 0.563566 0.089247 0.039883
4 0.712530 0.486210 0.083981 0.039597
4 0.631956 0.563431 0.082674 0.041146
4 0.631079 0.643747 0.080669 0.041899
4 0.631100 0.601695 0.080883 0.039176
4 0.631272 0.721472 0.080293 0.041108
4 0.796928 0.721311 0.088203 0.039649
4 0.877257 0.644734 0.074804 0.044261
4 0.877041 0.684328 0.076102 0.041551
4 0.795679 0.601678 0.090371 0.044261
4 0.796544 0.642777 0.088641 0.045164
4 0.796760 0.682522 0.089073 0.041551
4 0.711578 0.525350 0.081290 0.045164
4 0.712659 0.564191 0.081723 0.039745
4 0.712443 0.603033 0.083020 0.045164
4 0.712011 0.643681 0.083885 0.046971
4 0.712227 0.684780 0.083452 0.042454
4 0.712011 0.723170 0.083885 0.043358
4 0.712875 0.762011 0.083885 0.043358
4 0.631153 0.683425 0.083020 0.043358
4 0.580995 0.404912 0.022485 0.041551
4 0.580562 0.483949 0.022485 0.044261
4 0.580346 0.524597 0.022052 0.042454
4 0.580130 0.564794 0.022485 0.045164
4 0.581211 0.603635 0.021187 0.041551
4 0.580779 0.641573 0.021187 0.041551
4 0.581427 0.683576 0.019890 0.040648
4 0.581427 0.722869 0.021620 0.043358
4 0.581211 0.763065 0.020323 0.042454
4 0.449403 0.524447 0.060535 0.046971
4 0.448970 0.564643 0.060535 0.044261
4 0.495669 0.563740 0.034592 0.044261
4 0.449835 0.604839 0.060535 0.045164
4 0.495885 0.604839 0.036754 0.039745
4 0.449619 0.645939 0.060103 0.042454
4 0.495020 0.645487 0.035024 0.041551
4 0.449403 0.683425 0.059671 0.043358
4 0.496101 0.683877 0.035456 0.040648
4 0.449835 0.724073 0.057941 0.045164
4 0.448970 0.764721 0.057941 0.043358
0 0.018564 0.187820 0.021870 0.052061