4 0.286898 0.309948 0.040823 0.043299
4 0.309501 0.814275 0.085391 0.044964
4 0.498501 0.814538 0.086276 0.044922
4 0.286952 0.713783 0.040487 0.044868
4 0.498011 0.765736 0.085714 0.043784
4 0.286677 0.410772 0.039562 0.045226
4 0.476115 0.308942 0.040362 0.043011
4 0.497999 0.513103 0.085843 0.044890
4 0.286501 0.613600 0.040482 0.045177
4 0.286669 0.259313 0.039972 0.049630
4 0.283617 0.462470 0.034700 0.050310
4 0.475771 0.613388 0.039991 0.044897
4 0.475690 0.410261 0.039277 0.042985
4 0.339649 0.210421 0.146815 0.044102
4 0.309741 0.764947 0.085279 0.044902
4 0.472600 0.460865 0.033804 0.045937
4 0.316768 0.564862 0.099818 0.046574
4 0.475937 0.713947 0.040542 0.046547
4 0.309017 0.514208 0.085858 0.041621
0 0.358166 0.514155 0.018362 0.039223
4 0.505430 0.564108 0.101458 0.046416
4 0.475952 0.157280 0.040672 0.047547
4 0.287588 0.158420 0.037868 0.046515
0 0.970699 0.974345 0.052587 0.040804
4 0.529512 0.209808 0.147415 0.045160
0 0.220722 0.101654 0.100854 0.034384
4 0.304986 0.359625 0.078406 0.048031
4 0.476180 0.258821 0.039784 0.047020
0 0.615757 0.814043 0.031663 0.045197
0 0.083866 0.101431 0.151734 0.037278
4 0.495038 0.359531 0.079467 0.047060
0 0.359966 0.102656 0.166717 0.036736
2 0.564654 0.099965 0.039833 0.032950
0 0.615456 0.159880 0.031357 0.048849
0 0.495436 0.102043 0.083864 0.034870
0 0.615940 0.209348 0.030599 0.042559
0 0.615853 0.310008 0.031493 0.041919
0 0.616183 0.411624 0.029885 0.041555
0 0.972959 0.100317 0.049969 0.042106
0 0.616191 0.614410 0.030292 0.043599
0 0.616105 0.512631 0.030313 0.043071
0 0.615589 0.663673 0.031107 0.045543
0 0.615564 0.714128 0.031665 0.044619
0 0.615510 0.561636 0.031438 0.050283
0 0.615491 0.764256 0.031200 0.044982
0 0.616213 0.360469 0.029673 0.048216
0 0.616074 0.263084 0.029364 0.046136
0 0.615710 0.462666 0.030918 0.043650
0 0.275811 0.663901 0.014749 0.036908