1 0.657108 0.460501 0.013566 0.028671
1 0.909132 0.537096 0.014135 0.031160
1 0.656890 0.538257 0.013493 0.028194
1 0.909321 0.573538 0.014597 0.031941
1 0.909204 0.458817 0.014707 0.032296
1 0.909145 0.650518 0.014424 0.031343
1 0.627677 0.538131 0.012143 0.029176
1 0.657609 0.650415 0.014249 0.029513
1 0.656691 0.574250 0.013082 0.027593
1 0.627880 0.573542 0.012479 0.027291
1 0.908750 0.498183 0.013705 0.035169
1 0.628297 0.459715 0.012668 0.028606
1 0.908520 0.421352 0.015326 0.034304
1 0.656486 0.610400 0.013660 0.029924
1 0.656798 0.423829 0.013819 0.029908
1 0.657087 0.498340 0.014199 0.030964
4 0.273234 0.181299 0.277385 0.045809
4 0.544788 0.650571 0.089263 0.037800
0 0.185456 0.093417 0.027517 0.030042
0 0.128534 0.092574 0.071765 0.036681
1 0.035109 0.459787 0.014813 0.034381
1 0.034947 0.537205 0.014394 0.031503
0 0.056828 0.093197 0.060141 0.035134
1 0.034867 0.574422 0.014090 0.034316
1 0.627444 0.609348 0.013153 0.031767
0 0.079198 0.276318 0.108456 0.048117
4 0.544393 0.536862 0.090367 0.037788
1 0.628065 0.424348 0.013525 0.030459
4 0.705120 0.650530 0.072133 0.039475
1 0.627512 0.650161 0.012639 0.030495
1 0.034861 0.422817 0.014557 0.032510
1 0.909442 0.611765 0.014779 0.034909
4 0.544564 0.570802 0.089321 0.038527
4 0.706021 0.684245 0.072259 0.036534
4 0.544727 0.687244 0.088365 0.039568
1 0.034478 0.650847 0.013989 0.031179
0 0.347451 0.092665 0.081033 0.035603
4 0.855313 0.650585 0.085635 0.037905
4 0.741428 0.536994 0.145025 0.038587
0 0.222366 0.092846 0.033617 0.029942
2 0.615211 0.092584 0.033548 0.032379
1 0.908781 0.688165 0.015791 0.032233
4 0.705119 0.570286 0.073099 0.038664
4 0.545021 0.458740 0.089769 0.038574
4 0.853931 0.571068 0.084799 0.038459
4 0.855009 0.686068 0.085991 0.036735
0 0.431799 0.093398 0.073573 0.033695
4 0.543437 0.496612 0.091069 0.043499
4 0.854068 0.536297 0.084525 0.038090
1 0.034909 0.499335 0.015118 0.034149
0 0.274387 0.093088 0.052895 0.033425
1 0.656479 0.689083 0.011702 0.025363
1 0.034922 0.611219 0.013837 0.033622
4 0.544408 0.608582 0.089608 0.044706
4 0.601473 0.537473 0.028559 0.033965
0 0.513196 0.092180 0.072507 0.033713
4 0.705213 0.611358 0.073875 0.039316
4 0.601486 0.570351 0.028643 0.035137
1 0.627891 0.498672 0.013235 0.031807
4 0.777740 0.458297 0.074070 0.039463
4 0.545086 0.421983 0.092016 0.042337
4 0.601594 0.650321 0.028642 0.033830
4 0.601155 0.458184 0.028346 0.035452
0 0.573731 0.091993 0.034162 0.030673
0 0.964337 0.092452 0.044053 0.036744
4 0.601269 0.607604 0.028788 0.042450
4 0.601204 0.497135 0.028535 0.039558
4 0.191119 0.536610 0.180198 0.040335
4 0.391021 0.537648 0.225406 0.039843
4 0.389883 0.459971 0.223686 0.041804
4 0.854172 0.611973 0.085281 0.042579
4 0.390749 0.423159 0.220991 0.044519
4 0.741428 0.537093 0.001445 0.033965
4 0.390153 0.497642 0.223147 0.045049
4 0.191666 0.572416 0.181993 0.042011
4 0.601243 0.686642 0.026850 0.036106
4 0.854688 0.458308 0.084248 0.039031
4 0.191119 0.498136 0.180198 0.043625
4 0.191955 0.419330 0.180906 0.045255
1 0.034464 0.687939 0.014891 0.033293
4 0.854691 0.496626 0.085205 0.042181
4 0.391231 0.571930 0.221955 0.040668
4 0.191736 0.650064 0.180469 0.042885
4 0.390873 0.649600 0.222342 0.042891
4 0.190723 0.459944 0.180989 0.041916
1 0.627603 0.688773 0.012453 0.029088
4 0.777805 0.419559 0.073235 0.041422
4 0.931725 0.688497 0.025072 0.035211
4 0.705675 0.458739 0.071988 0.036580
0 0.229696 0.277501 0.185556 0.048973
4 0.600997 0.423407 0.026723 0.036021
4 0.777564 0.497488 0.072754 0.041141
4 0.931779 0.650270 0.024174 0.035238
4 0.704974 0.421713 0.072426 0.040520
4 0.390125 0.609957 0.224167 0.046833
4 0.391099 0.689938 0.220718 0.044517
4 0.191119 0.610500 0.178270 0.045290
4 0.192082 0.690591 0.182125 0.043276
4 0.854468 0.422266 0.083725 0.039767
4 0.705670 0.498360 0.072961 0.037044
4 0.931569 0.536888 0.023010 0.034484
4 0.931306 0.459306 0.023232 0.035153
4 0.932155 0.572237 0.023189 0.034083
4 0.776841 0.574326 0.073235 0.039093
4 0.776600 0.610161 0.072754 0.041265
4 0.776359 0.649253 0.072272 0.036921
4 0.777323 0.686174 0.073235 0.036921
4 0.932466 0.421212 0.022163 0.041265
4 0.932466 0.499398 0.022163 0.045608
4 0.932707 0.611789 0.023609 0.042351
4 0.143238 0.228107 0.020989 0.038356