0 0.019367 0.336849 0.021091 0.037954
4 0.469979 0.433002 0.034150 0.035484
0 0.903637 0.974863 0.066295 0.036633
4 0.593302 0.433396 0.078873 0.037395
0 0.348504 0.343105 0.020961 0.039164
4 0.427890 0.432662 0.053331 0.038524
0 0.515782 0.342451 0.019577 0.038060
0 0.020865 0.205576 0.023549 0.034004
4 0.469990 0.504901 0.034469 0.035889
4 0.512543 0.433203 0.052617 0.036529
0 0.318574 0.343499 0.020937 0.039261
0 0.970555 0.977281 0.057885 0.036009
4 0.511688 0.504993 0.052711 0.036980
4 0.470121 0.606357 0.034697 0.035079
4 0.590619 0.505122 0.075631 0.037534
1 0.039280 0.708400 0.014852 0.028965
4 0.469840 0.536710 0.034963 0.034347
4 0.591259 0.708691 0.077041 0.035163
4 0.470081 0.469084 0.034166 0.037540
0 0.695852 0.343458 0.020918 0.038613
4 0.427680 0.505049 0.052597 0.037487
0 0.235308 0.341797 0.017898 0.036258
4 0.592145 0.607101 0.078375 0.035560
0 0.538237 0.341720 0.020815 0.037284
4 0.511867 0.536832 0.052742 0.034870
4 0.469968 0.708149 0.034945 0.034925
4 0.591601 0.537147 0.077252 0.034951
4 0.428222 0.468666 0.052982 0.038510
4 0.511859 0.468781 0.052555 0.038400
4 0.470125 0.744013 0.034923 0.038361
4 0.470004 0.640775 0.034782 0.037166
4 0.590466 0.676142 0.075124 0.035145
0 0.633427 0.343689 0.097850 0.040282
0 0.370366 0.084612 0.022808 0.027602
4 0.591945 0.641286 0.078259 0.037611
4 0.592986 0.469295 0.078639 0.037461
0 0.328582 0.084047 0.044178 0.029709
4 0.512082 0.606525 0.052990 0.035937
0 0.562626 0.342148 0.020824 0.038076
4 0.427801 0.606536 0.053167 0.037264
4 0.469882 0.570819 0.034837 0.037640
0 0.280105 0.342716 0.018115 0.038012
0 0.485815 0.342730 0.021819 0.039720
4 0.591489 0.572688 0.076444 0.037021
4 0.427480 0.537239 0.053379 0.035181
1 0.038924 0.675074 0.015074 0.028561
4 0.591116 0.744143 0.077292 0.038690
0 0.083063 0.084982 0.139973 0.032019
4 0.511929 0.708252 0.053048 0.035422
4 0.327940 0.504960 0.151735 0.036677
4 0.512363 0.744067 0.052853 0.039403
4 0.427407 0.708746 0.053585 0.036643
4 0.511988 0.641233 0.052640 0.038246
4 0.427743 0.641401 0.053476 0.037972
4 0.470106 0.675078 0.034755 0.035307
4 0.511620 0.571051 0.052178 0.038949
4 0.428248 0.744338 0.053408 0.038497
4 0.740593 0.709313 0.082060 0.035647
4 0.665090 0.745672 0.075082 0.036002
4 0.665372 0.676216 0.074780 0.039021
4 0.511946 0.674195 0.052917 0.037218
0 0.439256 0.085569 0.106336 0.031640
0 0.246773 0.084284 0.105530 0.031860
4 0.665144 0.641224 0.074324 0.038482
4 0.428113 0.570877 0.053085 0.039322
0 0.215118 0.343331 0.016756 0.034061
4 0.948597 0.708861 0.070760 0.035877
4 0.327280 0.606889 0.150415 0.036604
4 0.427704 0.674410 0.053517 0.037588
0 0.174522 0.085515 0.027203 0.027715
4 0.740890 0.675185 0.080017 0.037587
4 0.741566 0.433442 0.083674 0.038400
4 0.740242 0.607585 0.081473 0.037005
4 0.813121 0.709042 0.070567 0.036124
4 0.740152 0.505018 0.081017 0.036836
4 0.740596 0.641345 0.079368 0.037688
1 0.038961 0.743422 0.015655 0.029177
4 0.328137 0.641651 0.152128 0.039335
4 0.327947 0.675811 0.151066 0.037754
4 0.665195 0.505164 0.070682 0.036958
2 0.600248 0.083884 0.035726 0.027825
4 0.741019 0.744601 0.079780 0.038376
4 0.949650 0.675718 0.068884 0.034577
4 0.739753 0.469363 0.079987 0.036077
4 0.813221 0.675321 0.069601 0.037318
4 0.327553 0.571943 0.152014 0.036759
4 0.948703 0.607073 0.071102 0.036058
4 0.665514 0.607124 0.073335 0.036359
4 0.865746 0.708411 0.039580 0.035709
4 0.814042 0.607149 0.070608 0.036079
4 0.739959 0.537512 0.081533 0.034862
4 0.812684 0.505329 0.068309 0.035909
4 0.740731 0.572337 0.078921 0.036749
4 0.948757 0.641218 0.071340 0.037785
4 0.949480 0.572239 0.068631 0.035156
2 0.100934 0.163536 0.131094 0.041196
4 0.949049 0.434167 0.069472 0.037683
4 0.665348 0.572765 0.071274 0.037828
0 0.440557 0.342942 0.018049 0.037165
4 0.666985 0.469441 0.070737 0.037278
4 0.948788 0.468941 0.069323 0.034136
4 0.327315 0.709302 0.150864 0.036750
4 0.813045 0.744259 0.069922 0.038220
4 0.814077 0.641606 0.070770 0.037016
4 0.948615 0.505156 0.071110 0.036554
4 0.865642 0.674953 0.039503 0.036094
4 0.865583 0.743970 0.039453 0.038327
4 0.665404 0.537012 0.072250 0.035054
4 0.812715 0.434681 0.068271 0.037396
0 0.113724 0.446299 0.140400 0.032558
4 0.948896 0.744015 0.070429 0.038581
0 0.977259 0.084751 0.042426 0.028659
4 0.665501 0.433006 0.069627 0.038239
4 0.546590 0.433645 0.018548 0.034500
4 0.865568 0.640838 0.039611 0.037301
4 0.813444 0.537242 0.069745 0.034440
4 0.900436 0.744011 0.030410 0.037928
4 0.865558 0.606788 0.039753 0.035428
0 0.174183 0.161889 0.015597 0.033799
4 0.812704 0.469797 0.068705 0.035826
4 0.900649 0.708195 0.031436 0.034542
4 0.864601 0.470143 0.040380 0.035272
4 0.948664 0.537057 0.071422 0.034860
4 0.327893 0.537401 0.149532 0.036629
4 0.900219 0.676100 0.032707 0.034716
4 0.900410 0.640637 0.031057 0.036725
4 0.865461 0.505185 0.039672 0.035637
4 0.546664 0.468997 0.018653 0.037789
0 0.119047 0.315540 0.160682 0.042560
4 0.812569 0.572319 0.069097 0.035582
4 0.864761 0.572575 0.040392 0.035655
4 0.327020 0.744231 0.149958 0.039968
4 0.863907 0.434712 0.037165 0.036025
4 0.327200 0.432932 0.150126 0.037284
0 0.113311 0.534338 0.135720 0.031176
4 0.899511 0.434502 0.031585 0.036499
4 0.865349 0.536914 0.040000 0.034434
4 0.329012 0.468833 0.151771 0.038596
4 0.900656 0.606833 0.031358 0.034180
4 0.900197 0.572688 0.032326 0.035200
4 0.546958 0.536819 0.017822 0.033679
0 0.219812 0.162584 0.077474 0.038116
0 0.020913 0.164112 0.024997 0.044512
0 0.105179 0.401244 0.119457 0.027207
2 0.536446 0.085007 0.077010 0.027711
4 0.899917 0.469192 0.033532 0.034374
4 0.900020 0.536497 0.030073 0.033425
1 0.039278 0.640888 0.015350 0.027000
4 0.546698 0.640065 0.017797 0.035466
0 0.102063 0.491585 0.115152 0.034336
4 0.664999 0.713712 0.074899 0.034825
4 0.899858 0.505243 0.029835 0.034764
4 0.546690 0.743869 0.018105 0.038661
4 0.545426 0.674825 0.018971 0.038933
4 0.546605 0.570993 0.018447 0.038371
4 0.546880 0.505224 0.018317 0.034363
4 0.546990 0.708720 0.017717 0.034022
4 0.546933 0.607084 0.018058 0.033649
4 0.990836 0.470446 0.018327 0.032811
0 0.105035 0.269362 0.128805 0.035637
4 0.991154 0.639253 0.017334 0.037565
4 0.991095 0.707377 0.017590 0.035368
4 0.990692 0.677083 0.018616 0.033189
0 0.113868 0.231525 0.147434 0.024051
0 0.103268 0.358194 0.125271 0.029823
0 0.106641 0.578501 0.119489 0.027899
0 0.939533 0.088662 0.018309 0.025013
4 0.992426 0.438874 0.015148 0.037125
4 0.991338 0.504922 0.016431 0.036262
4 0.991129 0.541183 0.017742 0.037988
4 0.991345 0.574855 0.017310 0.039715
4 0.991345 0.607663 0.017310 0.037988
4 0.991122 0.745658 0.016863 0.040578
2 0.458123 0.345436 0.015614 0.043648
2 0.411592 0.347930 0.028730 0.038660
2 0.377241 0.344813 0.031229 0.039907
2 0.296671 0.345436 0.016239 0.043648
2 0.251702 0.346060 0.017488 0.039907
1 0.296671 0.165855 0.012491 0.026189