1 0.894406 0.830353 0.019904 0.039713
1 0.894352 0.911503 0.021168 0.041233
1 0.894478 0.870377 0.019694 0.038826
0 0.897905 0.984108 0.069360 0.031783
2 0.480443 0.730745 0.177674 0.045297
1 0.285328 0.870120 0.018413 0.035912
0 0.184152 0.349419 0.020444 0.044476
0 0.069074 0.348797 0.021987 0.041689
1 0.306911 0.869113 0.019276 0.038010
1 0.306337 0.829667 0.020237 0.037371
1 0.285313 0.911192 0.016940 0.035133
0 0.043911 0.349081 0.021363 0.041121
0 0.102920 0.347450 0.023828 0.042149
1 0.285207 0.829896 0.017402 0.034983
1 0.307857 0.911991 0.019589 0.038152
0 0.968717 0.987435 0.062237 0.025130
2 0.014736 0.349737 0.029026 0.046041
0 0.601504 0.105928 0.051789 0.033048
0 0.414363 0.102580 0.047310 0.030046
0 0.726769 0.104056 0.112986 0.032566
0 0.506712 0.105529 0.120540 0.029521
0 0.282880 0.103878 0.087761 0.030607
0 0.358966 0.102644 0.045663 0.029604
2 0.811062 0.103230 0.038638 0.033829
0 0.217071 0.101885 0.028807 0.028212
2 0.361300 0.169353 0.159606 0.038852
4 0.379788 0.827453 0.041421 0.039400
4 0.791417 0.828609 0.122235 0.046531
0 0.106683 0.104956 0.176876 0.034353
0 0.936164 0.105174 0.019315 0.035481
4 0.756283 0.168556 0.214396 0.044005
4 0.140154 0.584656 0.250703 0.045227
4 0.520371 0.830391 0.141778 0.049449
0 0.134186 0.350037 0.021345 0.048472
4 0.140154 0.545318 0.250703 0.045344
0 0.910743 0.106020 0.017743 0.036217
0 0.647920 0.105060 0.026597 0.031418
4 0.961140 0.828030 0.077594 0.044054
4 0.865799 0.730525 0.268400 0.046725
0 0.976453 0.102986 0.047093 0.034219
4 0.793646 0.874862 0.119759 0.043158
4 0.141787 0.624992 0.248904 0.045349
4 0.791920 0.914925 0.123594 0.042014
4 0.141658 0.664402 0.249943 0.044641
4 0.140239 0.463820 0.250873 0.045083
1 0.412492 0.912407 0.020346 0.037858
1 0.411423 0.828764 0.017869 0.034732
0 0.536628 0.223028 0.073468 0.042759
4 0.337536 0.827168 0.044736 0.040678
4 0.379818 0.871606 0.041547 0.042807
4 0.338367 0.914031 0.041288 0.046566
4 0.960888 0.909912 0.078098 0.044304
0 0.387071 0.494996 0.116043 0.037214
4 0.975831 0.169466 0.048338 0.044839
0 0.366813 0.391597 0.157015 0.036191
4 0.379932 0.916240 0.041029 0.046211
4 0.481998 0.169799 0.085850 0.045492
0 0.351873 0.444235 0.125360 0.034657
4 0.520996 0.874661 0.144276 0.043242
4 0.660074 0.827920 0.142625 0.044240
0 0.386639 0.544542 0.113403 0.036947
0 0.373022 0.645113 0.162333 0.036867
4 0.141380 0.704959 0.250498 0.045404
1 0.412557 0.869724 0.019246 0.037851
0 0.344458 0.595117 0.108756 0.037785
4 0.139199 0.743344 0.251042 0.045689
4 0.339193 0.868338 0.041335 0.046005
4 0.521621 0.910843 0.143027 0.042180
0 0.305691 0.542324 0.030182 0.034205
4 0.438372 0.827863 0.025228 0.037149
0 0.352164 0.240573 0.124167 0.039250
4 0.961236 0.868225 0.077528 0.045274
0 0.306494 0.495614 0.032038 0.035275
4 0.661363 0.914273 0.138956 0.043317
4 0.140025 0.504776 0.248712 0.040761
2 0.153605 0.349410 0.017493 0.044188
0 0.354205 0.288782 0.133576 0.032006
0 0.357090 0.337732 0.136682 0.039536
4 0.138748 0.783913 0.247892 0.045310
4 0.139592 0.824361 0.246898 0.044026
4 0.140168 0.865788 0.248627 0.041274
4 0.437928 0.870352 0.026857 0.043720
4 0.438240 0.910760 0.027481 0.039745
4 0.661524 0.873001 0.140528 0.046370
4 0.867529 0.832594 0.031229 0.042395
4 0.867841 0.870352 0.031853 0.041070
4 0.868465 0.910097 0.031853 0.043720
0 0.655815 0.219355 0.132743 0.041343
0 0.765645 0.219914 0.059524 0.037991
1 0.006584 0.464059 0.012115 0.023465