0 0.558580 0.664221 0.022434 0.038433
0 0.607703 0.665392 0.061695 0.037703
0 0.254565 0.862089 0.113218 0.044557
4 0.220870 0.685746 0.050885 0.040782
2 0.181816 0.108903 0.141596 0.033966
2 0.769844 0.688190 0.159800 0.048742
4 0.548990 0.581362 0.104863 0.040389
0 0.964394 0.973630 0.070815 0.042227
4 0.826385 0.636166 0.249131 0.040374
2 0.051254 0.108311 0.087545 0.032711
2 0.319958 0.107026 0.094885 0.033375
2 0.526511 0.508703 0.178541 0.045235
0 0.013146 0.971742 0.026292 0.041213
0 0.968695 0.111804 0.020510 0.038310
0 0.613637 0.424683 0.017876 0.033701
0 0.592707 0.582373 0.015783 0.036410
0 0.640503 0.424746 0.017620 0.032531
0 0.062951 0.029139 0.031578 0.037946
0 0.234893 0.686666 0.018841 0.039332
0 0.051741 0.105922 0.088844 0.033046
0 0.940434 0.637271 0.014884 0.034695
1 0.199682 0.739909 0.011346 0.022842
5 0.499705 0.543829 0.310324 0.302570