4 0.400904 0.462424 0.437632 0.329044
4 0.712538 0.881811 0.041081 0.040570
4 0.720333 0.654892 0.056691 0.039804
2 0.326130 0.102972 0.105674 0.035938
4 0.251817 0.707094 0.137043 0.044617
4 0.226775 0.830258 0.086228 0.046015
4 0.296164 0.656935 0.230326 0.042609
2 0.966326 0.104122 0.034096 0.044457
2 0.186371 0.104482 0.141393 0.037368
0 0.958599 0.969912 0.072043 0.040604
4 0.724809 0.829736 0.065033 0.043050
0 0.019027 0.969477 0.029767 0.044361
0 0.260602 0.830005 0.016648 0.037102
0 0.056971 0.102978 0.090189 0.036282
0 0.740581 0.655069 0.014912 0.036905
0 0.091745 0.251717 0.136331 0.050332
0 0.200295 0.249305 0.051327 0.050569
0 0.311209 0.708217 0.019469 0.040455