4 0.370092 0.651315 0.045003 0.034076
4 0.369428 0.604725 0.045588 0.035946
4 0.210784 0.166707 0.136531 0.041361
4 0.361670 0.513351 0.030781 0.037335
4 0.390222 0.560181 0.087221 0.040994
4 0.157833 0.211821 0.027052 0.035664
0 0.693429 0.750174 0.083715 0.040849
0 0.099022 0.086393 0.079398 0.029450
0 0.617155 0.751366 0.056675 0.035889
1 0.814993 0.588652 0.011283 0.024850
0 0.378850 0.165644 0.020292 0.037821
0 0.278307 0.086743 0.076970 0.030391
0 0.282266 0.382604 0.101606 0.034430
0 0.420172 0.166161 0.018962 0.036376
0 0.898275 0.971227 0.067989 0.041910
0 0.760302 0.749505 0.039362 0.036242
4 0.190078 0.255536 0.094224 0.039446
0 0.400558 0.166059 0.019257 0.036418
4 0.458949 0.468221 0.225442 0.041677
0 0.968175 0.971032 0.059450 0.032623
0 0.441558 0.166115 0.019732 0.036530
0 0.972504 0.086199 0.046612 0.033238
0 0.190313 0.086720 0.085649 0.032381
4 0.166381 0.302310 0.044539 0.038241
1 0.814709 0.840285 0.012495 0.027145
0 0.463418 0.166859 0.022451 0.036353
1 0.815880 0.554684 0.009341 0.019898
0 0.025929 0.086273 0.051858 0.032744
4 0.459816 0.425624 0.226760 0.033686
1 0.784004 0.908991 0.012973 0.030312
1 0.815438 0.657600 0.010828 0.025171
1 0.720812 0.909526 0.013313 0.031070
1 0.815479 0.767154 0.010901 0.022106
1 0.816085 0.692738 0.010908 0.024280
1 0.813368 0.909339 0.015135 0.030921
1 0.751817 0.909926 0.013900 0.030662
1 0.814486 0.875042 0.013519 0.027132
1 0.815714 0.516796 0.011698 0.023072
1 0.721098 0.875424 0.013096 0.027607
1 0.815759 0.732230 0.010499 0.026062
1 0.752265 0.875227 0.015019 0.027163
1 0.784205 0.875897 0.013657 0.025007
1 0.814847 0.622584 0.011802 0.025331
1 0.006852 0.590405 0.013547 0.030922
1 0.815560 0.484127 0.012161 0.022052
1 0.006649 0.554221 0.013255 0.032053
2 0.343577 0.086256 0.034542 0.028970
0 0.786850 0.304384 0.019664 0.034571
1 0.006651 0.731927 0.013262 0.031287
1 0.007101 0.767731 0.014085 0.030694
1 0.007167 0.840478 0.014120 0.030518
1 0.814668 0.800164 0.011835 0.027073
1 0.006569 0.659917 0.013025 0.028167
1 0.006969 0.803047 0.013891 0.035177
0 0.170030 0.396599 0.034718 0.032006
0 0.404867 0.382066 0.121436 0.036812
0 0.558997 0.381071 0.160275 0.034822
5 0.493639 0.527962 0.611173 0.501811