4 0.387053 0.496615 0.388907 0.280201
4 0.215464 0.830273 0.044869 0.035605
0 0.244684 0.976309 0.094142 0.040754
2 0.771967 0.831336 0.138064 0.040193
2 0.264105 0.088797 0.087188 0.030177
4 0.810995 0.787466 0.213606 0.042660
2 0.148270 0.089861 0.115912 0.031776
0 0.041367 0.089165 0.072699 0.031281
0 0.993497 0.089022 0.012495 0.031738
1 0.200294 0.875340 0.012400 0.022686
0 0.062948 0.296170 0.092183 0.040156
0 0.150917 0.292154 0.063738 0.039008
0 0.248104 0.295023 0.109566 0.042450
0 0.032396 0.211270 0.038453 0.035566
0 0.120365 0.212417 0.116414 0.040156
0 0.230678 0.830281 0.015339 0.034694
0 0.909440 0.785950 0.015929 0.038549