4 0.413432 0.572285 0.439602 0.324264
0 0.962191 0.974084 0.070566 0.039953
2 0.324498 0.106388 0.104797 0.035521
2 0.182367 0.106234 0.143084 0.037054
4 0.807325 0.917759 0.247969 0.048756
0 0.014493 0.975197 0.027187 0.048522
2 0.968874 0.110569 0.031211 0.046985
0 0.051126 0.105481 0.086793 0.034416
0 0.920049 0.916173 0.020344 0.042130
0 0.041979 0.253917 0.043113 0.036147
0 0.148438 0.251507 0.138794 0.037754
0 0.075448 0.330629 0.107027 0.038557
0 0.183231 0.329826 0.072990 0.038557
0 0.306520 0.329424 0.139551 0.042573