1 0.951443 0.862083 0.015223 0.035582
1 0.890814 0.865133 0.014258 0.029280
1 0.951099 0.822425 0.014358 0.032656
4 0.199848 0.354883 0.038248 0.043995
1 0.951240 0.902653 0.015107 0.032495
1 0.890531 0.826901 0.014056 0.026991
4 0.199429 0.478744 0.036602 0.045619
0 0.980298 0.639768 0.022673 0.044024
4 0.311556 0.743818 0.094705 0.043178
4 0.311215 0.865381 0.093427 0.043409
4 0.311285 0.906375 0.093134 0.042191
0 0.017661 0.639404 0.022542 0.045784
4 0.806949 0.865414 0.114533 0.045512
4 0.310925 0.824051 0.093919 0.043664
1 0.015048 0.906811 0.015241 0.030833
2 0.965573 0.103066 0.033721 0.044050
0 0.956082 0.967240 0.071578 0.043194
4 0.222290 0.743876 0.090362 0.042833
4 0.807030 0.906648 0.114425 0.042801
0 0.117435 0.640600 0.163730 0.044418
4 0.806194 0.824362 0.115068 0.044210
4 0.311219 0.784523 0.093568 0.041578
1 0.890809 0.905748 0.015028 0.026827
4 0.387744 0.824307 0.061991 0.043023
1 0.014652 0.700213 0.016414 0.032409
4 0.221357 0.824126 0.093450 0.043163
2 0.324106 0.100837 0.105519 0.035033
4 0.387216 0.743378 0.063359 0.044194
1 0.890510 0.787241 0.014202 0.029452
0 0.017330 0.967972 0.028931 0.043160
1 0.014067 0.864670 0.014877 0.033752
0 0.055616 0.099813 0.084936 0.032287
4 0.220758 0.865519 0.094211 0.043598
4 0.579771 0.865679 0.124254 0.045731
4 0.579186 0.907332 0.123283 0.043653
4 0.467245 0.743829 0.104243 0.043729
1 0.951291 0.782694 0.014961 0.038887
4 0.467629 0.824444 0.102092 0.044324
4 0.221997 0.784037 0.091381 0.042074
4 0.387589 0.865477 0.062012 0.042796
4 0.467544 0.865824 0.102981 0.044709
1 0.951408 0.743263 0.014281 0.035367
4 0.387751 0.906024 0.061789 0.040005
4 0.386818 0.783562 0.061840 0.039337
4 0.578085 0.745367 0.125866 0.043493
1 0.013996 0.824334 0.015054 0.035848
4 0.467957 0.907500 0.101514 0.043945
4 0.805905 0.784271 0.114705 0.043531
4 0.245167 0.479217 0.051325 0.044307
1 0.890555 0.747130 0.013602 0.029110
4 0.579844 0.824293 0.124250 0.044437
4 0.578260 0.784979 0.126368 0.047070
4 0.805873 0.743411 0.113438 0.044249
2 0.186790 0.100453 0.140144 0.033678
1 0.015259 0.745816 0.015662 0.031484
4 0.467259 0.784613 0.103924 0.042862
1 0.015057 0.786477 0.014082 0.030210
0 0.091927 0.247915 0.134963 0.048489
4 0.220027 0.906236 0.091544 0.042589
1 0.188408 0.533477 0.013852 0.033555
0 0.030088 0.029330 0.024779 0.042984
0 0.198820 0.249937 0.050737 0.051833