4 0.401344 0.286753 0.379155 0.133326
4 0.818847 0.542391 0.031214 0.031277
4 0.269765 0.504713 0.117088 0.035641
4 0.272913 0.413379 0.119922 0.034905
4 0.227714 0.581150 0.032032 0.032476
4 0.228520 0.689506 0.031606 0.036494
4 0.828173 0.375742 0.049309 0.030976
4 0.845886 0.935500 0.086965 0.033032
4 0.228216 0.782174 0.031209 0.032211
4 0.227538 0.543238 0.032681 0.030638
4 0.818674 0.782173 0.030536 0.032954
4 0.818912 0.579957 0.032171 0.033585
2 0.383081 0.077799 0.087342 0.027571
4 0.879555 0.896362 0.153933 0.035240
2 0.263940 0.079187 0.123717 0.029677
4 0.312300 0.375126 0.196085 0.033387
0 0.057813 0.079129 0.087719 0.028585
4 0.296043 0.935348 0.063499 0.030516
4 0.820199 0.618454 0.033875 0.032823
0 0.027207 0.902323 0.030372 0.033371
0 0.020613 0.978287 0.022094 0.028640
4 0.297805 0.896465 0.066260 0.033966
4 0.268557 0.783422 0.044643 0.032717
0 0.150927 0.077772 0.075587 0.028103
0 0.057432 0.902347 0.026695 0.031472
0 0.280270 0.783140 0.020450 0.031180
0 0.367909 0.896786 0.016404 0.027875
0 0.880070 0.935050 0.015831 0.030668
0 0.844014 0.375507 0.012929 0.028285
4 0.346101 0.899487 0.028909 0.032248
1 0.217736 0.823587 0.011904 0.022131
0 0.044511 0.189344 0.040560 0.029380
0 0.135641 0.189834 0.119574 0.030360
0 0.249684 0.906710 0.013696 0.018607
0 0.226507 0.904262 0.013696 0.025463