0 0.466385 0.917953 0.148125 0.044385
0 0.850100 0.977791 0.072448 0.038897
0 0.281755 0.917726 0.023086 0.040070
0 0.257816 0.917715 0.023011 0.039805
0 0.228074 0.917844 0.023835 0.039324
4 0.408329 0.489597 0.202763 0.042413
0 0.358615 0.917728 0.023606 0.038546
0 0.204456 0.917552 0.022099 0.038649
0 0.311277 0.917647 0.023341 0.039156
0 0.925017 0.977730 0.061906 0.036358
4 0.712368 0.537103 0.103061 0.041071
4 0.711392 0.488570 0.103746 0.039987
0 0.222401 0.349878 0.057930 0.037974
4 0.466069 0.536338 0.085106 0.039589
0 0.334771 0.917981 0.021930 0.038419
0 0.180943 0.917811 0.023036 0.040134
4 0.481910 0.252141 0.318111 0.042540
0 0.173809 0.096263 0.157638 0.033296
4 0.350630 0.536246 0.086041 0.040419
0 0.111218 0.172477 0.024880 0.045872
4 0.430962 0.204367 0.046053 0.041648
0 0.630012 0.096788 0.043072 0.030560
4 0.704135 0.441160 0.086346 0.042610
1 0.188388 0.810921 0.016032 0.030919
4 0.366371 0.203219 0.086332 0.042700
1 0.296120 0.810615 0.014822 0.029516
0 0.466282 0.204147 0.024001 0.040519
0 0.311422 0.094904 0.101587 0.030787
0 0.043213 0.094565 0.086362 0.030598
0 0.727967 0.095248 0.136649 0.033330
4 0.366468 0.157096 0.086315 0.040212
1 0.188390 0.774419 0.016523 0.030871
2 0.059838 0.172682 0.020864 0.043450
1 0.188046 0.847333 0.015866 0.031618
0 0.010088 0.171577 0.018748 0.041670
2 0.825464 0.095052 0.041460 0.031313
0 0.542926 0.095065 0.111348 0.031505
0 0.424395 0.095310 0.110260 0.031752
1 0.296241 0.774693 0.015408 0.030155
1 0.296180 0.847393 0.015524 0.031194
1 0.790058 0.156167 0.013404 0.029214
4 0.374913 0.442664 0.131077 0.045825
0 0.932084 0.094973 0.049760 0.034972
2 0.375195 0.394613 0.130252 0.042157
4 0.636221 0.848260 0.134323 0.037764
2 0.029310 0.172601 0.020606 0.043517
2 0.079609 0.172981 0.021002 0.044688
0 0.079937 0.172603 0.019830 0.045026
4 0.933434 0.809044 0.034144 0.040350
4 0.933544 0.846719 0.034074 0.035021
4 0.933181 0.770526 0.032924 0.037039
4 0.901628 0.772488 0.031990 0.038190
4 0.488761 0.774404 0.164761 0.042379
4 0.902042 0.811030 0.031759 0.036646
4 0.787639 0.847801 0.112767 0.037662
4 0.636292 0.773867 0.134595 0.040454
4 0.489282 0.810771 0.162697 0.038642
4 0.787779 0.773700 0.114531 0.042511
4 0.901792 0.847214 0.031434 0.035699
4 0.635425 0.811997 0.134875 0.039647
4 0.787341 0.810557 0.114385 0.039861
4 0.360690 0.774252 0.093515 0.040336
4 0.715942 0.847956 0.029554 0.034022
4 0.715831 0.774634 0.031052 0.040243
4 0.892301 0.916636 0.048293 0.039963
4 0.715815 0.810459 0.031475 0.037242
4 0.360945 0.810078 0.096070 0.036880
4 0.490142 0.847562 0.163742 0.037844
4 0.360974 0.848000 0.096128 0.037830
0 0.299343 0.346336 0.069053 0.041413
0 0.367056 0.347630 0.034191 0.036237
0 0.423036 0.346983 0.049611 0.040119
0 0.480357 0.346983 0.044918 0.042707
0 0.082043 0.317474 0.164086 0.037962
0 0.081735 0.356623 0.163470 0.035589
0 0.082043 0.393398 0.164086 0.037962
0 0.082350 0.430767 0.163471 0.034403
0 0.082350 0.469916 0.163471 0.036776
0 0.082350 0.508471 0.162242 0.035589
0 0.082657 0.543467 0.162856 0.036776
0 0.082043 0.581429 0.164086 0.036776
0 0.082350 0.619984 0.162242 0.037962
0 0.083579 0.656167 0.162242 0.034403