0 0.079714 0.121232 0.090219 0.045692
0 0.105664 0.337420 0.204348 0.041409
4 0.880009 0.123731 0.148777 0.045613
0 0.254333 0.119962 0.088111 0.043153
0 0.105829 0.390246 0.206066 0.039181
0 0.104312 0.282289 0.205304 0.041331
0 0.460445 0.427026 0.026996 0.050008
0 0.076593 0.496804 0.147998 0.039444
0 0.051596 0.929220 0.095610 0.033817
0 0.963781 0.121235 0.023878 0.043161
0 0.460858 0.809193 0.026569 0.052469
0 0.064064 0.605693 0.119734 0.039752
0 0.168552 0.119962 0.091552 0.040615
0 0.106517 0.443316 0.203990 0.038851
0 0.059675 0.819271 0.114230 0.038047
0 0.047251 0.874733 0.086533 0.034793
0 0.046231 0.659639 0.087797 0.037536
0 0.040375 0.713466 0.073825 0.036277
0 0.045493 0.766424 0.085426 0.035208
0 0.079844 0.551347 0.151619 0.038497
0 0.065734 0.228592 0.126406 0.036562
0 0.036542 0.982215 0.072433 0.032381
0 0.363815 0.354461 0.228340 0.213886
0 0.363815 0.733957 0.227248 0.215109
2 0.175289 0.027944 0.128205 0.046961
0 0.035739 0.028579 0.018153 0.033000