4 0.309847 0.694022 0.085335 0.043898
0 0.693348 0.392083 0.056571 0.040733
0 0.966493 0.976497 0.060104 0.031981
0 0.908526 0.975848 0.036389 0.031626
4 0.189319 0.287265 0.085026 0.044410
0 0.848411 0.976433 0.070865 0.036981
0 0.060957 0.097155 0.099276 0.034732
4 0.302417 0.186221 0.316052 0.046800
4 0.278803 0.590844 0.024416 0.043650
4 0.279052 0.540471 0.024856 0.044344
1 0.277220 0.845589 0.015866 0.031994
0 0.971235 0.099014 0.049799 0.040239
4 0.165020 0.234449 0.038344 0.042450
4 0.278927 0.489632 0.022879 0.042958
4 0.276159 0.642210 0.019060 0.041583
4 0.275177 0.795197 0.017732 0.041733
2 0.139839 0.097602 0.039182 0.030941
4 0.275660 0.893572 0.018829 0.041907
4 0.282576 0.934519 0.031943 0.022303
4 0.275655 0.743881 0.019654 0.044319
1 0.633372 0.642732 0.015743 0.032271
0 0.298291 0.491837 0.015766 0.040460
0 0.071502 0.388561 0.075029 0.044303
0 0.170899 0.391917 0.086572 0.034905
0 0.293061 0.391917 0.121842 0.037590
0 0.415865 0.389232 0.087854 0.034905
0 0.516865 0.390574 0.074388 0.040275
0 0.610491 0.390574 0.080800 0.037590
0 0.780428 0.387889 0.085930 0.040275
0 0.936258 0.387889 0.008978 0.029535
0 0.954854 0.389232 0.016673 0.018795