4 0.552976 0.712933 0.116996 0.045754
4 0.553125 0.661644 0.116699 0.046563
0 0.895886 0.974604 0.072933 0.040278
4 0.184888 0.761117 0.148480 0.045540
4 0.568084 0.762288 0.149460 0.045744
4 0.184697 0.712168 0.149626 0.045201
4 0.553241 0.611197 0.116466 0.049550
4 0.184138 0.661108 0.148507 0.046740
4 0.188522 0.458548 0.156651 0.046880
4 0.189415 0.509546 0.155323 0.047450
4 0.185205 0.609300 0.145283 0.046129
4 0.876588 0.458844 0.163983 0.048718
4 0.529993 0.407962 0.071818 0.044525
4 0.187673 0.560388 0.154491 0.045227
4 0.571597 0.507718 0.155640 0.044993
4 0.134040 0.812916 0.047494 0.045528
4 0.575326 0.457855 0.162155 0.047728
0 0.087088 0.104660 0.041592 0.032727
0 0.035081 0.104404 0.045017 0.033916
0 0.969767 0.975676 0.060466 0.037495
4 0.876316 0.508256 0.165001 0.046331
4 0.209848 0.246439 0.148476 0.047356
4 0.310521 0.507794 0.032912 0.042477
0 0.975871 0.106358 0.048257 0.042706
0 0.063660 0.350043 0.057089 0.040328
4 0.153916 0.194763 0.039233 0.041844
0 0.320006 0.244687 0.030780 0.044552
4 0.310664 0.457446 0.033054 0.044869
2 0.135675 0.106876 0.040372 0.038385
4 0.118757 0.406629 0.018791 0.046600
4 0.287314 0.909991 0.298633 0.034199
0 0.127827 0.350816 0.040560 0.043254
0 0.190819 0.348907 0.057153 0.044526
0 0.276856 0.351452 0.081735 0.036893
0 0.353060 0.351452 0.042404 0.041981
0 0.430187 0.352724 0.074975 0.036893
0 0.526057 0.350180 0.083579 0.039437
0 0.598574 0.352088 0.034415 0.035621