4 0.219649 0.425452 0.039936 0.039157
4 0.220847 0.474398 0.039936 0.040663
4 0.251997 0.714608 0.103834 0.039157
4 0.236422 0.618976 0.071086 0.037651
4 0.220048 0.570030 0.039936 0.037651
4 0.220847 0.521837 0.039936 0.039157
0 0.954473 0.098645 0.051118 0.039157
0 0.869808 0.976657 0.075879 0.042169
0 0.946486 0.976657 0.068690 0.042169
0 0.039331 0.031004 0.025923 0.040451
0 0.077545 0.328069 0.065701 0.041294
0 0.174086 0.330176 0.102351 0.038766
0 0.278448 0.327647 0.068830 0.042137
0 0.351077 0.328069 0.040672 0.044665
0 0.417225 0.328069 0.067489 0.041294
0 0.492089 0.328912 0.047376 0.042980
0 0.558461 0.329333 0.056762 0.045508
0 0.895236 0.030582 0.024135 0.037923
0 0.930097 0.030161 0.023241 0.038766
0 0.967641 0.028897 0.025923 0.036238
2 0.046791 0.100490 0.049842 0.036441
4 0.164022 0.184401 0.104262 0.035482
4 0.259892 0.183922 0.038653 0.036441
4 0.148764 0.233309 0.070695 0.035482
4 0.667786 0.231870 0.038653 0.038359