2 0.044329 0.100752 0.047125 0.028571
4 0.162141 0.185714 0.103035 0.040602
4 0.145767 0.233083 0.071885 0.037594
4 0.257588 0.184962 0.039936 0.040602
4 0.665335 0.233835 0.039137 0.037594
0 0.954473 0.100000 0.050319 0.040602
4 0.401358 0.425564 0.406550 0.039098
4 0.400958 0.475188 0.406550 0.036090
4 0.401358 0.522556 0.407348 0.042105
4 0.233626 0.570677 0.071885 0.037594
4 0.273163 0.618045 0.152556 0.037594
4 0.301518 0.666165 0.208466 0.039098
4 0.273163 0.715789 0.152556 0.039098
4 0.373802 0.715789 0.032748 0.037594
1 0.204073 0.762406 0.012780 0.024060
0 0.867412 0.975940 0.077476 0.039098
0 0.944489 0.975940 0.064696 0.039098
0 0.656957 0.425445 0.022534 0.039339
0 0.035820 0.031154 0.018261 0.033058
0 0.073746 0.326029 0.064616 0.040992
0 0.173479 0.325368 0.101138 0.039669
0 0.277778 0.324045 0.062509 0.044959
0 0.350119 0.329335 0.048462 0.031735
0 0.420705 0.327351 0.066021 0.048926
0 0.489886 0.326029 0.051271 0.040992
0 0.556609 0.320740 0.056890 0.043636
0 0.891628 0.031154 0.025987 0.040992
0 0.927097 0.033798 0.026689 0.046281
0 0.965374 0.032476 0.027391 0.043636