4 0.607873 0.385550 0.157243 0.038047
0 0.257366 0.796229 0.142585 0.039285
0 0.415974 0.796206 0.166003 0.040825
0 0.166986 0.794428 0.025597 0.038099
0 0.112133 0.794607 0.023700 0.037376
0 0.136642 0.794414 0.023894 0.037524
0 0.911332 0.975190 0.034055 0.036170
4 0.553244 0.430730 0.049521 0.039632
0 0.580482 0.796632 0.165698 0.040092
0 0.082234 0.795418 0.024473 0.040015
0 0.353494 0.095947 0.080776 0.029211
1 0.033655 0.646181 0.013404 0.024540
0 0.697145 0.795379 0.025308 0.037586
4 0.701748 0.385550 0.032366 0.038047
4 0.206416 0.430994 0.088457 0.041217
0 0.034370 0.796799 0.023699 0.040425
0 0.195978 0.095644 0.125845 0.031738
0 0.565047 0.096167 0.081227 0.029334
4 0.207414 0.384424 0.086496 0.036852
4 0.486894 0.178629 0.088311 0.037697
4 0.206311 0.178106 0.088441 0.036652
0 0.440230 0.095919 0.076955 0.029025
0 0.058063 0.794461 0.022358 0.037174
1 0.033503 0.610120 0.014831 0.025342
0 0.074147 0.096047 0.101804 0.030818
4 0.206748 0.223627 0.088635 0.036582
0 0.963271 0.095830 0.025215 0.029516
1 0.802509 0.645808 0.019980 0.030564
0 0.955513 0.975026 0.039695 0.030981
0 0.933266 0.096918 0.018044 0.029885
0 0.285985 0.095323 0.037583 0.029035
4 0.288237 0.431259 0.049415 0.040161
0 0.057901 0.319004 0.072737 0.043832
0 0.276439 0.224860 0.025037 0.040675
1 0.802468 0.681777 0.020130 0.030913
1 0.032790 0.681416 0.014269 0.025258
0 0.501341 0.096040 0.028991 0.027557
0 0.906311 0.097155 0.018187 0.031245
2 0.753349 0.095615 0.043572 0.030185
4 0.287888 0.383917 0.048481 0.035839
2 0.668541 0.095660 0.109036 0.032242
1 0.802498 0.609633 0.020486 0.029802
4 0.907433 0.678898 0.035744 0.038580
4 0.907543 0.642666 0.035998 0.036516
0 0.925871 0.519043 0.014362 0.027575
4 0.881024 0.607758 0.019714 0.034729
4 0.880786 0.643164 0.020080 0.035666
4 0.907541 0.608652 0.036362 0.034890
4 0.427324 0.643321 0.126770 0.037299
4 0.880595 0.681099 0.017751 0.039862
4 0.861809 0.610189 0.018639 0.037421
4 0.862031 0.645576 0.019082 0.034981
4 0.862696 0.681777 0.018639 0.037421
4 0.833851 0.611002 0.037277 0.035794
4 0.833851 0.647203 0.038165 0.034981
4 0.834073 0.682997 0.038608 0.034981
4 0.426774 0.610396 0.127989 0.033291
4 0.228483 0.612643 0.269815 0.034550
4 0.228337 0.647529 0.269303 0.038407
4 0.228848 0.683757 0.269303 0.030301
0 0.372580 0.681865 0.019025 0.035669
0 0.135541 0.317391 0.046282 0.038225
0 0.196572 0.315526 0.046282 0.041955
0 0.262689 0.314594 0.050351 0.040090
0 0.349659 0.314128 0.089004 0.039158
0 0.466636 0.312729 0.123589 0.043819