4 0.325012 0.504460 0.266334 0.032045
4 0.778024 0.705656 0.266962 0.031425
4 0.325352 0.620018 0.268175 0.030934
0 0.826604 0.964613 0.044501 0.027900
4 0.324960 0.542808 0.264535 0.027646
4 0.777286 0.748507 0.265487 0.031425
4 0.324960 0.465769 0.262632 0.028387
4 0.325197 0.580130 0.266914 0.030411
1 0.650505 0.502050 0.013846 0.025932
0 0.956532 0.022767 0.015769 0.023765
1 0.650673 0.667330 0.013044 0.025621
1 0.650231 0.786839 0.013220 0.019529
1 0.650099 0.541194 0.013770 0.025719
0 0.467151 0.618801 0.016311 0.028635
0 0.958600 0.078864 0.023754 0.023697
0 0.919975 0.747138 0.016982 0.031307
0 0.929204 0.023537 0.013634 0.025133
0 0.920086 0.706300 0.016760 0.027278
0 0.098565 0.024084 0.013964 0.026811
1 0.650823 0.462991 0.014011 0.025841
0 0.467353 0.580943 0.016860 0.030629
0 0.467274 0.542802 0.017018 0.029502
2 0.501005 0.024050 0.064361 0.028259
0 0.467559 0.502080 0.016922 0.030101
0 0.993755 0.967097 0.012278 0.028814
0 0.077876 0.198286 0.107375 0.037709
0 0.196460 0.196572 0.103835 0.038852
0 0.295280 0.196572 0.070206 0.038852
0 0.466505 0.463556 0.017604 0.027646
0 0.872419 0.963479 0.033923 0.035710
0 0.916667 0.966336 0.039823 0.038566
0 0.962758 0.965622 0.033186 0.034281
0 0.071735 0.024259 0.016537 0.034628
0 0.042907 0.024259 0.017878 0.034628