0 0.825653 0.964563 0.049643 0.025417
4 0.332890 0.485032 0.275492 0.027269
4 0.331578 0.523338 0.272751 0.033762
4 0.333744 0.408418 0.276465 0.029866
4 0.790553 0.610990 0.274619 0.029866
0 0.916920 0.962013 0.040822 0.026538
4 0.790885 0.484398 0.273955 0.033793
4 0.789166 0.651244 0.273371 0.029866
4 0.332323 0.448197 0.273944 0.028915
4 0.331719 0.563975 0.273811 0.031928
4 0.341339 0.892869 0.292493 0.032658
0 0.964476 0.961907 0.034323 0.026714
4 0.789664 0.406470 0.273716 0.028568
0 0.872225 0.961981 0.029441 0.024965
4 0.790374 0.688902 0.274977 0.029866
4 0.790572 0.728507 0.274581 0.031165
4 0.790936 0.446076 0.273854 0.027269
1 0.201672 0.852107 0.013998 0.026479
0 0.301366 0.306642 0.059514 0.036027
0 0.477340 0.444688 0.016131 0.027954
0 0.477751 0.405013 0.015199 0.029061
0 0.935413 0.444643 0.016226 0.029018
0 0.477400 0.482910 0.015638 0.028202
0 0.953221 0.116320 0.024020 0.029723
0 0.935566 0.483059 0.015965 0.027982
0 0.935397 0.405069 0.015711 0.028715
0 0.934896 0.726797 0.016433 0.029391
0 0.477143 0.560331 0.016356 0.028620
0 0.477227 0.522234 0.017021 0.029182
0 0.935337 0.648817 0.015891 0.026995
0 0.935466 0.687124 0.016112 0.028062
0 0.935405 0.609378 0.017195 0.029119
0 0.984935 0.016264 0.015009 0.025765
0 0.956790 0.014978 0.011967 0.022752
0 0.081456 0.304535 0.110619 0.040255
0 0.202467 0.303237 0.103245 0.037657
2 0.135114 0.060729 0.060577 0.025507
0 0.045828 0.062260 0.013696 0.030608
0 0.894437 0.062770 0.024231 0.035710
0 0.923673 0.064300 0.019490 0.034689
0 0.954751 0.061750 0.018437 0.033669