0 0.813172 0.965293 0.048936 0.031836
0 0.604975 0.939626 0.032852 0.024702
0 0.859061 0.965312 0.029156 0.024938
0 0.904140 0.965392 0.041335 0.026653
0 0.951578 0.965316 0.032942 0.028040
4 0.275329 0.354871 0.177148 0.035651
4 0.499887 0.103273 0.252100 0.035204
0 0.068302 0.273434 0.082728 0.037899
0 0.940786 0.079481 0.022954 0.025111
4 0.275595 0.393499 0.176905 0.034551
1 0.193704 0.619315 0.014040 0.026291
0 0.928144 0.932677 0.011334 0.019431
4 0.274958 0.657991 0.177354 0.036119
4 0.352436 0.928814 0.022840 0.027063
0 0.617340 0.102071 0.015948 0.029006
0 0.499478 0.142386 0.254397 0.027329
0 0.447924 0.181965 0.151289 0.027329
0 0.448888 0.220131 0.154180 0.026386
0 0.438770 0.259239 0.132016 0.027329
0 0.959011 0.027272 0.013217 0.028526
0 0.931437 0.026827 0.014585 0.029417
0 0.902952 0.025935 0.014129 0.027634
0 0.876289 0.025489 0.013673 0.028526
0 0.847804 0.026381 0.014129 0.028526
0 0.042931 0.026090 0.019490 0.024727
2 0.133797 0.027636 0.058997 0.029878
0 0.166456 0.272842 0.084282 0.040181
0 0.244153 0.272327 0.054256 0.041211
0 0.892330 0.550502 0.119048 0.028848
5 0.500340 0.499648 0.271160 0.932007