0 0.944465 0.085775 0.063502 0.033304
0 0.931023 0.962869 0.030788 0.030757
0 0.990570 0.084312 0.017445 0.030620
0 0.971631 0.963538 0.038697 0.029093
0 0.107363 0.177209 0.054742 0.033758
1 0.518770 0.533120 0.015085 0.029620
1 0.519038 0.453946 0.014354 0.030173
1 0.518847 0.653596 0.015197 0.030057
1 0.519072 0.573855 0.014963 0.031530
1 0.519001 0.494277 0.014693 0.029533
1 0.518791 0.333151 0.015687 0.029905
1 0.518830 0.413397 0.015058 0.029035
1 0.519011 0.373351 0.015811 0.032714
2 0.835331 0.247245 0.111540 0.032591
1 0.519395 0.613749 0.015444 0.033068
1 0.518946 0.694239 0.015006 0.033145
0 0.884291 0.962489 0.051362 0.027906
0 0.955411 0.244498 0.018511 0.024020
0 0.046399 0.174409 0.042404 0.044042
0 0.188053 0.177980 0.072517 0.036900
0 0.282080 0.174409 0.088496 0.032139
0 0.371804 0.173219 0.074975 0.039281
2 0.548488 0.246424 0.071903 0.038090
-1 0.764978 0.245500 0.017487 0.030415
0 0.902778 0.244043 0.020895 0.030948
0 0.927974 0.243448 0.015978 0.036900
0 0.755592 0.336293 0.019051 0.027377
0 0.756514 0.375574 0.014749 0.024997
0 0.755285 0.414259 0.018437 0.028568
0 0.757129 0.454135 0.015978 0.032139
0 0.755900 0.492820 0.017207 0.030948
0 0.756514 0.533887 0.017207 0.029758
0 0.756514 0.574358 0.017207 0.027377
0 0.757129 0.616614 0.015978 0.028568
0 0.756207 0.658871 0.015364 0.027377
0 0.756514 0.696366 0.017207 0.028568
0 0.958702 0.336293 0.019666 0.036900
0 0.957780 0.374979 0.019051 0.038090
0 0.957166 0.417235 0.020280 0.039281
0 0.956858 0.459491 0.019666 0.038090
0 0.958088 0.498177 0.018437 0.034519
0 0.956858 0.535077 0.019666 0.036900
0 0.957166 0.575548 0.020280 0.041661
0 0.957166 0.616019 0.020280 0.034519
0 0.955937 0.654704 0.019051 0.038090
0 0.957166 0.697556 0.020280 0.042852
4 0.673831 0.335893 0.070796 0.030200
4 0.673831 0.375072 0.070796 0.031833
4 0.674041 0.416291 0.070375 0.027752
4 0.674252 0.456286 0.070796 0.027752
4 0.674041 0.495465 0.072061 0.031016
4 0.674252 0.537092 0.071639 0.032649
4 0.673831 0.576679 0.072482 0.028568
4 0.673831 0.616266 0.071639 0.031016
4 0.673409 0.656260 0.071639 0.031016
4 0.673620 0.696663 0.071218 0.028568
0 0.041482 0.023238 0.020280 0.032139