4 0.531986 0.646573 0.062102 0.028657
4 0.442509 0.646724 0.064338 0.028958
4 0.350440 0.645548 0.058596 0.031575
4 0.485764 0.467447 0.267411 0.033090
0 0.692695 0.964322 0.036961 0.028212
0 0.023721 0.962920 0.030539 0.034363
0 0.903866 0.963201 0.081912 0.030404
0 0.737154 0.962627 0.040389 0.027339
1 0.040112 0.645513 0.015670 0.028814
0 0.777773 0.962956 0.021133 0.022811
0 0.809889 0.962942 0.023034 0.021865
0 0.842845 0.962623 0.022502 0.022396
0 0.970124 0.962438 0.034881 0.027304
1 0.040379 0.588411 0.014170 0.024768
2 0.186343 0.467836 0.292796 0.032325
0 0.068273 0.301967 0.081532 0.035327
4 0.705919 0.645771 0.059240 0.032020
2 0.146961 0.530181 0.066675 0.031908
1 0.894381 0.645358 0.013387 0.026180
0 0.628713 0.465519 0.016705 0.029823
0 0.569545 0.644748 0.016395 0.030138
0 0.887159 0.530757 0.081831 0.031804
0 0.993397 0.077670 0.013206 0.029713
0 0.263929 0.643056 0.065460 0.024586
0 0.944528 0.530660 0.015908 0.030311
0 0.181159 0.298747 0.110940 0.045957
0 0.290817 0.298126 0.080159 0.039746
0 0.352379 0.297505 0.027575 0.040989
0 0.395344 0.304337 0.037835 0.037262
0 0.484161 0.296884 0.106451 0.039746
0 0.577466 0.296263 0.057073 0.033536
0 0.745800 0.645286 0.020521 0.028568
0 0.042843 0.025198 0.019666 0.025847
2 0.170670 0.027918 0.129232 0.031288
0 0.945357 0.792446 0.022475 0.031288
0 0.948869 0.647566 0.014047 0.032649
0 0.805591 0.648246 0.025284 0.028568
0 0.847731 0.025198 0.018261 0.034009
0 0.875825 0.025198 0.021070 0.031288
0 0.902514 0.027238 0.019666 0.032649
0 0.930257 0.028598 0.021773 0.027207
0 0.956946 0.024517 0.017559 0.029928