2 0.226721 0.213366 0.123703 0.031695
0 0.886538 0.287569 0.021689 0.028568
2 0.897312 0.214002 0.122864 0.030483
0 0.929892 0.285679 0.054565 0.029213
0 0.852315 0.371386 0.030068 0.025606
0 0.884539 0.371915 0.015321 0.026843
0 0.811729 0.371990 0.030397 0.024045
0 0.773740 0.372396 0.024714 0.025674
0 0.911558 0.371719 0.015677 0.026446
4 0.349840 0.211512 0.101911 0.034683
4 0.213945 0.286693 0.101801 0.031785
4 0.081861 0.286661 0.104329 0.035351
0 0.959676 0.028422 0.019886 0.036020
4 0.484083 0.211961 0.102759 0.033787
0 0.043703 0.029613 0.016863 0.030995
0 0.956704 0.372171 0.020801 0.026706
2 0.929123 0.371262 0.015552 0.026406
4 0.078876 0.211149 0.100038 0.037787
2 0.084537 0.097926 0.114452 0.043634
0 0.898402 0.029520 0.014977 0.028144
4 0.348315 0.288369 0.099830 0.027684
4 0.618360 0.212187 0.103539 0.033478
4 0.753446 0.211583 0.102702 0.034161
0 0.947511 0.096413 0.015970 0.030749
0 0.509741 0.326805 0.015710 0.031505
0 0.140439 0.211516 0.023086 0.037573
0 0.931434 0.029670 0.012976 0.026017
0 0.143966 0.289432 0.018597 0.029810
0 0.275426 0.285705 0.019879 0.032294
0 0.176671 0.369546 0.062203 0.031052
0 0.412017 0.212423 0.022445 0.029810
0 0.411697 0.286948 0.024368 0.029810
0 0.545081 0.213044 0.017956 0.033536
0 0.489611 0.327936 0.014749 0.029810
0 0.678787 0.213665 0.018597 0.029810
0 0.814736 0.210560 0.017314 0.033536
0 0.699628 0.372651 0.102604 0.027326
2 0.962550 0.096289 0.011543 0.028568
2 0.350776 0.032943 0.039759 0.040989
4 0.512697 0.032322 0.280236 0.044715
0 0.662755 0.033564 0.016032 0.049683
2 0.186290 0.032943 0.146851 0.040989