0 0.062818 0.143954 0.075120 0.033693
0 0.508590 0.656342 0.018291 0.040615
0 0.164781 0.325065 0.021662 0.039443
0 0.278982 0.323301 0.020348 0.038987
0 0.316480 0.924379 0.112763 0.150639
0 0.182540 0.079783 0.094664 0.036819
0 0.083036 0.626417 0.112394 0.217488
0 0.740097 0.655805 0.022057 0.039899
0 0.200156 0.623247 0.111782 0.213433
0 0.316740 0.621117 0.112605 0.211459
0 0.085350 0.924529 0.112882 0.150940
0 0.200855 0.924303 0.111247 0.150487
0 0.432506 0.621752 0.114246 0.215014
0 0.548311 0.623130 0.112271 0.213198
0 0.663457 0.624467 0.114622 0.213588
0 0.777128 0.624456 0.109461 0.218137
0 0.084873 0.292740 0.111080 0.215190
2 0.350222 0.026308 0.049998 0.031996
0 0.200331 0.292238 0.109073 0.211901
0 0.432749 0.290683 0.111039 0.215647
0 0.047943 0.324751 0.019684 0.038576
0 0.395217 0.656127 0.021248 0.040047
0 0.279569 0.982927 0.018173 0.026757
4 0.514454 0.027578 0.274926 0.032251
0 0.316743 0.291382 0.108697 0.212475
0 0.094985 0.078301 0.053097 0.039995
2 0.102950 0.025165 0.052507 0.038852
0 0.664307 0.027451 0.015339 0.036567
0 0.545723 0.292559 0.108555 0.212544
0 0.041362 0.081384 0.026292 0.038504
0 0.905156 0.023627 0.016032 0.027326
0 0.934334 0.027354 0.012825 0.029810
0 0.960305 0.027354 0.019879 0.042231