4 0.081121 0.263517 0.103245 0.030935
1 0.184836 0.716160 0.013905 0.026085
1 0.184899 0.836378 0.014631 0.027150
2 0.888276 0.190544 0.121801 0.029308
1 0.184964 0.755017 0.014411 0.026552
1 0.185010 0.635286 0.014136 0.025773
4 0.080451 0.191788 0.101904 0.030317
0 0.938561 0.262040 0.022746 0.031246
0 0.723790 0.936953 0.023162 0.029460
0 0.801597 0.933894 0.035291 0.024960
0 0.758101 0.934555 0.032458 0.026410
1 0.184887 0.795373 0.014452 0.026961
0 0.934406 0.346619 0.020560 0.030783
0 0.885201 0.258708 0.068222 0.028176
1 0.184691 0.674934 0.014047 0.025167
1 0.184760 0.875596 0.014215 0.025878
0 0.876266 0.346068 0.031607 0.026032
2 0.067512 0.084785 0.080546 0.032229
0 0.949087 0.078762 0.016236 0.027046
0 0.909126 0.345866 0.017840 0.029019
0 0.582028 0.106339 0.163454 0.030824
0 0.133420 0.567630 0.022209 0.030005
3 0.030410 0.454762 0.012703 0.024542
1 0.184775 0.595110 0.013638 0.024455
1 0.185004 0.193299 0.013707 0.031246
4 0.522593 0.152679 0.209842 0.030353
1 0.184920 0.354074 0.013820 0.024951
0 0.742965 0.105819 0.161965 0.032381
1 0.185096 0.513956 0.013103 0.024426
0 0.419468 0.106765 0.164492 0.029080
1 0.184955 0.475489 0.013185 0.023488
1 0.184979 0.314299 0.013335 0.023882
0 0.838839 0.345996 0.023646 0.023701
1 0.184905 0.394739 0.013937 0.025970
0 0.685586 0.151786 0.065919 0.028026
2 0.954472 0.346863 0.019522 0.031271
0 0.994239 0.077822 0.011422 0.024641
1 0.185038 0.434557 0.013700 0.025211
1 0.184366 0.276324 0.013827 0.025890
0 0.255633 0.105848 0.164135 0.032439
1 0.185183 0.554852 0.013566 0.024649
0 0.809923 0.149659 0.014785 0.025284
0 0.142464 0.261684 0.018101 0.029866
1 0.184645 0.234063 0.013211 0.024475
0 0.142129 0.190914 0.021453 0.031165
0 0.638241 0.153572 0.020113 0.028568
0 0.785629 0.152679 0.014288 0.026782
0 0.760970 0.153125 0.013827 0.029460
0 0.735619 0.154018 0.014749 0.027675
0 0.041888 0.026879 0.011799 0.030853
3 0.030678 0.567381 0.012979 0.023997
3 0.030383 0.677081 0.013569 0.030853
3 0.030678 0.789638 0.014159 0.025140
3 0.030973 0.898196 0.012389 0.025140
0 0.955457 0.895339 0.010029 0.023997
0 0.956342 0.786782 0.010619 0.021711
0 0.955752 0.674225 0.011799 0.022854
0 0.955457 0.453110 0.007670 0.023997
0 0.954867 0.565667 0.010029 0.022854
0 0.874926 0.027451 0.018879 0.029710
0 0.902065 0.026879 0.022419 0.030853
0 0.930973 0.026308 0.020059 0.031996
0 0.958112 0.026308 0.016519 0.034281
5 0.499263 0.501428 0.653392 0.934165