2 0.225086 0.765170 0.052251 0.031018
4 0.186390 0.501246 0.116114 0.033444
4 0.186205 0.467521 0.115619 0.032534
2 0.224989 0.827376 0.052173 0.034804
2 0.224854 0.796254 0.052184 0.032781
4 0.396326 0.367684 0.115809 0.031640
0 0.287954 0.935915 0.019594 0.033434
4 0.165876 0.368189 0.074988 0.029386
2 0.094246 0.077485 0.116610 0.032446
0 0.117168 0.935704 0.018963 0.032855
0 0.070795 0.935374 0.019483 0.032294
0 0.148633 0.935586 0.041750 0.035996
0 0.203847 0.077861 0.015686 0.025990
0 0.091785 0.935756 0.020014 0.033010
4 0.186230 0.434290 0.115570 0.032270
0 0.179771 0.935507 0.019868 0.034845
0 0.050665 0.935605 0.019565 0.033135
0 0.266970 0.935553 0.019622 0.034282
0 0.434722 0.077068 0.014730 0.026492
2 0.342414 0.500834 0.156037 0.030202
0 0.023695 0.935782 0.021387 0.037220
0 0.119278 0.182096 0.082850 0.026027
0 0.213268 0.935608 0.021344 0.034817
2 0.246838 0.234083 0.156748 0.032653
0 0.234140 0.935589 0.020068 0.034686
4 0.189317 0.333925 0.122368 0.032689
0 0.411579 0.077170 0.016930 0.027598
2 0.225031 0.859253 0.052382 0.032848
0 0.189780 0.180750 0.037898 0.024564
0 0.303279 0.180583 0.035866 0.025613
0 0.179959 0.077066 0.015055 0.026786
0 0.373963 0.181757 0.083903 0.026047
0 0.247061 0.181263 0.055833 0.022806
0 0.317930 0.076021 0.016426 0.026715
0 0.238537 0.077849 0.016434 0.027354
4 0.165999 0.401601 0.074741 0.030907
0 0.393731 0.077181 0.016470 0.027770
4 0.554883 0.858545 0.106898 0.033077
4 0.284438 0.467147 0.041700 0.031395
0 0.221270 0.078084 0.014907 0.026461
0 0.371180 0.076196 0.016761 0.026322
0 0.040816 0.181281 0.052801 0.024357
0 0.353463 0.075777 0.014914 0.025756
4 0.553434 0.764902 0.107665 0.032634
0 0.278224 0.077142 0.015406 0.027396
0 0.260815 0.077529 0.015879 0.027339
1 0.612139 0.797862 0.011460 0.022318
1 0.612140 0.829112 0.011427 0.022825
4 0.553346 0.796143 0.107221 0.030927
0 0.930962 0.014804 0.014860 0.026495
4 0.554021 0.826983 0.108633 0.033095
0 0.336158 0.075732 0.015693 0.025926
0 0.452313 0.075644 0.013646 0.024954
0 0.163130 0.076730 0.015592 0.026234
1 0.612215 0.766199 0.011176 0.022662
0 0.296527 0.076621 0.017043 0.027650
0 0.945669 0.014597 0.014403 0.025905
1 0.344163 0.468125 0.010908 0.020291
1 0.612348 0.859326 0.010863 0.022305
0 0.959694 0.015160 0.013812 0.025941
4 0.284453 0.535890 0.311162 0.030114
1 0.042970 0.859163 0.025174 0.029190
1 0.043192 0.827832 0.024549 0.030685
0 0.022410 0.077003 0.015505 0.028242
4 0.586409 0.233753 0.128649 0.031992
4 0.491621 0.795653 0.017692 0.032047
0 0.015574 0.027565 0.014256 0.020740
0 0.020352 0.733744 0.014260 0.023827
1 0.043126 0.796476 0.024653 0.030346
4 0.345575 0.333467 0.015038 0.032368
4 0.491620 0.827292 0.017818 0.032485
4 0.660384 0.764893 0.087399 0.032613
4 0.660436 0.827449 0.087294 0.031711
4 0.491681 0.765107 0.017406 0.030426
4 0.660705 0.858690 0.086756 0.030084
4 0.091098 0.828011 0.073596 0.032081
4 0.660246 0.795842 0.087096 0.032555
1 0.043146 0.764885 0.024641 0.030937
0 0.053316 0.268403 0.067454 0.029905
0 0.114126 0.268403 0.054167 0.029905
0 0.164716 0.267921 0.044969 0.030870
0 0.203553 0.268403 0.033727 0.031835
0 0.241113 0.267438 0.041392 0.029905
4 0.166426 0.600760 0.075885 0.031835
4 0.091812 0.765851 0.072642 0.033467
4 0.091163 0.797685 0.072210 0.031835
4 0.091812 0.860130 0.072642 0.029386
4 0.311396 0.766395 0.119773 0.030202
4 0.310748 0.797413 0.120206 0.033467
4 0.310532 0.828432 0.118909 0.031835
4 0.311396 0.859858 0.118909 0.031018
4 0.492354 0.858226 0.018161 0.031018