0 0.496443 0.087681 0.018931 0.029656
2 0.113246 0.089251 0.136969 0.038983
0 0.525477 0.086583 0.017330 0.028738
0 0.265923 0.087948 0.016789 0.026742
0 0.475858 0.087514 0.017434 0.029152
0 0.286789 0.088249 0.018080 0.028074
2 0.506320 0.261260 0.227306 0.032563
0 0.245049 0.087942 0.017150 0.027380
0 0.405662 0.086906 0.016962 0.027172
0 0.215736 0.087790 0.017063 0.028631
0 0.446904 0.087328 0.018054 0.027070
0 0.360761 0.202970 0.059654 0.027877
0 0.179409 0.203381 0.089618 0.027463
0 0.426261 0.087535 0.017288 0.026809
0 0.384974 0.087000 0.018112 0.026908
0 0.248069 0.203936 0.019429 0.029500
0 0.194962 0.087997 0.018760 0.029587
0 0.314681 0.088200 0.018632 0.028686
2 0.644753 0.489192 0.168241 0.031209
0 0.356921 0.087681 0.018289 0.028574
0 0.335490 0.087875 0.016283 0.028583
0 0.546398 0.085804 0.016430 0.026729
4 0.905664 0.261226 0.135146 0.030827
1 0.648016 0.457114 0.012972 0.023072
0 0.296531 0.202815 0.052369 0.027989
0 0.750607 0.488495 0.030099 0.035069
4 0.454453 0.423413 0.079811 0.031759
0 0.820549 0.521794 0.019475 0.029408
0 0.484477 0.202707 0.016147 0.028218
0 0.440484 0.204036 0.057805 0.028259
4 0.703146 0.391498 0.124962 0.033068
4 0.582411 0.456585 0.044732 0.031243
4 0.454267 0.391277 0.079312 0.028807
0 0.784230 0.326762 0.015672 0.026448
0 0.298776 0.973921 0.017767 0.028672
0 0.820447 0.489009 0.018851 0.030037
0 0.866480 0.975356 0.014844 0.021092
0 0.330672 0.974536 0.020241 0.033726
0 0.800478 0.326608 0.015024 0.026459
4 0.476233 0.456089 0.124526 0.030763
1 0.653593 0.815533 0.013254 0.024441
0 0.018305 0.035403 0.016431 0.027687
0 0.101108 0.038479 0.131880 0.030763
0 0.200343 0.039248 0.037186 0.032301
0 0.248339 0.038864 0.027673 0.028456
0 0.300154 0.039633 0.047996 0.028456
0 0.352690 0.039248 0.031132 0.026149
0 0.916533 0.017073 0.017296 0.028456
0 0.934262 0.017073 0.016431 0.026918
0 0.951341 0.016689 0.016863 0.029225
0 0.074870 0.204987 0.099775 0.029994
0 0.506058 0.202904 0.028106 0.024162
0 0.300340 0.292886 0.022016 0.035826
0 0.075261 0.284554 0.055274 0.022496
0 0.096106 0.313299 0.069796 0.021662
0 0.157938 0.343293 0.158797 0.026661
0 0.161686 0.369954 0.140997 0.023329
0 0.340279 0.329970 0.084317 0.032136
0 0.416628 0.329434 0.069585 0.031065
0 0.476499 0.328934 0.051023 0.033839
0 0.527666 0.328165 0.051887 0.030763
0 0.603768 0.328550 0.102045 0.031532
0 0.700048 0.328550 0.091668 0.031532
4 0.935559 0.554018 0.076102 0.032301
4 0.476139 0.488390 0.124962 0.032301
4 0.582412 0.521970 0.336644 0.029994
4 0.339935 0.814991 0.048861 0.032301
4 0.425333 0.814991 0.121071 0.032301
4 0.550151 0.814222 0.129719 0.030763
4 0.627693 0.814991 0.026808 0.032301
4 0.706822 0.814222 0.076966 0.033839
4 0.765411 0.814222 0.041078 0.033839
4 0.878915 0.814222 0.187659 0.033839
0 0.366815 0.686940 0.136637 0.033070
0 0.486516 0.688228 0.103342 0.034109
0 0.363734 0.975389 0.023890 0.038326
0 0.393714 0.973306 0.019206 0.037493
0 0.427675 0.974556 0.024358 0.039992
0 0.458591 0.971640 0.019674 0.035826
0 0.490678 0.972889 0.019206 0.038326
0 0.522297 0.973723 0.020611 0.036659
0 0.553213 0.974556 0.022485 0.039992
0 0.585301 0.974556 0.022016 0.031660
0 0.618013 0.978305 0.023421 0.035826
0 0.678986 0.974139 0.021079 0.037493
0 0.710839 0.972889 0.024827 0.034993
0 0.885017 0.973306 0.010305 0.027495
0 0.976985 0.977280 0.031853 0.045440
0 0.972769 0.922066 0.019674 0.029994
4 0.891887 0.586575 0.165175 0.030763