4 0.512805 0.639565 0.088484 0.042538
4 0.317666 0.640122 0.087344 0.042487
4 0.513236 0.687988 0.087820 0.044993
4 0.543591 0.836118 0.149571 0.044324
4 0.317042 0.690143 0.086862 0.041583
4 0.489989 0.344752 0.039663 0.041708
4 0.536464 0.737585 0.134935 0.044224
4 0.340354 0.738725 0.133635 0.042531
4 0.489576 0.247247 0.040788 0.042391
4 0.349202 0.836932 0.149944 0.044915
4 0.298133 0.787403 0.048277 0.042633
4 0.512841 0.884953 0.087597 0.042509
4 0.294381 0.345352 0.040196 0.041277
4 0.512965 0.296038 0.086479 0.042126
4 0.493447 0.786849 0.048549 0.042508
0 0.633909 0.246465 0.032107 0.045514
4 0.317670 0.885176 0.087351 0.041845
4 0.481704 0.589780 0.025472 0.042652
4 0.318232 0.295706 0.087034 0.041461
4 0.294283 0.443600 0.040865 0.040449
4 0.286750 0.591344 0.023782 0.041309
2 0.080353 0.157773 0.130151 0.040653
0 0.634222 0.345108 0.031857 0.044222
0 0.634175 0.295779 0.032055 0.043824
0 0.634117 0.589844 0.032105 0.045699
4 0.286699 0.394104 0.024833 0.042922
0 0.215899 0.158789 0.112142 0.034182
0 0.634188 0.885867 0.031420 0.043624
0 0.399508 0.159135 0.077599 0.031687
2 0.477793 0.158874 0.050046 0.032866
0 0.634186 0.639988 0.032277 0.044112
0 0.634080 0.689375 0.031102 0.044434
0 0.634224 0.787716 0.031767 0.044607
0 0.634216 0.837205 0.030182 0.043525
4 0.292894 0.246487 0.037618 0.042228
0 0.634052 0.738255 0.031933 0.043950
0 0.335780 0.160056 0.016730 0.031229
0 0.300019 0.160277 0.019937 0.033291
4 0.321912 0.246524 0.018583 0.041284
0 0.169015 0.159385 0.015900 0.036066
0 0.321712 0.246145 0.018808 0.041738
0 0.020250 0.022476 0.018593 0.026092
0 0.025223 0.086077 0.013837 0.032616
0 0.062841 0.025738 0.049293 0.029354
0 0.111702 0.022476 0.024214 0.034246
0 0.149969 0.026146 0.032430 0.030169
0 0.196019 0.025330 0.044104 0.030169
0 0.245312 0.026146 0.031997 0.031800