4 0.222524 0.524617 0.145792 0.039856
4 0.434597 0.928733 0.259776 0.038738
4 0.434324 0.969571 0.259790 0.042438
4 0.911249 0.929538 0.134658 0.041472
4 0.105019 0.929816 0.091273 0.041540
4 0.911415 0.851702 0.134808 0.041716
4 0.911218 0.890240 0.134288 0.041125
4 0.434636 0.854342 0.260021 0.038601
2 0.272156 0.851911 0.066994 0.040808
4 0.434041 0.891572 0.259317 0.036603
4 0.911727 0.968670 0.135257 0.041426
4 0.434209 0.813656 0.260183 0.040196
2 0.112351 0.092416 0.145717 0.042296
4 0.104621 0.969644 0.091943 0.041376
4 0.104776 0.851895 0.092247 0.041015
2 0.272369 0.929759 0.067490 0.040368
2 0.272762 0.970079 0.066409 0.041451
4 0.104495 0.812840 0.091602 0.040853
2 0.271677 0.812734 0.065746 0.040201
4 0.198249 0.357863 0.094208 0.039199
4 0.105163 0.890761 0.091562 0.040270
0 0.128033 0.278276 0.058026 0.036603
4 0.223438 0.441829 0.144352 0.039108
2 0.272267 0.891079 0.066962 0.039467
4 0.197735 0.399264 0.093989 0.039530
0 0.213680 0.026590 0.039555 0.025337
4 0.910997 0.813250 0.134628 0.040245
4 0.726754 0.525046 0.272181 0.040070
0 0.283256 0.095324 0.020078 0.036973
4 0.044512 0.890599 0.031488 0.039743
4 0.044713 0.929765 0.031721 0.040125
4 0.388317 0.358429 0.051476 0.041200
4 0.044595 0.851595 0.031538 0.039661
0 0.271397 0.027437 0.051210 0.025963
0 0.257560 0.095547 0.020844 0.037256
4 0.834099 0.969455 0.022690 0.040478
0 0.163233 0.027574 0.030631 0.025527
4 0.044727 0.969707 0.031476 0.040600
0 0.348198 0.027296 0.076333 0.026383
4 0.834112 0.929667 0.022837 0.040303
4 0.834052 0.890558 0.022878 0.039219
0 0.225035 0.095224 0.022401 0.040702
0 0.120482 0.026966 0.026984 0.027051
0 0.309113 0.096858 0.019707 0.039919
4 0.044499 0.813330 0.031423 0.037916
4 0.104631 0.994127 0.092150 0.011746
4 0.912413 0.993532 0.134375 0.012936
4 0.833773 0.851974 0.022478 0.040338
4 0.834177 0.812635 0.023030 0.040240
4 0.018010 0.929824 0.024077 0.040943
4 0.726754 0.399687 0.271294 0.040348
0 0.421692 0.027482 0.044501 0.024568
4 0.018157 0.851867 0.023581 0.040606
0 0.020394 0.096290 0.022148 0.039185
4 0.018156 0.890743 0.022997 0.040012
1 0.984131 0.813080 0.012972 0.024402
0 0.056696 0.277412 0.085748 0.041383
4 0.017902 0.811992 0.022796 0.040410
4 0.260992 0.483435 0.221447 0.040602
4 0.018111 0.969997 0.023318 0.041763
4 0.834024 0.993473 0.022275 0.011886
0 0.286667 0.211867 0.057677 0.035027
1 0.984351 0.931021 0.013686 0.024402
0 0.341601 0.094744 0.019316 0.037200
1 0.983889 0.853852 0.012932 0.021354
1 0.983843 0.891978 0.013837 0.024402
0 0.200499 0.094148 0.021644 0.040317
4 0.045024 0.993428 0.030985 0.011623
1 0.983900 0.970576 0.012858 0.025426
0 0.561084 0.097533 0.025204 0.043828
0 0.048290 0.026660 0.089152 0.030520
4 0.017949 0.993791 0.023318 0.011565
0 0.473617 0.028565 0.031132 0.030095
0 0.619550 0.096890 0.022052 0.047990
0 0.593174 0.096076 0.022917 0.041483
0 0.534584 0.097296 0.022485 0.045550
0 0.502948 0.099330 0.021187 0.043110
0 0.477652 0.098923 0.020755 0.042296
0 0.451276 0.097296 0.022485 0.042296
0 0.425333 0.097703 0.022485 0.044736
0 0.051743 0.211849 0.081290 0.041483
0 0.175480 0.211035 0.125827 0.038229
0 0.378922 0.211442 0.083020 0.034162
0 0.467563 0.213476 0.059671 0.039856
0 0.580634 0.213069 0.128421 0.040670
0 0.252158 0.359208 0.016863 0.039043