2 0.112134 0.092416 0.144420 0.042296
0 0.051687 0.211680 0.020456 0.037013
0 0.153179 0.027233 0.030596 0.025608
0 0.043402 0.025668 0.077867 0.034062
4 0.383895 0.565945 0.177714 0.039856
0 0.110080 0.027106 0.026074 0.027267
0 0.205477 0.027394 0.044525 0.025712
0 0.561004 0.097386 0.025254 0.043707
0 0.022799 0.212347 0.019826 0.034713
0 0.283200 0.096352 0.020216 0.038029
0 0.020269 0.095679 0.021583 0.039401
0 0.344939 0.316666 0.016943 0.041004
0 0.257510 0.095928 0.021253 0.038070
4 0.349566 0.858765 0.112068 0.039653
0 0.535482 0.097655 0.024469 0.042860
0 0.225113 0.095877 0.023409 0.043426
4 0.527795 0.358190 0.041715 0.039864
0 0.477963 0.097914 0.021347 0.041881
0 0.452274 0.097481 0.022184 0.042878
0 0.256554 0.028565 0.028538 0.030095
0 0.619046 0.096076 0.022485 0.041483
0 0.594183 0.096076 0.022917 0.044736
0 0.308154 0.096890 0.021620 0.039856
0 0.341880 0.095670 0.023349 0.045550
0 0.199406 0.096076 0.021187 0.043110
0 0.684842 0.316912 0.033294 0.039043
0 0.684536 0.357988 0.033905 0.039856
4 0.316657 0.317183 0.043240 0.040670
4 0.316225 0.358259 0.042375 0.039856
4 0.527573 0.315930 0.041271 0.037566
4 0.311685 0.608241 0.034159 0.039856
0 0.502208 0.095727 0.022163 0.043505
0 0.426885 0.098446 0.025054 0.041692
0 0.392676 0.096633 0.019272 0.043505
0 0.366659 0.097087 0.023127 0.048036
0 0.082309 0.212948 0.020718 0.036254
1 0.030045 0.983632 0.012018 0.024662
3 0.030864 0.734438 0.012564 0.025690
3 0.030864 0.774515 0.016934 0.027745
3 0.031684 0.817674 0.015296 0.027745
1 0.315529 0.400038 0.041087 0.036663
1 0.311578 0.441160 0.032132 0.035672