4 0.239254 0.737745 0.087178 0.042231
2 0.080137 0.158257 0.130583 0.040534
0 0.590752 0.737273 0.025178 0.044877
0 0.614660 0.737515 0.023342 0.044280
2 0.309637 0.157604 0.051644 0.032615
1 0.039276 0.591210 0.011675 0.023646
0 0.638907 0.737326 0.025024 0.044930
0 0.232878 0.159478 0.074401 0.033332
1 0.039492 0.541879 0.012972 0.022831
0 0.128268 0.398446 0.060144 0.040140
0 0.291189 0.737869 0.019204 0.040771
0 0.169991 0.158434 0.020014 0.034918
4 0.239555 0.296281 0.040085 0.042068
0 0.019386 0.023428 0.017728 0.031800
0 0.073003 0.023835 0.070480 0.030985
0 0.025007 0.083766 0.016863 0.031800
0 0.133034 0.024243 0.025944 0.033431
0 0.172237 0.025058 0.031132 0.028539
0 0.219585 0.022612 0.041942 0.033431
0 0.266499 0.023020 0.029403 0.030985
0 0.042965 0.395760 0.070540 0.044743
0 0.228293 0.392737 0.102604 0.043534
0 0.327690 0.395155 0.055149 0.045953
0 0.419392 0.398178 0.098756 0.044743
0 0.513659 0.398178 0.052584 0.042325