2 0.418270 0.650131 0.194578 0.040670
2 0.298871 0.275150 0.196337 0.040028
4 0.222811 0.649724 0.144963 0.039856
4 0.228107 0.399535 0.153105 0.039487
4 0.104620 0.976785 0.091341 0.041638
2 0.271965 0.976866 0.066657 0.041419
2 0.112201 0.093060 0.145114 0.043173
4 0.282145 0.567620 0.262228 0.038401
4 0.197488 0.441066 0.093766 0.038330
4 0.222954 0.525169 0.143719 0.040317
2 0.272046 0.937150 0.066075 0.038730
4 0.485513 0.441566 0.144917 0.040070
4 0.434373 0.937935 0.259719 0.036603
4 0.434784 0.977077 0.259100 0.040916
0 0.213738 0.026555 0.039686 0.025906
4 0.104374 0.937084 0.092375 0.041081
0 0.283409 0.095732 0.019908 0.037433
4 0.197199 0.483489 0.093162 0.038767
4 0.044515 0.977529 0.031727 0.040374
4 0.044029 0.938026 0.030707 0.038411
0 0.163215 0.027572 0.030713 0.025893
0 0.271467 0.027409 0.051011 0.026035
0 0.257534 0.095483 0.020519 0.037045
0 0.120529 0.026934 0.027117 0.027486
4 0.858438 0.977468 0.027157 0.039496
0 0.348132 0.027253 0.076611 0.026646
0 0.224987 0.095170 0.022321 0.041041
0 0.055773 0.320578 0.086374 0.037831
0 0.309054 0.095405 0.019691 0.036847
0 0.286824 0.211898 0.057275 0.036176
4 0.834462 0.976797 0.022909 0.038880
4 0.858394 0.938658 0.027257 0.039513
4 0.018030 0.977082 0.023437 0.040226
0 0.561015 0.097464 0.025664 0.044535
0 0.020404 0.096345 0.022374 0.039452
4 0.018226 0.937262 0.022990 0.041483
4 0.421955 0.399867 0.016420 0.040151
0 0.421646 0.027430 0.044358 0.024888
4 0.489187 0.566786 0.051478 0.040070
0 0.341801 0.095169 0.019646 0.038314
0 0.047802 0.025901 0.090248 0.032218
4 0.834500 0.938461 0.022977 0.038070
0 0.200784 0.094095 0.021402 0.040723
0 0.243642 0.320696 0.039230 0.035952
0 0.290047 0.321224 0.054910 0.034894
0 0.472175 0.027476 0.030238 0.033910
0 0.618621 0.094848 0.025739 0.043409
0 0.593548 0.095683 0.023520 0.041740
0 0.535413 0.096100 0.023520 0.044244
0 0.503461 0.096935 0.020857 0.045914
0 0.476391 0.096518 0.021745 0.043409
0 0.452206 0.095683 0.021301 0.041740
0 0.426689 0.094848 0.023520 0.043409
0 0.051182 0.210050 0.078104 0.041740
0 0.174773 0.212137 0.127363 0.044244
0 0.377356 0.211302 0.083429 0.039235
0 0.466776 0.210884 0.057247 0.040070
0 0.579938 0.211719 0.128251 0.040070
4 0.752389 0.275227 0.271501 0.038067
0 0.195241 0.320696 0.059584 0.035952
0 0.131722 0.318939 0.067454 0.035236
0 0.312269 0.399826 0.015976 0.036731
4 0.345412 0.692020 0.389588 0.038229
1 0.326386 0.609054 0.013404 0.025215