2 0.112722 0.092716 0.145595 0.044523
0 0.283082 0.096000 0.020589 0.038064
4 0.595587 0.566154 0.096361 0.044033
0 0.257621 0.095985 0.021221 0.038204
0 0.163226 0.027618 0.030691 0.025931
0 0.214944 0.027774 0.045400 0.026647
0 0.561100 0.097669 0.025796 0.044704
0 0.120552 0.026934 0.027113 0.027534
4 0.257159 0.567277 0.094318 0.040351
0 0.020277 0.095799 0.021899 0.040395
0 0.308737 0.096660 0.019897 0.037488
0 0.225128 0.095395 0.022962 0.041201
4 0.256747 0.316844 0.093876 0.039992
0 0.049545 0.026248 0.085614 0.030604
0 0.279904 0.210711 0.139231 0.047342
0 0.477849 0.097928 0.021709 0.042385
4 0.223062 0.607866 0.025764 0.039522
0 0.535518 0.097688 0.024902 0.044182
4 0.231427 0.400189 0.042334 0.039124
0 0.426141 0.097144 0.022679 0.041994
0 0.200390 0.094128 0.023155 0.041631
0 0.267548 0.028262 0.029919 0.036839
0 0.593318 0.094856 0.022917 0.040670
0 0.619910 0.094856 0.022485 0.043923
4 0.231692 0.359072 0.041942 0.038229
1 0.222409 0.524326 0.023089 0.037416
4 0.222922 0.732631 0.026626 0.036731
0 0.103791 0.209334 0.197749 0.056518
0 0.415164 0.209334 0.119087 0.054463