1 0.288421 0.352545 0.019598 0.032870
0 0.364445 0.451952 0.020969 0.035892
0 0.658309 0.537434 0.021998 0.036054
5 0.722594 0.757487 0.030486 0.038282
5 0.725627 0.712821 0.035351 0.039884
3 0.485602 0.802517 0.209746 0.039220
0 0.902561 0.978065 0.065351 0.033705
5 0.722528 0.844005 0.029127 0.039822
5 0.400492 0.888395 0.040899 0.035372
5 0.722347 0.801802 0.029794 0.037904
5 0.725906 0.670584 0.036029 0.038093
3 0.486037 0.714208 0.210409 0.040665
3 0.491843 0.537802 0.276563 0.040276
0 0.452025 0.451190 0.021102 0.035372
0 0.477720 0.450996 0.021607 0.035306
1 0.287646 0.318534 0.018256 0.031324
0 0.092887 0.292968 0.022517 0.039209
0 0.338098 0.451344 0.020391 0.036180
5 0.725957 0.627366 0.035677 0.036267
1 0.288506 0.386837 0.019581 0.032599
0 0.680047 0.537613 0.020905 0.034753
0 0.518710 0.452054 0.019508 0.032949
0 0.950869 0.494859 0.098261 0.039096
5 0.815696 0.353449 0.071977 0.037374
0 0.558329 0.451644 0.021090 0.036304
0 0.405184 0.451816 0.021213 0.035802
0 0.040658 0.292744 0.019295 0.037178
0 0.498038 0.451002 0.019325 0.033350
0 0.296712 0.451687 0.019689 0.035814
0 0.707984 0.451581 0.108472 0.041172
0 0.063573 0.292958 0.021294 0.038712
0 0.317345 0.451354 0.019888 0.034545
0 0.967559 0.978797 0.054140 0.029263
5 0.124853 0.495954 0.221744 0.036954
5 0.125360 0.701313 0.223268 0.038104
5 0.126479 0.803251 0.224758 0.038179
0 0.270057 0.451215 0.023016 0.036852
0 0.537988 0.452500 0.019106 0.034952
0 0.384176 0.451979 0.019100 0.034756
5 0.816102 0.387081 0.072296 0.036918
0 0.409667 0.089141 0.043433 0.029507
5 0.124822 0.599312 0.222894 0.037161
0 0.261986 0.088573 0.071244 0.030525
1 0.268950 0.352450 0.012972 0.023821
0 0.974587 0.089820 0.042599 0.029940
0 0.430323 0.451135 0.019862 0.034970
5 0.899804 0.144859 0.076762 0.040690
1 0.269166 0.386859 0.012539 0.023821
0 0.576464 0.090192 0.046023 0.028923
1 0.822268 0.670182 0.017044 0.030521
5 0.894058 0.844743 0.075732 0.037742
5 0.725924 0.921941 0.035971 0.024033
5 0.397936 0.669453 0.034561 0.037386
5 0.897003 0.353354 0.092314 0.037624
0 0.343026 0.090276 0.075020 0.030547
3 0.339094 0.144698 0.140903 0.037991
5 0.682911 0.353294 0.111239 0.038319
5 0.126454 0.770383 0.225788 0.036257
5 0.124481 0.392726 0.223576 0.039469
5 0.125829 0.664199 0.222330 0.037544
0 0.938349 0.089596 0.014117 0.027624
5 0.125716 0.564248 0.222194 0.040616
5 0.125187 0.425747 0.222164 0.040173
5 0.317265 0.352757 0.039157 0.035631
5 0.683766 0.318791 0.109529 0.034731
1 0.269382 0.318482 0.012107 0.028233
5 0.125399 0.528940 0.221740 0.038288
5 0.124953 0.462342 0.221544 0.040244
5 0.772130 0.353465 0.017004 0.034236
0 0.250006 0.536945 0.021689 0.036536
5 0.127091 0.839553 0.225486 0.041098
5 0.442457 0.353209 0.126083 0.037661
0 0.780661 0.090020 0.074920 0.029423
0 0.107103 0.091037 0.155773 0.032858
5 0.751446 0.353413 0.027918 0.035109
5 0.126235 0.735370 0.223826 0.040604
3 0.013751 0.292488 0.027501 0.040124
5 0.125812 0.631714 0.223090 0.038910
0 0.491940 0.090344 0.105745 0.031155
0 0.250123 0.231737 0.020903 0.035475
0 0.205120 0.089369 0.026551 0.028230
5 0.990144 0.353085 0.019712 0.034981
0 0.538866 0.585293 0.040080 0.031516
0 0.686617 0.090101 0.102279 0.030928
5 0.317348 0.317405 0.039811 0.035577
0 0.617761 0.090741 0.024436 0.028243
3 0.842916 0.089416 0.034909 0.028265
0 0.915381 0.090361 0.016470 0.029695
5 0.897587 0.317000 0.093432 0.037839
5 0.685070 0.386945 0.111005 0.033647
3 0.138303 0.292961 0.014251 0.038374
5 0.397967 0.625854 0.032565 0.032751
5 0.990128 0.387583 0.019744 0.037190
5 0.369648 0.389439 0.021431 0.034327
0 0.250181 0.189847 0.021457 0.034737
1 0.822000 0.714997 0.016295 0.030867
5 0.317332 0.387332 0.039458 0.034125
5 0.772595 0.386903 0.016713 0.032411
0 0.314658 0.582140 0.072666 0.029832
5 0.816415 0.317130 0.073037 0.036581
5 0.751848 0.386390 0.025826 0.033319
5 0.008291 0.802950 0.016582 0.037777
0 0.121450 0.292112 0.017765 0.036790
5 0.126165 0.871514 0.223832 0.033599
5 0.441618 0.388790 0.126040 0.037201
5 0.443088 0.319026 0.125775 0.033438
5 0.771843 0.318753 0.015296 0.031546
5 0.008203 0.701315 0.016405 0.037866
5 0.897823 0.390506 0.094498 0.030055
5 0.990344 0.318188 0.019290 0.034337
5 0.568107 0.385593 0.124321 0.034700
5 0.566689 0.353173 0.124026 0.037038
5 0.008400 0.839763 0.016800 0.037556
5 0.445537 0.144765 0.074704 0.039687
5 0.007928 0.424752 0.015519 0.037080
5 0.008132 0.665527 0.016264 0.036897
5 0.008283 0.738174 0.016566 0.036968
5 0.008003 0.461768 0.016005 0.036123
5 0.008137 0.599666 0.016274 0.037016
5 0.008224 0.632884 0.016448 0.033718
5 0.007946 0.496001 0.015891 0.035169
5 0.008111 0.768946 0.016222 0.035352
1 0.822212 0.801158 0.017256 0.036729
5 0.347303 0.388415 0.021152 0.030708
3 0.484519 0.923847 0.210617 0.023279
5 0.689127 0.145618 0.187589 0.040910
5 0.963148 0.386941 0.037369 0.033835
5 0.008051 0.563489 0.016101 0.036387
5 0.963550 0.352925 0.037573 0.033260
1 0.821942 0.625468 0.014615 0.029808
5 0.369121 0.353479 0.022485 0.035291
5 0.348366 0.353920 0.021620 0.037938
5 0.428071 0.888726 0.013837 0.035291
5 0.007855 0.390388 0.015710 0.036173
5 0.007855 0.529346 0.015710 0.037056