3 0.209681 0.711019 0.154581 0.041993
5 0.147723 0.574765 0.029504 0.035577
5 0.158268 0.889309 0.049579 0.038591
0 0.439156 0.170735 0.020728 0.037324
0 0.541863 0.440286 0.023726 0.040821
5 0.144531 0.798274 0.022821 0.035741
5 0.172205 0.262854 0.092728 0.040733
0 0.295218 0.261447 0.118805 0.043410
5 0.171885 0.216563 0.090881 0.037135
0 0.480754 0.171056 0.021511 0.038536
0 0.458999 0.170764 0.021802 0.037617
0 0.514298 0.440422 0.024313 0.042115
0 0.964858 0.965348 0.058512 0.034911
3 0.209822 0.530203 0.152850 0.040888
0 0.897292 0.967772 0.064496 0.039899
0 0.397513 0.170706 0.021006 0.037026
1 0.372797 0.890473 0.013404 0.029176
0 0.418087 0.170778 0.020989 0.036915
0 0.970567 0.091476 0.043232 0.032857
0 0.064347 0.352270 0.052651 0.036168
5 0.233930 0.171301 0.214655 0.035593
0 0.932913 0.092250 0.019848 0.033031
0 0.057687 0.090173 0.079605 0.029292
3 0.330026 0.090828 0.037385 0.029777
1 0.373229 0.844303 0.012539 0.027799
5 0.240850 0.440972 0.214619 0.040441
0 0.164402 0.090838 0.115875 0.030553
5 0.178796 0.840539 0.090018 0.047252
4 0.427287 0.890001 0.086930 0.027045
4 0.413853 0.932060 0.060925 0.023707
3 0.266903 0.091250 0.074978 0.030119
5 0.373077 0.754710 0.013100 0.026622
4 0.426997 0.844328 0.088078 0.030054
4 0.410863 0.755523 0.054081 0.027280
3 0.239864 0.487275 0.214481 0.041390
4 0.407894 0.710415 0.058104 0.025059