5 0.401662 0.887482 0.043998 0.038210
0 0.718264 0.449319 0.085601 0.041273
5 0.720782 0.801258 0.028905 0.038508
5 0.721023 0.755948 0.029434 0.037978
0 0.901130 0.976667 0.065329 0.037894
0 0.637747 0.736907 0.053866 0.032976
0 0.948474 0.495040 0.103052 0.040379
0 0.039962 0.292034 0.020193 0.037772
0 0.269623 0.449013 0.022538 0.037607
5 0.534490 0.401294 0.075410 0.036600
1 0.819875 0.670186 0.015391 0.030696
0 0.568377 0.736357 0.072078 0.032892
1 0.286442 0.351427 0.017966 0.030818
0 0.935719 0.089886 0.013226 0.028352
0 0.248407 0.536967 0.022061 0.039355
0 0.295402 0.449450 0.019876 0.034944
0 0.262079 0.087770 0.070896 0.030148
0 0.062943 0.292252 0.022237 0.039063
5 0.720452 0.842511 0.030137 0.039799
0 0.342013 0.089299 0.072981 0.029900
0 0.092295 0.292916 0.022221 0.040304
0 0.316253 0.449775 0.020867 0.034422
5 0.724221 0.671267 0.035740 0.041851
0 0.966735 0.978019 0.055583 0.029944
0 0.409194 0.089211 0.042672 0.028894
0 0.204711 0.089419 0.026950 0.029402
0 0.013381 0.292231 0.026762 0.039001
0 0.971853 0.090121 0.044201 0.030229
1 0.819953 0.713768 0.014973 0.028732
5 0.125539 0.393264 0.232243 0.041868
0 0.573975 0.090093 0.045241 0.030273
5 0.126293 0.597435 0.227945 0.040566
5 0.723912 0.626616 0.035221 0.039607
1 0.287034 0.386787 0.017570 0.031207
5 0.125735 0.495691 0.229478 0.040484
3 0.840509 0.088866 0.032677 0.027487
5 0.723581 0.712461 0.034932 0.037439
1 0.268967 0.387954 0.017137 0.027955
0 0.778028 0.089706 0.072590 0.029733
0 0.616234 0.089378 0.023340 0.026726
0 0.683561 0.090726 0.105634 0.031659
5 0.126585 0.699894 0.228040 0.039728
0 0.105338 0.090831 0.158793 0.031288
5 0.125931 0.427055 0.228314 0.038658
5 0.127090 0.631571 0.225664 0.039227
0 0.248720 0.232493 0.020408 0.037277
0 0.249232 0.189133 0.020982 0.035472
5 0.898040 0.144519 0.079888 0.040691
0 0.913808 0.089776 0.015217 0.028345
0 0.491723 0.091002 0.103252 0.031330
1 0.821034 0.800013 0.017462 0.035832
5 0.126737 0.733760 0.226665 0.040564
3 0.136614 0.293283 0.015057 0.038418
5 0.126931 0.835107 0.226672 0.040872
0 0.121557 0.292454 0.018670 0.037390
1 0.268650 0.352729 0.017024 0.028748
1 0.286916 0.319945 0.016661 0.031267
5 0.126822 0.530655 0.226398 0.040158
3 0.345009 0.144655 0.155288 0.036077
5 0.125780 0.459843 0.228846 0.042667
5 0.126684 0.664700 0.226878 0.041790
5 0.126080 0.870864 0.226509 0.042568
5 0.892041 0.844153 0.075448 0.039036
0 0.892705 0.844746 0.074993 0.040843
3 0.485710 0.803397 0.212101 0.038628
1 0.268273 0.317192 0.015994 0.029397
0 0.681813 0.537941 0.013018 0.036766
5 0.126449 0.768529 0.226532 0.041837
5 0.482049 0.924999 0.210877 0.029535
5 0.126640 0.800831 0.227285 0.041790
5 0.128693 0.560919 0.228217 0.042696
5 0.125748 0.905693 0.225943 0.038744
0 0.661344 0.326287 0.015980 0.032756
5 0.007086 0.392699 0.014172 0.036253
5 0.125480 0.481717 0.230690 0.052932
5 0.123605 0.784553 0.226928 0.063906
5 0.006942 0.903841 0.013884 0.036916
5 0.006990 0.596009 0.013980 0.038325
5 0.362959 0.488983 0.011042 0.027680
5 0.362711 0.533961 0.011538 0.021767
5 0.363377 0.577948 0.011982 0.024488