5 0.227680 0.443340 0.084319 0.039015
5 0.723524 0.443227 0.060990 0.038836
5 0.197169 0.652616 0.060523 0.040256
0 0.955643 0.963561 0.073059 0.037967
0 0.024196 0.849806 0.023887 0.041731
5 0.188747 0.605076 0.043421 0.039498
5 0.741777 0.604969 0.044317 0.040196
0 0.183084 0.096440 0.092079 0.037094
5 0.230768 0.490108 0.090034 0.041291
5 0.212836 0.395720 0.052747 0.040089
5 0.772736 0.652831 0.107068 0.042042
0 0.025478 0.963409 0.032307 0.043066
5 0.771658 0.748349 0.105780 0.040825
5 0.219757 0.747489 0.107768 0.041915
5 0.723054 0.394777 0.059315 0.039580
3 0.964641 0.094341 0.032539 0.033096
0 0.816903 0.748485 0.016179 0.035812
5 0.858342 0.652927 0.061849 0.040259
0 0.266772 0.490000 0.016230 0.037616
0 0.070694 0.095770 0.105294 0.033668
5 0.215340 0.699398 0.097334 0.040719
3 0.443625 0.093657 0.103428 0.030076
5 0.806183 0.700168 0.175610 0.041261
3 0.728151 0.094381 0.107516 0.031266
3 0.311170 0.094840 0.129126 0.032460
0 0.265883 0.748721 0.015865 0.037111
3 0.585710 0.094298 0.147213 0.031643
0 0.878815 0.653192 0.021502 0.038405
0 0.817128 0.653834 0.016172 0.036929
0 0.884807 0.700255 0.018055 0.036831
1 0.021575 0.906942 0.018312 0.034919
0 0.253626 0.701270 0.019195 0.038094