5 0.659451 0.747771 0.025799 0.043244
5 0.189026 0.850555 0.038652 0.040442
5 0.211820 0.800344 0.087134 0.045719
0 0.022198 0.390496 0.024837 0.045254
0 0.095488 0.494751 0.077951 0.040656
5 0.507365 0.800449 0.085018 0.044454
0 0.484731 0.390816 0.023565 0.042764
5 0.636339 0.645666 0.024975 0.042754
5 0.211989 0.646735 0.085436 0.044110
0 0.508835 0.390673 0.023675 0.043305
3 0.295578 0.390572 0.312285 0.045402
0 0.088786 0.098709 0.158392 0.034247
0 0.975313 0.099187 0.047760 0.035760
0 0.363970 0.098972 0.114170 0.034320
0 0.934384 0.098937 0.017226 0.032580
0 0.257573 0.097977 0.080283 0.033167
0 0.520274 0.099382 0.113258 0.033105
5 0.326651 0.596407 0.311711 0.042254
5 0.764975 0.597675 0.283491 0.042441
5 0.070625 0.184869 0.037186 0.037166
3 0.695881 0.097950 0.037316 0.031706
1 0.044032 0.227056 0.015134 0.030065
5 0.207906 0.698113 0.076350 0.042253
1 0.044271 0.186425 0.015612 0.030799
0 0.489859 0.544070 0.017641 0.043214
5 0.070625 0.224966 0.035456 0.043356
0 0.192514 0.098164 0.031925 0.031913
5 0.070841 0.150654 0.037619 0.028498
5 0.765880 0.544871 0.281681 0.047376
1 0.632065 0.697032 0.014053 0.030597
0 0.440932 0.099791 0.026533 0.031206
5 0.307084 0.747996 0.274736 0.043695
1 0.043918 0.146652 0.013176 0.028704
3 0.627560 0.098336 0.082866 0.033435
5 0.325132 0.544208 0.309653 0.045412