3 0.232976 0.583218 0.148433 0.038951
3 0.233982 0.537826 0.144918 0.041545
0 0.426344 0.172577 0.021153 0.038176
0 0.446192 0.172848 0.020801 0.038667
5 0.464321 0.807735 0.029631 0.038526
5 0.197409 0.264407 0.092720 0.037382
5 0.166801 0.219532 0.029514 0.038126
5 0.463945 0.853301 0.029706 0.038023
0 0.316055 0.309891 0.133518 0.043104
0 0.405635 0.172810 0.020924 0.038482
5 0.197701 0.626211 0.078089 0.037726
0 0.896448 0.977080 0.066961 0.037409
5 0.191337 0.309649 0.080021 0.039890
0 0.467906 0.173244 0.022036 0.040459
0 0.383827 0.172977 0.021927 0.039965
0 0.489164 0.492069 0.022520 0.041018
5 0.197560 0.671209 0.078052 0.039831
0 0.963688 0.976817 0.060599 0.034210
0 0.968861 0.093220 0.046642 0.034593
3 0.350216 0.092010 0.035611 0.028852
5 0.464175 0.897815 0.029809 0.039712
0 0.034929 0.093192 0.054368 0.030741
0 0.108066 0.092164 0.079329 0.028755
5 0.300974 0.491570 0.287406 0.042412
5 0.487538 0.671881 0.077553 0.038759
5 0.218489 0.175143 0.133036 0.040796
0 0.054759 0.401020 0.053735 0.034787
0 0.197919 0.093820 0.085965 0.031658
5 0.019471 0.854661 0.011814 0.025603
3 0.286051 0.092659 0.077521 0.030439
5 0.019512 0.899229 0.013894 0.027384
1 0.459338 0.628174 0.012306 0.026146
0 0.177678 0.399748 0.036456 0.031790
0 0.120742 0.398767 0.047984 0.032580
0 0.227960 0.402198 0.029625 0.031749