0 0.046550 0.172622 0.021067 0.039226
0 0.017129 0.171910 0.021793 0.039361
0 0.093321 0.171056 0.021231 0.039538
0 0.070308 0.172082 0.020966 0.038780
0 0.976012 0.089515 0.044224 0.032787
0 0.183585 0.173227 0.021536 0.038205
0 0.930286 0.089880 0.035165 0.035485
0 0.115904 0.171072 0.021636 0.040143
0 0.244839 0.173034 0.019573 0.039351
3 0.034228 0.089351 0.037022 0.029798
0 0.139463 0.171927 0.017811 0.039533
0 0.206503 0.173764 0.016863 0.039628
1 0.011419 0.334113 0.014736 0.025650
3 0.156763 0.173046 0.015902 0.040340
3 0.223219 0.173787 0.015682 0.037884
1 0.012433 0.298204 0.013920 0.026481
1 0.011548 0.263682 0.014749 0.030037
1 0.923019 0.265095 0.012107 0.024413
1 0.922803 0.299971 0.012539 0.024413