5 0.535340 0.666777 0.116050 0.047223
5 0.536171 0.717938 0.116447 0.044855
5 0.173713 0.565381 0.151755 0.047011
5 0.119849 0.870256 0.048122 0.045825
5 0.169814 0.717240 0.146541 0.046069
5 0.558650 0.512968 0.160771 0.045629
5 0.116627 0.411657 0.039137 0.043534
5 0.173045 0.614925 0.150427 0.047891
5 0.535959 0.767489 0.116872 0.044862
5 0.555217 0.564143 0.155124 0.045300
5 0.551273 0.819330 0.146953 0.044293
5 0.139957 0.193352 0.040783 0.042532
5 0.512666 0.461707 0.070626 0.043772
5 0.858333 0.512977 0.164934 0.048639
3 0.172056 0.103837 0.037631 0.030867
5 0.173246 0.511824 0.152408 0.043523
0 0.079478 0.104466 0.031227 0.029979
0 0.304368 0.244796 0.031743 0.047701
5 0.858039 0.561881 0.165800 0.047217
5 0.497799 0.410670 0.040545 0.042364
5 0.169512 0.818406 0.146103 0.043220
5 0.169645 0.766747 0.146585 0.045414
0 0.027893 0.104007 0.054899 0.033488
5 0.170270 0.665191 0.145853 0.043523
0 0.050371 0.348543 0.057371 0.037532
0 0.957055 0.104219 0.050138 0.041637
0 0.123900 0.104802 0.041644 0.032701
5 0.295318 0.563789 0.032377 0.042579
5 0.295236 0.513037 0.032103 0.043753
5 0.104815 0.460685 0.018247 0.043593
5 0.193836 0.245331 0.146956 0.044559
5 0.318099 0.194072 0.313148 0.042213
0 0.012376 0.972547 0.017488 0.032591
0 0.115037 0.350201 0.035116 0.038707