0 0.362502 0.717472 0.151439 0.046875
0 0.900570 0.980052 0.066257 0.038067
0 0.109718 0.764571 0.151907 0.041740
1 0.014247 0.765589 0.015172 0.029784
0 0.361963 0.765457 0.151333 0.043754
1 0.265582 0.765411 0.016199 0.030804
0 0.110937 0.718319 0.150227 0.044068
0 0.043829 0.085415 0.084137 0.030936
5 0.144762 0.168259 0.064945 0.040153
5 0.223105 0.215614 0.221736 0.047354
5 0.297052 0.628443 0.293599 0.048447
0 0.126469 0.085659 0.065103 0.028349
0 0.467120 0.580887 0.036627 0.040885
0 0.360617 0.809620 0.151923 0.043459
0 0.109472 0.809888 0.151415 0.041992
3 0.268193 0.084976 0.037656 0.027943
5 0.298108 0.581569 0.290561 0.047253
5 0.298488 0.671343 0.289649 0.043855
0 0.974454 0.085855 0.048830 0.036367
5 0.523605 0.168522 0.047192 0.039191
5 0.172619 0.350645 0.037003 0.038168
0 0.968237 0.979583 0.058752 0.031964
0 0.202521 0.085389 0.072487 0.029168
5 0.312990 0.167651 0.036627 0.040976
5 0.165749 0.535183 0.022622 0.037556
1 0.265745 0.809543 0.016181 0.029464
1 0.013595 0.718071 0.015617 0.031921
1 0.265403 0.717601 0.016882 0.028601
3 0.480964 0.488180 0.164296 0.047490
3 0.275333 0.488191 0.243973 0.044343
5 0.186310 0.941804 0.063889 0.036980
5 0.404686 0.935876 0.374325 0.041526
0 0.014419 0.809882 0.015523 0.029365
1 0.392023 0.350780 0.014856 0.029535
0 0.484600 0.487331 0.169500 0.049065
0 0.210782 0.351124 0.014538 0.029406
5 0.273870 0.487717 0.241350 0.043613
5 0.079068 0.941762 0.157763 0.040542