3 0.988054 0.089557 0.022604 0.030530
5 0.753821 0.655353 0.080477 0.042672
5 0.819361 0.381996 0.207843 0.039459
5 0.223229 0.748080 0.072081 0.039807
5 0.819612 0.428446 0.208253 0.040823
5 0.795077 0.517972 0.161170 0.040011
3 0.515838 0.088410 0.130180 0.031661
5 0.216259 0.702091 0.060071 0.042164
5 0.269118 0.565408 0.161216 0.039923
3 0.389047 0.087551 0.091605 0.030244
5 0.220335 0.427866 0.065421 0.039618
5 0.737124 0.701667 0.047830 0.038419
0 0.976288 0.975422 0.047424 0.037213
5 0.732870 0.747800 0.037533 0.035805
3 0.642285 0.088070 0.095584 0.030083
3 0.272093 0.087632 0.114802 0.030907
5 0.268708 0.795558 0.162560 0.040187
5 0.205958 0.655201 0.037030 0.037994
0 0.058994 0.885140 0.029073 0.037935
5 0.339171 0.473746 0.304916 0.041384
5 0.290947 0.381845 0.208480 0.038517
5 0.210907 0.518206 0.047562 0.037912
0 0.027111 0.884943 0.032042 0.040254
0 0.158676 0.087907 0.077856 0.029856
0 0.060584 0.088429 0.090565 0.029508
0 0.018419 0.977688 0.025810 0.033702
5 0.737899 0.473238 0.047726 0.040542
0 0.754459 0.474949 0.014463 0.034860
0 0.199210 0.273165 0.116359 0.042591