0 0.574562 0.669739 0.022140 0.039607
0 0.900330 0.978203 0.066488 0.039449
5 0.526438 0.489029 0.078682 0.040915
5 0.502035 0.352682 0.127363 0.039209
5 0.526179 0.534846 0.078210 0.040636
5 0.228545 0.534051 0.034185 0.038455
0 0.304498 0.307728 0.105609 0.041805
5 0.436222 0.900552 0.078470 0.039136
5 0.193353 0.215882 0.133610 0.040156
5 0.502371 0.306838 0.127557 0.040026
0 0.102178 0.087606 0.099016 0.032921
0 0.969214 0.975667 0.058904 0.036553
5 0.394800 0.170010 0.049854 0.042694
0 0.027558 0.087264 0.035768 0.029162
5 0.124237 0.900552 0.064211 0.039136
0 0.428309 0.086708 0.065722 0.030697
5 0.228379 0.489919 0.035894 0.040915
0 0.357364 0.087287 0.061211 0.028967
5 0.193184 0.854300 0.200919 0.039136
5 0.131798 0.716427 0.076635 0.039249
0 0.239165 0.087772 0.160268 0.035325
0 0.524178 0.086387 0.111119 0.033447
0 0.975120 0.086921 0.044701 0.033872
3 0.822348 0.087107 0.036857 0.031318
0 0.646958 0.087976 0.116144 0.033561
5 0.155467 0.307728 0.126158 0.041805
0 0.936690 0.087531 0.016894 0.031090
5 0.131155 0.671414 0.078468 0.038969
5 0.110410 0.489474 0.035466 0.040026
5 0.110405 0.535863 0.036321 0.041530
3 0.464248 0.854745 0.133178 0.038247
5 0.193425 0.900552 0.035456 0.039136
3 0.415557 0.671539 0.147258 0.036513
5 0.297723 0.900552 0.035869 0.039136
0 0.753607 0.086961 0.084762 0.033115
1 0.522007 0.899331 0.014686 0.026492
5 0.232211 0.307525 0.030043 0.042209
0 0.175896 0.671205 0.012918 0.035845
5 0.374310 0.716434 0.064859 0.040915