3 0.133407 0.681524 0.110864 0.041766
3 0.132977 0.762475 0.111734 0.041745
3 0.133578 0.641573 0.110180 0.038972
0 0.956616 0.974618 0.071862 0.044577
0 0.019869 0.538464 0.020560 0.043385
1 0.017029 0.644550 0.013888 0.028811
3 0.727231 0.102962 0.106315 0.034070
3 0.298894 0.102452 0.127259 0.035357
0 0.020489 0.975792 0.028908 0.044757
3 0.726352 0.680163 0.188957 0.043381
3 0.586926 0.102798 0.140948 0.036852
3 0.132799 0.721732 0.111378 0.039829
3 0.131908 0.803008 0.112574 0.044894
3 0.439791 0.102780 0.118460 0.035950
0 0.066311 0.102717 0.100535 0.034929
5 0.260045 0.680939 0.138975 0.043427
5 0.258511 0.643399 0.142131 0.037029
3 0.965739 0.103311 0.031760 0.039553
1 0.017773 0.685301 0.013392 0.029025
1 0.017224 0.765391 0.014269 0.029877
1 0.017008 0.725249 0.014701 0.027918
5 0.259502 0.761316 0.139834 0.043648
3 0.725684 0.803246 0.188194 0.043283
0 0.123909 0.539232 0.164163 0.044922
0 0.176131 0.102235 0.087830 0.035586
3 0.725881 0.721349 0.188895 0.039547
1 0.017277 0.598770 0.015375 0.031372
5 0.259303 0.721222 0.140194 0.040963
0 0.980200 0.537348 0.020473 0.045425
5 0.574799 0.762246 0.111562 0.039819
1 0.017224 0.805656 0.014269 0.030216
5 0.575007 0.804604 0.112271 0.043182
3 0.725491 0.642731 0.190296 0.038180
5 0.399090 0.761410 0.141369 0.044984
5 0.575059 0.722561 0.112081 0.040645
5 0.398187 0.680787 0.142383 0.042229
5 0.397759 0.804453 0.141446 0.043716
5 0.399476 0.721726 0.141245 0.041906
3 0.725588 0.761914 0.190483 0.045077
5 0.400115 0.640740 0.141994 0.042989
5 0.575439 0.680844 0.113707 0.042483
5 0.575542 0.640675 0.112135 0.042607
5 0.257432 0.804879 0.139954 0.043955
0 0.694280 0.311354 0.034623 0.044571
5 0.017303 0.379555 0.014228 0.026137
5 0.016249 0.421034 0.014228 0.034092