5 0.440690 0.563319 0.512126 0.342831
0 0.026118 0.954122 0.035844 0.048650
3 0.957383 0.102336 0.036428 0.036696
3 0.680914 0.100363 0.163011 0.038790
0 0.948896 0.955850 0.083305 0.044505
3 0.510895 0.100960 0.138992 0.037058
5 0.440590 0.834166 0.510720 0.183327
3 0.844112 0.101568 0.121097 0.037975
0 0.080925 0.101344 0.110321 0.034509
0 0.206306 0.099578 0.101419 0.035711
3 0.348756 0.108356 0.147392 0.047979
0 0.097808 0.318273 0.124522 0.054202
4 0.346013 0.153610 0.140197 0.034114
4 0.328165 0.314927 0.103487 0.033471
4 0.306945 0.262374 0.057541 0.027243
4 0.299160 0.213430 0.041167 0.035505