5 0.198177 0.302587 0.091084 0.034203
0 0.059974 0.911952 0.024880 0.034447
0 0.139692 0.912513 0.024334 0.033340
0 0.109603 0.912808 0.024633 0.032273
0 0.278954 0.911640 0.026926 0.038274
0 0.215183 0.912366 0.027148 0.034295
0 0.284224 0.077808 0.018817 0.030455
0 0.254124 0.912283 0.025343 0.036180
0 0.319494 0.912347 0.024557 0.037439
0 0.263910 0.078205 0.019079 0.028916
5 0.705727 0.438174 0.261572 0.034441
5 0.881766 0.830806 0.126773 0.030775
5 0.380691 0.303248 0.049502 0.034147
5 0.259296 0.438748 0.213322 0.033752
5 0.222454 0.404220 0.139638 0.033578
0 0.028012 0.912260 0.027459 0.035134
5 0.882844 0.767677 0.128063 0.029882
0 0.084676 0.912050 0.025042 0.033334
0 0.176837 0.912246 0.049189 0.034596
5 0.705254 0.336763 0.261708 0.033372
0 0.380712 0.075050 0.021771 0.031117
5 0.882201 0.671850 0.127643 0.031391
0 0.491668 0.076613 0.022611 0.031039
0 0.540552 0.075676 0.017458 0.026693
0 0.214136 0.076397 0.018561 0.029285
0 0.242500 0.078097 0.019784 0.028515
5 0.882881 0.703380 0.129868 0.034324
5 0.198002 0.336546 0.090733 0.032427
0 0.333958 0.181971 0.114162 0.027909
0 0.425140 0.181407 0.044745 0.026594
5 0.882758 0.736280 0.129622 0.036092
0 0.401667 0.076406 0.019542 0.027703
0 0.231529 0.181088 0.063510 0.024600
1 0.952140 0.767890 0.013536 0.023420
0 0.071962 0.237594 0.067686 0.031514
0 0.444160 0.076590 0.019359 0.028584
5 0.882503 0.800591 0.129111 0.032410
0 0.469107 0.076329 0.019362 0.031070
0 0.311679 0.076763 0.023343 0.032594
0 0.333532 0.076642 0.016353 0.032661
0 0.423582 0.076757 0.019599 0.027199
1 0.952706 0.799821 0.014133 0.020173
1 0.952127 0.735859 0.014427 0.021353
0 0.518599 0.076398 0.018034 0.028370
5 0.197700 0.369971 0.090130 0.031206
0 0.344511 0.911935 0.025295 0.036198
0 0.049491 0.181869 0.061027 0.026441
5 0.425404 0.672345 0.248626 0.034384
1 0.952428 0.830228 0.013824 0.021353
3 0.112372 0.078266 0.139707 0.032375
0 0.139723 0.181190 0.094957 0.024370
0 0.352435 0.076339 0.020440 0.031967
0 0.135670 0.237409 0.055086 0.033251
0 0.200253 0.237055 0.069694 0.033924
0 0.194924 0.076463 0.019833 0.026874
0 0.507809 0.183688 0.095770 0.028611
5 0.424354 0.830572 0.250562 0.027553
5 0.109213 0.735735 0.087554 0.034881
5 0.807413 0.735935 0.021816 0.031232
5 0.808133 0.798925 0.022441 0.032987
5 0.807359 0.703955 0.022130 0.030352
5 0.108082 0.767245 0.087951 0.032662
5 0.423355 0.766013 0.249267 0.031418
5 0.808570 0.767591 0.022184 0.030127
5 0.424142 0.735171 0.248559 0.032375
5 0.108163 0.829539 0.089056 0.030997
5 0.969746 0.736495 0.022912 0.033858
1 0.951936 0.703829 0.013944 0.019287
5 0.969774 0.704258 0.022820 0.030496
5 0.969877 0.672341 0.022016 0.032668
5 0.808252 0.831403 0.020570 0.031402
5 0.423161 0.799515 0.250770 0.032531
1 0.050734 0.768303 0.029403 0.031260
5 0.108625 0.799722 0.088028 0.030510
1 0.051243 0.800282 0.030420 0.031294
3 0.268459 0.735286 0.062094 0.029743
1 0.051167 0.830537 0.029403 0.030523
5 0.108722 0.702928 0.088658 0.034589
3 0.268681 0.767899 0.062515 0.032126
1 0.952577 0.671799 0.014655 0.021353
3 0.268718 0.829923 0.061570 0.028550
1 0.050987 0.736936 0.029665 0.031557
5 0.424396 0.704881 0.249204 0.031952
5 0.969879 0.768830 0.022135 0.031182
1 0.030108 0.472066 0.013867 0.023240
5 0.807554 0.672192 0.021524 0.028687
5 0.108511 0.670770 0.089040 0.032181
3 0.268814 0.799409 0.061384 0.029723
1 0.050734 0.673177 0.026808 0.030997
1 0.050734 0.703829 0.028538 0.033063
3 0.269310 0.672373 0.060968 0.031686
3 0.269310 0.704748 0.060968 0.030308
5 0.969934 0.800609 0.022052 0.030997
5 0.969718 0.830572 0.021620 0.028930