0 0.130419 0.181018 0.214267 0.030170
0 0.549255 0.182930 0.173333 0.029023
0 0.616567 0.076650 0.027020 0.027526
0 0.348845 0.182838 0.186533 0.028081
3 0.147529 0.078253 0.182278 0.032055
0 0.681210 0.075961 0.023799 0.027255
0 0.374795 0.077907 0.025440 0.028675
0 0.643897 0.076246 0.025899 0.027471
0 0.437032 0.076269 0.023889 0.028713
0 0.346420 0.078481 0.024200 0.026519
0 0.708103 0.075827 0.022822 0.027357
0 0.498021 0.075184 0.027283 0.026661
0 0.035900 0.335475 0.030036 0.032299
0 0.282139 0.076647 0.025618 0.028885
0 0.466190 0.075739 0.025613 0.029497
0 0.527224 0.075315 0.024420 0.027666
0 0.150383 0.403307 0.034829 0.028920
0 0.581574 0.075566 0.028100 0.027880
0 0.318621 0.077381 0.026069 0.026276
0 0.191710 0.402905 0.028071 0.029724
5 0.680226 0.512103 0.160616 0.028065
0 0.554741 0.075144 0.023681 0.027500
0 0.033845 0.402553 0.024471 0.027885
5 0.522595 0.511846 0.156065 0.028356
5 0.365954 0.511906 0.158716 0.028224
0 0.671679 0.181729 0.026662 0.027012
0 0.407539 0.075523 0.028560 0.030965
5 0.366154 0.460708 0.159574 0.026228
5 0.680330 0.564433 0.159690 0.028803
5 0.365278 0.564379 0.161542 0.028402
5 0.208764 0.511932 0.160344 0.028080
5 0.522236 0.564326 0.157941 0.028342
0 0.254036 0.078069 0.025410 0.029241
5 0.680067 0.538491 0.159947 0.027438
5 0.365635 0.486420 0.160612 0.027426
5 0.679879 0.486033 0.161459 0.028971
5 0.522317 0.485688 0.155435 0.029322
0 0.065668 0.403018 0.034632 0.027671
5 0.207689 0.564328 0.158472 0.028309
5 0.365181 0.537611 0.161378 0.027749
5 0.366363 0.719009 0.160221 0.025972
5 0.365497 0.874065 0.160717 0.028511
5 0.209438 0.460510 0.156321 0.026308
5 0.521883 0.537714 0.158584 0.027831
5 0.208088 0.718325 0.159321 0.027713
5 0.365374 0.770441 0.160568 0.029066
5 0.679658 0.615487 0.159127 0.027497
5 0.365783 0.615370 0.160347 0.027183
5 0.208217 0.537735 0.158080 0.028610
5 0.365377 0.822234 0.161245 0.026571
5 0.680301 0.460506 0.160986 0.027851
5 0.209169 0.485949 0.160179 0.029107
5 0.366403 0.641663 0.159615 0.027475
5 0.207436 0.770255 0.158198 0.028876
5 0.365439 0.744699 0.161083 0.027134
5 0.522615 0.718321 0.158294 0.027823
5 0.521811 0.615517 0.157999 0.027236
5 0.366264 0.899557 0.159997 0.027948
5 0.522412 0.460561 0.157667 0.026151
5 0.207882 0.873343 0.157427 0.027562
5 0.207627 0.822194 0.158195 0.026338
5 0.208628 0.744672 0.159870 0.027964
5 0.679831 0.590709 0.160429 0.029048
5 0.207681 0.796339 0.156842 0.029053
5 0.365432 0.590827 0.161372 0.028945
5 0.365554 0.848001 0.160641 0.029580
5 0.207525 0.847221 0.158140 0.028962
5 0.521977 0.590630 0.157842 0.029228
0 0.770266 0.180569 0.147257 0.028555
5 0.365983 0.796409 0.160648 0.028526
5 0.365393 0.667782 0.160572 0.028532
5 0.522342 0.770259 0.157084 0.029059
5 0.207521 0.615444 0.158149 0.027457
5 0.522916 0.873985 0.159249 0.028654
5 0.522861 0.822217 0.156244 0.026462
5 0.207493 0.590621 0.158988 0.029187
0 0.104379 0.402840 0.034309 0.028873
5 0.208181 0.640827 0.158801 0.027430
5 0.208181 0.667362 0.156829 0.025641
5 0.207688 0.692109 0.157815 0.027430
5 0.208428 0.899622 0.157322 0.026237
5 0.364763 0.693202 0.156335 0.024448
5 0.523154 0.641026 0.156829 0.028623
5 0.523154 0.666965 0.158801 0.024448
5 0.523154 0.691711 0.158801 0.028623
5 0.522660 0.744186 0.157815 0.026237
5 0.523154 0.796164 0.156829 0.024448
5 0.523400 0.847744 0.157322 0.025045
5 0.522825 0.898927 0.156829 0.026834
5 0.680640 0.641622 0.158801 0.026237
5 0.680886 0.668157 0.157322 0.025641