0 0.060579 0.907326 0.024825 0.034029
0 0.319911 0.907020 0.024533 0.035418
0 0.264052 0.077655 0.019033 0.027926
0 0.520998 0.075778 0.018621 0.026638
5 0.198433 0.300634 0.090941 0.031813
5 0.381318 0.301203 0.050215 0.032950
0 0.284651 0.077250 0.018489 0.028191
5 0.259573 0.403308 0.213344 0.031263
5 0.222621 0.436307 0.139959 0.032042
5 0.222333 0.368606 0.139763 0.032395
0 0.139613 0.907069 0.024281 0.033825
0 0.110173 0.907864 0.025243 0.034765
0 0.470433 0.076795 0.021594 0.027513
0 0.345083 0.906968 0.025229 0.034167
0 0.279534 0.907317 0.025705 0.034556
0 0.492638 0.076276 0.020650 0.027741
0 0.215403 0.907287 0.026539 0.033819
5 0.705867 0.336202 0.262099 0.034857
5 0.882578 0.826346 0.126659 0.034173
5 0.704993 0.437037 0.259868 0.035491
0 0.085228 0.907680 0.024158 0.032938
0 0.311315 0.076692 0.022948 0.029575
0 0.242488 0.077292 0.018584 0.028252
0 0.222281 0.181044 0.043531 0.024975
0 0.254033 0.906306 0.025454 0.035683
0 0.213995 0.076409 0.017927 0.027487
0 0.380506 0.075260 0.019106 0.026463
3 0.269561 0.731370 0.062530 0.031134
0 0.176661 0.906790 0.048075 0.034392
0 0.289145 0.180680 0.065709 0.024540
0 0.139431 0.181836 0.096601 0.023830
0 0.164101 0.906948 0.024050 0.032701
5 0.883338 0.795681 0.129706 0.030345
3 0.269624 0.764116 0.062498 0.030221
0 0.071781 0.236241 0.070390 0.030539
5 0.198145 0.335829 0.091387 0.030867
1 0.953246 0.732829 0.014783 0.021706
3 0.269241 0.701096 0.064818 0.032778
0 0.027481 0.907649 0.026682 0.034513
0 0.444977 0.076414 0.019867 0.027593
0 0.540744 0.074884 0.016183 0.025093
0 0.424785 0.076651 0.019919 0.026752
0 0.437172 0.181893 0.098287 0.026504
0 0.401677 0.076360 0.020157 0.027122
5 0.424801 0.668900 0.250937 0.033570
5 0.425223 0.826444 0.251412 0.036295
0 0.136568 0.236160 0.053230 0.030304
5 0.883081 0.764000 0.129425 0.033218
5 0.882401 0.669151 0.127646 0.032285
0 0.354569 0.181291 0.044135 0.025430
0 0.194834 0.077047 0.019951 0.026611
0 0.332782 0.076309 0.016928 0.028133
0 0.353781 0.075762 0.020028 0.028212
5 0.883303 0.700782 0.129287 0.033319
0 0.048253 0.181373 0.064208 0.027815
5 0.883191 0.730428 0.127347 0.031641
0 0.596025 0.976566 0.030208 0.027736
5 0.424698 0.795592 0.249942 0.032176
1 0.953323 0.671227 0.015495 0.021965
1 0.953172 0.702428 0.014932 0.022635
5 0.425600 0.701105 0.249338 0.035378
1 0.953463 0.765189 0.014349 0.023321
3 0.103159 0.077900 0.122262 0.032729
1 0.953264 0.796600 0.014748 0.023039
5 0.426203 0.764343 0.250542 0.032714
5 0.426203 0.733454 0.249338 0.036434
5 0.808613 0.794756 0.022068 0.031754
5 0.808622 0.701278 0.022047 0.031362
0 0.172075 0.078685 0.018916 0.029286
5 0.108680 0.826005 0.087655 0.032459
5 0.808744 0.731476 0.021620 0.029740
1 0.953705 0.827046 0.013002 0.020827
3 0.269137 0.668587 0.064819 0.030398
5 0.109142 0.795444 0.087793 0.031879
1 0.050904 0.765507 0.030999 0.030610
5 0.108058 0.765208 0.086836 0.032217
5 0.808677 0.763854 0.021864 0.030606
5 0.808418 0.826512 0.022244 0.030080
5 0.108670 0.733433 0.088737 0.035867
3 0.269046 0.794066 0.061500 0.033365
1 0.050677 0.826239 0.030069 0.029257
3 0.270543 0.826130 0.062978 0.031298
1 0.051188 0.796366 0.030566 0.030802
1 0.050894 0.733555 0.030666 0.031318
0 0.589623 0.855893 0.013326 0.023297
5 0.808804 0.669013 0.021887 0.030049
1 0.050969 0.668477 0.029014 0.028578