0 0.603559 0.102371 0.025365 0.036521
0 0.663654 0.099175 0.021994 0.036188
0 0.263344 0.101100 0.023478 0.037192
0 0.638434 0.100586 0.022467 0.037293
0 0.576639 0.102568 0.024512 0.036335
5 0.283029 0.399277 0.049592 0.036898
5 0.283540 0.444187 0.050407 0.044312
5 0.712014 0.624672 0.111122 0.044218
3 0.137630 0.103152 0.169158 0.040643
0 0.323660 0.102871 0.022128 0.035031
0 0.407578 0.104292 0.021158 0.034464
0 0.297188 0.102371 0.024474 0.036678
0 0.382993 0.103343 0.024393 0.035840
0 0.435077 0.102061 0.027975 0.039937
0 0.104848 0.240035 0.165911 0.033612
5 0.312645 0.356176 0.109841 0.039955
0 0.467032 0.101207 0.027541 0.039922
0 0.349550 0.102485 0.023540 0.036536
0 0.260769 0.240118 0.113857 0.031108
0 0.384726 0.239973 0.113258 0.031997
0 0.494215 0.100799 0.022385 0.039486
5 0.312591 0.623868 0.110562 0.043172
0 0.518065 0.100760 0.022049 0.039401
0 0.237473 0.101394 0.022017 0.035856
0 0.022259 0.036213 0.019806 0.027019
0 0.545231 0.101041 0.024996 0.037819
5 0.273051 0.802445 0.031552 0.043738
5 0.273059 0.578412 0.028878 0.041315
5 0.273104 0.667097 0.029637 0.039135