0 0.165064 0.115478 0.089662 0.044752
4 0.106419 0.419219 0.206461 0.038991
0 0.078184 0.116584 0.088626 0.044027
0 0.254024 0.116622 0.090508 0.044103
4 0.076997 0.468050 0.150573 0.035261
5 0.898940 0.116842 0.170922 0.044543
4 0.103117 0.266016 0.204362 0.038163
0 0.456321 0.405163 0.026808 0.047271
4 0.078260 0.517802 0.154224 0.034629
4 0.035808 0.921631 0.069024 0.032007
4 0.043743 0.822178 0.087074 0.030230
4 0.037655 0.670219 0.074423 0.031255
0 0.456789 0.760583 0.027617 0.044809
4 0.105571 0.367433 0.205698 0.040744
4 0.060413 0.568829 0.118952 0.034725
4 0.104532 0.316606 0.205652 0.040507
4 0.044881 0.619317 0.087787 0.034488
4 0.044783 0.719708 0.088795 0.031041
4 0.343021 0.532953 0.199405 0.043374
4 0.049097 0.870833 0.097834 0.032873
4 0.059307 0.769770 0.115520 0.033893
4 0.065048 0.217412 0.127266 0.036510
4 0.377005 0.626365 0.182960 0.034544
4 0.081103 0.972531 0.162042 0.038926
4 0.376880 0.271381 0.186673 0.039089