0 0.070223 0.881763 0.023405 0.046973
0 0.046901 0.881787 0.022076 0.044859
0 0.071029 0.224676 0.024524 0.041270
0 0.282432 0.224788 0.023708 0.040625
0 0.459569 0.225450 0.108207 0.045819
0 0.046892 0.224188 0.022281 0.041124
0 0.353792 0.224966 0.107114 0.044664
0 0.901823 0.977782 0.081926 0.040954
0 0.974758 0.976832 0.049475 0.034402
0 0.259312 0.225108 0.021637 0.039225
0 0.577922 0.224391 0.023324 0.041443
5 0.267238 0.680480 0.146456 0.044437
5 0.168153 0.225338 0.159406 0.042882
0 0.975462 0.104971 0.046998 0.033883
0 0.555196 0.224619 0.022689 0.040876
0 0.373129 0.881422 0.022615 0.045590
5 0.350660 0.377513 0.312800 0.045471
3 0.219142 0.103943 0.036815 0.031145
3 0.150231 0.104153 0.083684 0.036816
0 0.024948 0.326673 0.022486 0.045875
0 0.075874 0.329392 0.032594 0.038483
0 0.057851 0.105099 0.087424 0.034236
5 0.676176 0.376896 0.312112 0.046303
5 0.342479 0.881240 0.037915 0.045953
0 0.914822 0.104596 0.060948 0.035676
0 0.532656 0.224128 0.026063 0.040991
0 0.122792 0.326412 0.025454 0.035086