0 0.169144 0.111413 0.088345 0.044477
5 0.902283 0.112213 0.169857 0.042775
0 0.459570 0.398160 0.027479 0.047152
0 0.080474 0.111413 0.091477 0.042661
0 0.255938 0.112055 0.089729 0.043945
4 0.110516 0.362827 0.212263 0.036604
0 0.459595 0.755002 0.027895 0.046978
4 0.082683 0.969422 0.159193 0.035556
4 0.046936 0.818185 0.086899 0.031147
4 0.110444 0.263616 0.212407 0.032883
4 0.111664 0.313119 0.212779 0.036987
4 0.065913 0.213112 0.125345 0.032666
4 0.079693 0.464791 0.150586 0.034911
4 0.064367 0.564981 0.121209 0.034289
4 0.079426 0.514341 0.150739 0.034528
4 0.107627 0.413594 0.205368 0.035147
4 0.038697 0.917912 0.069292 0.031143
4 0.047796 0.615893 0.089284 0.033408
4 0.059889 0.766323 0.113532 0.035270
4 0.040748 0.667001 0.072271 0.033228
4 0.308681 0.887241 0.125042 0.036392
4 0.052020 0.868239 0.096397 0.030817
4 0.046309 0.717126 0.086337 0.030677
4 0.349828 0.530632 0.207331 0.037749
4 0.367336 0.639297 0.158531 0.069286
4 0.381300 0.977338 0.183154 0.045324
4 0.366257 0.280214 0.157740 0.067655