5 0.462974 0.901026 0.027546 0.036755
5 0.194794 0.627402 0.075264 0.033909
5 0.195987 0.265395 0.090062 0.037375
5 0.487487 0.671623 0.079108 0.040292
5 0.461775 0.810941 0.030811 0.045685
5 0.217820 0.175348 0.141984 0.040799
5 0.190432 0.311913 0.080581 0.037054
0 0.313439 0.310120 0.136159 0.044515
5 0.196097 0.671583 0.078257 0.046627
0 0.965684 0.097001 0.045146 0.025329
3 0.230846 0.585708 0.149211 0.041922
5 0.165919 0.218056 0.029136 0.036062
3 0.230750 0.537304 0.145071 0.044768
5 0.301015 0.492720 0.288434 0.042535
5 0.462466 0.855632 0.032194 0.036865