5 0.725425 0.758681 0.034130 0.039471
5 0.722701 0.889272 0.028573 0.041431
5 0.724570 0.804176 0.032883 0.038828
1 0.820777 0.757487 0.014637 0.030685
0 0.403670 0.539476 0.021986 0.039410
5 0.118969 0.392276 0.226784 0.042135
0 0.337635 0.538216 0.020712 0.039060
5 0.750578 0.389693 0.029947 0.032801
0 0.317464 0.537775 0.019322 0.037403
5 0.961532 0.388514 0.037925 0.032203
5 0.896251 0.421071 0.093178 0.036340
5 0.896097 0.355475 0.093956 0.036513
5 0.723482 0.846389 0.030709 0.041338
5 0.725763 0.714531 0.034061 0.037238
0 0.429828 0.539983 0.020952 0.039443
0 0.297808 0.539275 0.020213 0.038790
5 0.120255 0.494819 0.230274 0.041611
5 0.807166 0.388771 0.089150 0.035019
5 0.895814 0.390049 0.093535 0.034464
5 0.118696 0.428883 0.227065 0.038634
3 0.484091 0.889511 0.212476 0.047851
5 0.805842 0.420507 0.093321 0.037759
5 0.751290 0.421557 0.028789 0.033467
5 0.367326 0.389714 0.020935 0.028688
5 0.989149 0.388774 0.019497 0.030413
5 0.962104 0.354026 0.039389 0.035287
5 0.961693 0.421052 0.036724 0.034333
0 0.269605 0.539712 0.023599 0.042978
5 0.989305 0.419017 0.021390 0.036371
5 0.881798 0.318542 0.062056 0.035907
0 0.449904 0.540106 0.021427 0.040064
5 0.397899 0.716084 0.036762 0.037791
0 0.362701 0.538444 0.018839 0.038979
5 0.396560 0.758130 0.037114 0.035406
0 0.537257 0.539395 0.021382 0.040151
0 0.384533 0.538790 0.019541 0.038342
0 0.061553 0.292932 0.021257 0.039149
5 0.119683 0.531011 0.229487 0.039362
5 0.366880 0.354003 0.021067 0.031260
3 0.482811 0.802454 0.212187 0.041405
5 0.806887 0.353567 0.088525 0.034662
0 0.477878 0.539907 0.022550 0.037789
5 0.345575 0.388768 0.025421 0.027393
5 0.989860 0.355021 0.020055 0.035700
1 0.820670 0.804670 0.015345 0.028416
0 0.039258 0.292840 0.020351 0.037503
5 0.120661 0.597722 0.233099 0.042187
5 0.968660 0.354426 0.038772 0.035962
0 0.954123 0.540073 0.091754 0.041039
5 0.367242 0.321145 0.020346 0.031279
5 0.750842 0.354528 0.030771 0.034253
5 0.722887 0.880052 0.028492 0.036405
0 0.091257 0.292551 0.022123 0.042258
0 0.248411 0.626605 0.023377 0.043600
5 0.485118 0.888310 0.212533 0.039991
5 0.367838 0.421074 0.019848 0.033499
0 0.517295 0.539384 0.019190 0.036430
5 0.920828 0.456336 0.138276 0.037787
3 0.489543 0.627212 0.278029 0.047270
5 0.120138 0.462406 0.227506 0.036316
5 0.345229 0.353717 0.024889 0.031776
5 0.892678 0.925271 0.072897 0.025231
5 0.317772 0.388479 0.038063 0.029960
5 0.121477 0.700092 0.236501 0.044049
0 0.012590 0.298018 0.025180 0.045586
5 0.441742 0.420227 0.133994 0.038420
5 0.346216 0.420315 0.023583 0.032800
0 0.127821 0.294081 0.031386 0.040920
0 0.396397 0.539225 0.035261 0.040562
5 0.122164 0.839281 0.233608 0.043811
5 0.441823 0.355859 0.126854 0.039402
5 0.317983 0.352941 0.042263 0.033012
5 0.318081 0.420482 0.036426 0.034611
1 0.286733 0.423968 0.017956 0.032738
0 0.498674 0.540026 0.018069 0.036045
5 0.417414 0.802161 0.078313 0.037738
5 0.686457 0.420687 0.098614 0.035360
5 0.990891 0.318870 0.017705 0.034434
5 0.726932 0.943990 0.054972 0.019728
5 0.345496 0.321585 0.024850 0.031834
5 0.121162 0.801760 0.233073 0.042005
5 0.620232 0.420620 0.251502 0.040116
5 0.982188 0.318746 0.012313 0.033915
5 0.665214 0.420239 0.143822 0.037924
0 0.565313 0.539149 0.023047 0.041085
5 0.635893 0.352770 0.273684 0.036908
5 0.896998 0.366907 0.092226 0.048713
2 0.899616 0.150665 0.078696 0.048613
3 0.336097 0.150665 0.144744 0.037175