5 0.420085 0.421116 0.115543 0.040524
5 0.212289 0.506584 0.116854 0.042012
5 0.211277 0.421209 0.118608 0.045718
5 0.211809 0.249133 0.249631 0.046538
5 0.396332 0.550101 0.069258 0.034043
0 0.313777 0.086630 0.081229 0.026970
5 0.208270 0.891857 0.106760 0.039038
0 0.391470 0.087095 0.048849 0.027345
0 0.129489 0.087621 0.099131 0.027767
0 0.226828 0.086480 0.081095 0.027176
0 0.049258 0.087263 0.050586 0.029451
5 0.378240 0.592660 0.030929 0.034257
5 0.374707 0.461277 0.025687 0.040527
0 0.438022 0.086592 0.030454 0.026438
0 0.956406 0.977168 0.057919 0.037003
0 0.495217 0.246748 0.024419 0.036388
5 0.208708 0.851220 0.105966 0.041862
5 0.399750 0.849187 0.025379 0.035822
0 0.967265 0.087261 0.039487 0.029810
5 0.169727 0.720302 0.030836 0.035559
0 0.086644 0.162376 0.092989 0.042105
5 0.391961 0.377775 0.058415 0.036512
0 0.470112 0.204910 0.022824 0.036830
5 0.167180 0.375948 0.024009 0.037882
5 0.164677 0.461819 0.020352 0.040491
5 0.164359 0.549669 0.020250 0.037198
0 0.469622 0.247638 0.023858 0.035631
5 0.473151 0.375600 0.108392 0.041779
4 0.118900 0.549647 0.069357 0.025998
1 0.162292 0.594443 0.011242 0.026217