0 0.895892 0.978316 0.063996 0.035015
0 0.041134 0.292715 0.021254 0.040352
1 0.287555 0.813796 0.018785 0.032516
1 0.287215 0.745164 0.019151 0.034791
0 0.092271 0.292738 0.021097 0.042678
1 0.807029 0.883021 0.016625 0.033173
0 0.063492 0.292925 0.020952 0.041595
1 0.287399 0.710950 0.019723 0.036088
3 0.799127 0.627894 0.255744 0.045965
1 0.807444 0.712188 0.018022 0.033350
1 0.806911 0.746391 0.017496 0.032033
1 0.268984 0.846240 0.015695 0.032331
1 0.287193 0.847558 0.018352 0.033111
5 0.684653 0.145469 0.186237 0.040474
1 0.806693 0.814053 0.016458 0.031854
1 0.268704 0.743802 0.015919 0.033399
1 0.806905 0.847975 0.016715 0.032241
0 0.960536 0.979899 0.057632 0.032764
0 0.585095 0.091351 0.023867 0.026419
1 0.287232 0.882430 0.017932 0.034027
1 0.806966 0.781601 0.016632 0.033197
0 0.541785 0.091063 0.045933 0.026460
5 0.353446 0.711815 0.038182 0.038340
0 0.120990 0.291584 0.019666 0.036016
5 0.442860 0.143332 0.075456 0.040259
1 0.807051 0.916724 0.017187 0.031080
5 0.383245 0.712415 0.024767 0.035943
1 0.268613 0.710650 0.015891 0.032500
1 0.268939 0.882786 0.015506 0.031237
5 0.604560 0.407788 0.295326 0.040724
5 0.316350 0.711721 0.037240 0.038789
1 0.287366 0.780760 0.018805 0.034661
0 0.930851 0.087111 0.017271 0.030078
3 0.013333 0.292328 0.026665 0.040119
5 0.869315 0.712123 0.071455 0.038885
5 0.892856 0.144714 0.073454 0.038021
5 0.870297 0.815324 0.072137 0.036547
5 0.353673 0.782552 0.038798 0.033623
5 0.316901 0.814915 0.038682 0.034865
5 0.574192 0.320589 0.342226 0.039993
5 0.868326 0.781928 0.069916 0.034576
5 0.353998 0.816592 0.039335 0.033948
5 0.416023 0.409469 0.086126 0.040067
0 0.328851 0.088871 0.042993 0.029035
5 0.316537 0.782040 0.038893 0.033064
1 0.268741 0.813644 0.015666 0.030703
1 0.287156 0.915467 0.017085 0.029886
0 0.248593 0.625785 0.021551 0.038425
0 0.249326 0.188037 0.022461 0.036600
4 0.050491 0.562486 0.083818 0.029753
4 0.073676 0.650094 0.125491 0.032163
0 0.379245 0.089682 0.044055 0.027981
5 0.950575 0.712409 0.093970 0.042199
5 0.353327 0.883173 0.038323 0.032998
5 0.870326 0.746420 0.073101 0.038378
5 0.477286 0.747692 0.127712 0.039507
5 0.602257 0.747705 0.128249 0.039533
5 0.383337 0.816183 0.025190 0.033616
5 0.784426 0.815283 0.029813 0.033512
5 0.477703 0.782463 0.128079 0.037372
5 0.475974 0.712056 0.123794 0.042495
5 0.353495 0.747036 0.038171 0.035243
5 0.478371 0.816540 0.127678 0.038487
0 0.203774 0.089341 0.026111 0.028908
0 0.967415 0.090145 0.043208 0.030309
5 0.952163 0.747382 0.091278 0.038669
5 0.389187 0.319268 0.031024 0.037667
1 0.268592 0.781128 0.015490 0.033096
0 0.262663 0.089429 0.074573 0.029402
5 0.797625 0.627838 0.255814 0.044626
3 0.137857 0.291620 0.015643 0.038456
5 0.869606 0.848671 0.071475 0.039078
5 0.602080 0.816674 0.123496 0.038697
5 0.383106 0.745984 0.026100 0.035730
5 0.950242 0.816258 0.092419 0.037653
5 0.602319 0.782448 0.126595 0.037623
0 0.462511 0.090517 0.102578 0.028384
4 0.072956 0.520472 0.125842 0.031718
5 0.478047 0.850677 0.126560 0.039451
5 0.950557 0.849796 0.093494 0.039323
5 0.602210 0.712632 0.129013 0.042854
5 0.719698 0.712915 0.115324 0.040515
5 0.718459 0.747686 0.111267 0.038332
5 0.949936 0.782187 0.092951 0.036430
5 0.601909 0.850679 0.122856 0.039367
5 0.316797 0.745698 0.038600 0.037718
5 0.868726 0.884082 0.069666 0.036642
5 0.784477 0.883015 0.028778 0.034147
5 0.716592 0.816387 0.108461 0.037684
5 0.784322 0.848424 0.030224 0.035420
5 0.316081 0.883890 0.039302 0.034763
5 0.601435 0.883212 0.126753 0.037131
5 0.383345 0.782709 0.025496 0.033137
4 0.048082 0.606569 0.077932 0.029295
5 0.405038 0.711800 0.021902 0.034901
3 0.335253 0.144710 0.140389 0.040145
5 0.316768 0.848323 0.039127 0.037474
5 0.784324 0.745931 0.029794 0.035206
5 0.718994 0.782193 0.107746 0.036568
0 0.651262 0.095100 0.100063 0.035989
5 0.383504 0.882109 0.024109 0.032860
5 0.602405 0.917775 0.124009 0.038308
5 0.353950 0.915428 0.037473 0.032330
5 0.353535 0.850335 0.038951 0.035353
0 0.908177 0.086535 0.017209 0.030313
5 0.404721 0.745929 0.021862 0.034077
5 0.477753 0.883107 0.126257 0.036461
5 0.717716 0.850409 0.109223 0.038852
5 0.575446 0.233101 0.342313 0.042131
5 0.716775 0.885018 0.110348 0.037867
5 0.478151 0.917423 0.127224 0.038025
5 0.949700 0.884782 0.091388 0.038251
5 0.404916 0.815742 0.021081 0.032898
5 0.783696 0.712587 0.027574 0.033820
3 0.808369 0.088761 0.036173 0.029575
5 0.784612 0.782447 0.030158 0.032869
5 0.404909 0.881269 0.022253 0.032454
5 0.384214 0.849544 0.023355 0.033009
5 0.316671 0.915236 0.038735 0.032056
5 0.717206 0.916770 0.107824 0.035692
1 0.268525 0.887469 0.016038 0.028438
1 0.268910 0.915677 0.014905 0.028681
3 0.442359 0.628802 0.158369 0.043531
5 0.383683 0.915030 0.025383 0.032000
5 0.404745 0.780220 0.022162 0.034651
0 0.107802 0.093217 0.157872 0.034424
5 0.404775 0.848668 0.021820 0.033645
5 0.824896 0.746387 0.019359 0.034745
5 0.383383 0.231596 0.022712 0.044048
3 0.746999 0.090084 0.075012 0.032302
4 0.053990 0.388895 0.091430 0.037612
4 0.028587 0.433700 0.043321 0.028473
4 0.068037 0.476900 0.119122 0.033358
4 0.066528 0.694690 0.114220 0.041492
5 0.825322 0.814222 0.020186 0.032349
5 0.405361 0.144034 0.000413 0.041433
4 0.055923 0.346254 0.087344 0.025863
5 0.404551 0.917044 0.022485 0.035835
5 0.783637 0.920205 0.028106 0.037943
5 0.826392 0.712575 0.018907 0.033727
5 0.824604 0.783190 0.016352 0.035835
5 0.825115 0.851171 0.016352 0.036889
5 0.824859 0.887533 0.018907 0.035835
5 0.825881 0.922840 0.019929 0.036889