3 0.578613 0.081140 0.087402 0.030777
0 0.963829 0.974836 0.057228 0.037183
5 0.792282 0.851227 0.198120 0.037900
5 0.792219 0.890599 0.198705 0.033450
3 0.467512 0.081317 0.112267 0.027906
3 0.346876 0.080839 0.100118 0.029439
0 0.018995 0.892450 0.026859 0.032223
0 0.135811 0.080940 0.070668 0.029575
5 0.730282 0.765911 0.073060 0.035937
0 0.046378 0.891721 0.025483 0.034461
0 0.057543 0.203513 0.083183 0.037172
3 0.234111 0.080674 0.099256 0.027614
0 0.010709 0.974861 0.021418 0.031257
0 0.046637 0.082228 0.082010 0.028590
5 0.794740 0.768882 0.053044 0.038665
5 0.243226 0.809850 0.136171 0.037645
5 0.272539 0.728999 0.194895 0.043473
3 0.971145 0.081181 0.029590 0.031070
3 0.729156 0.726694 0.070926 0.035952
0 0.896262 0.894305 0.013446 0.034937
5 0.212115 0.768761 0.074397 0.036051
0 0.207040 0.891191 0.014044 0.033489
0 0.229168 0.890260 0.016741 0.032579
5 0.276222 0.768231 0.052824 0.037111
0 0.061938 0.023021 0.026516 0.031534
5 0.366980 0.314835 0.379427 0.157508
0 0.302880 0.810113 0.012896 0.033930
0 0.240882 0.770881 0.013888 0.027568
2 0.760295 0.770651 0.012107 0.027731