5 0.148477 0.580557 0.029368 0.039306
0 0.398853 0.172145 0.020836 0.042752
5 0.171811 0.214788 0.090539 0.039930
5 0.172023 0.262629 0.091592 0.043420
0 0.901340 0.973371 0.064066 0.037190
5 0.233216 0.171990 0.215325 0.042334
0 0.975500 0.086497 0.043321 0.031342
5 0.239680 0.441299 0.213852 0.043409
3 0.211918 0.534394 0.152775 0.040221
0 0.461041 0.171254 0.020725 0.040971
0 0.419455 0.171254 0.019395 0.040971
0 0.057590 0.085929 0.081093 0.030266
0 0.440616 0.170809 0.019293 0.040080
0 0.543659 0.438837 0.023757 0.040442
0 0.968685 0.972248 0.058599 0.036294
0 0.481922 0.170809 0.020333 0.041861
0 0.516971 0.439552 0.021739 0.040781
3 0.200105 0.716149 0.132467 0.041135
0 0.936821 0.087126 0.016416 0.032625
0 0.164779 0.086427 0.116491 0.030871
3 0.330949 0.086285 0.033936 0.028855
0 0.063285 0.351334 0.055392 0.033873
3 0.241326 0.487866 0.216043 0.045522
1 0.346502 0.893600 0.015707 0.028900
5 0.345881 0.760405 0.014055 0.021031
3 0.269235 0.088863 0.074586 0.025880
0 0.295749 0.262991 0.118972 0.045591
5 0.346032 0.713242 0.012190 0.024982