1 0.142633 0.742268 0.014828 0.031694
1 0.142723 0.657758 0.015769 0.034091
1 0.142382 0.700838 0.015575 0.035562
1 0.143064 0.572841 0.015348 0.035433
0 0.074423 0.850474 0.021844 0.044152
1 0.142960 0.616058 0.015912 0.036860
0 0.051846 0.850521 0.021641 0.044665
1 0.035513 0.742625 0.015698 0.037089
1 0.035296 0.657521 0.015978 0.036523
1 0.035420 0.701843 0.016092 0.036947
1 0.035383 0.786795 0.016627 0.037360
1 0.035182 0.571925 0.016504 0.037270
1 0.143079 0.531083 0.014405 0.036014
0 0.028917 0.850219 0.023163 0.044421
1 0.143068 0.488209 0.014475 0.035328
1 0.035085 0.448215 0.017263 0.037384
1 0.142040 0.785193 0.015099 0.033360
1 0.035384 0.530999 0.016697 0.037785
3 0.367758 0.105259 0.040415 0.036113
1 0.035345 0.616421 0.016310 0.036837
1 0.142904 0.447838 0.014682 0.036374
1 0.034900 0.488236 0.016994 0.037174
0 0.104484 0.106918 0.172990 0.038730
0 0.225970 0.106014 0.044007 0.035124
3 0.296393 0.109585 0.082166 0.029409
0 0.988657 0.107328 0.022407 0.045291
1 0.034609 0.404155 0.018533 0.039463
0 0.071826 0.028805 0.036191 0.039005
5 0.725933 0.856297 0.048455 0.052947
1 0.142172 0.404125 0.015769 0.036395