5 0.328215 0.472057 0.245641 0.043102
5 0.223277 0.660676 0.033453 0.038411
0 0.867196 0.974508 0.076296 0.038394
5 0.271923 0.714165 0.129206 0.035371
5 0.234613 0.614317 0.056849 0.037238
5 0.446478 0.422761 0.252043 0.042139
3 0.045212 0.094435 0.044811 0.029999
0 0.945188 0.974668 0.066348 0.037670
5 0.250587 0.423375 0.089538 0.038485
5 0.163144 0.183281 0.106915 0.037978
5 0.147140 0.230583 0.073575 0.038747
5 0.259645 0.180353 0.040724 0.041673
5 0.665671 0.229562 0.042961 0.037286
0 0.657117 0.421243 0.025327 0.041552
0 0.952243 0.094829 0.056075 0.035567
1 0.212785 0.519318 0.014758 0.030852
4 0.952138 0.096603 0.053522 0.034773
1 0.212648 0.565786 0.014131 0.030403
5 0.350358 0.329083 0.038552 0.038842