5 0.399142 0.458282 0.439388 0.328327
5 0.720801 0.652435 0.055016 0.042403
5 0.230799 0.876780 0.037707 0.039918
3 0.969167 0.101442 0.035352 0.042923
5 0.249577 0.706605 0.139985 0.044668
5 0.808234 0.877905 0.038549 0.039380
0 0.961354 0.967957 0.071879 0.047701
0 0.293145 0.827368 0.017098 0.035900
5 0.294195 0.654341 0.230734 0.047851
3 0.324416 0.101570 0.108617 0.035458
3 0.183837 0.102212 0.144736 0.036762
5 0.807644 0.920955 0.040758 0.031798
0 0.014253 0.966544 0.028441 0.042075
5 0.230422 0.920409 0.037835 0.033917
5 0.256792 0.828276 0.090124 0.042593
0 0.742722 0.651692 0.013066 0.036449
0 0.052536 0.101167 0.085953 0.034682
0 0.310989 0.705862 0.017192 0.038008