5 0.560172 0.433832 0.035132 0.033141
5 0.556641 0.529235 0.029509 0.042522
0 0.940629 0.090522 0.014445 0.030019
0 0.627864 0.746083 0.015371 0.029354
5 0.614717 0.624673 0.147449 0.042522
0 0.978430 0.089650 0.042118 0.032098
0 0.582652 0.747948 0.059669 0.038669
5 0.566714 0.482461 0.050857 0.043467
0 0.916952 0.090922 0.015705 0.030051
0 0.651487 0.746358 0.015904 0.029639
0 0.892533 0.091350 0.015741 0.030847
0 0.674592 0.745896 0.014111 0.030201
0 0.033657 0.090737 0.037559 0.034043
0 0.715076 0.351329 0.018857 0.038196
5 0.549827 0.574606 0.015966 0.038770
0 0.698457 0.745955 0.014069 0.030144