0 0.079061 0.120300 0.091524 0.054144
4 0.105664 0.337420 0.204348 0.041409
5 0.880009 0.120477 0.148777 0.052120
0 0.255988 0.119854 0.091420 0.055025
4 0.105829 0.390246 0.206066 0.039181
4 0.104312 0.282289 0.205304 0.041331
0 0.460445 0.427026 0.026996 0.050008
4 0.076593 0.496804 0.147998 0.039444
4 0.051596 0.929220 0.095610 0.033817
0 0.964280 0.119067 0.024875 0.047497
0 0.460858 0.809193 0.026569 0.052469
4 0.064064 0.605693 0.119734 0.039752
0 0.168552 0.120259 0.091552 0.050915
4 0.106517 0.443316 0.203990 0.038851
4 0.059675 0.819271 0.114230 0.038047
4 0.047251 0.874733 0.086533 0.034793
4 0.046231 0.659639 0.087797 0.037536
4 0.040375 0.713466 0.073825 0.036277
4 0.045493 0.766424 0.085426 0.035208
4 0.079844 0.551347 0.151619 0.038497
4 0.065734 0.228592 0.126406 0.036562
4 0.312173 0.567987 0.136747 0.047046
4 0.036542 0.982215 0.072433 0.032381