3 0.044329073482428115 0.10075187969924812 0.04712460063897764 0.02857142857142857
5 0.1621405750798722 0.18571428571428572 0.10303514376996806 0.0406015037593985
5 0.1457667731629393 0.23308270676691728 0.07188498402555911 0.03759398496240601
5 0.25758785942492013 0.1849624060150376 0.039936102236421724 0.0406015037593985
5 0.6653354632587859 0.23383458646616542 0.03913738019169329 0.03759398496240601
4 0.9544728434504792 0.1 0.050319488817891375 0.0406015037593985
5 0.4013578274760383 0.4255639097744361 0.40654952076677314 0.039097744360902256
5 0.4009584664536741 0.47518796992481205 0.40654952076677314 0.03609022556390978
5 0.4013578274760383 0.5225563909774437 0.4073482428115016 0.042105263157894736
5 0.2336261980830671 0.5706766917293233 0.07188498402555911 0.03759398496240601
5 0.2731629392971246 0.6180451127819548 0.152555910543131 0.03759398496240601
5 0.301517571884984 0.6661654135338346 0.2084664536741214 0.039097744360902256
5 0.2731629392971246 0.7157894736842105 0.152555910543131 0.039097744360902256
5 0.3738019169329074 0.7157894736842105 0.03274760383386582 0.03759398496240601
1 0.20407348242811502 0.762406015037594 0.012779552715654952 0.02406015037593985
0 0.8674121405750799 0.9759398496240601 0.07747603833865814 0.039097744360902256
0 0.9444888178913738 0.9759398496240601 0.06469648562300319 0.039097744360902256