0 0.496431 0.087656 0.018891 0.029638
3 0.113399 0.088982 0.135707 0.038454
0 0.525477 0.086570 0.017333 0.028725
0 0.265945 0.087962 0.016942 0.027030
3 0.645727 0.489372 0.166870 0.031363
0 0.475868 0.087490 0.017425 0.029121
0 0.286807 0.088216 0.018334 0.028380
0 0.405653 0.086895 0.016962 0.027165
3 0.506172 0.261195 0.225747 0.033205
0 0.446909 0.087310 0.018011 0.027035
0 0.245183 0.087756 0.017505 0.028644
0 0.384980 0.086976 0.018067 0.026833
0 0.248186 0.204006 0.019812 0.029980
0 0.426261 0.087527 0.017294 0.026821
0 0.179426 0.203289 0.089868 0.028502
0 0.215591 0.088022 0.017730 0.029440
0 0.194827 0.088192 0.019023 0.030538
0 0.314635 0.088150 0.018803 0.028850
0 0.356940 0.087645 0.018347 0.028580
0 0.335496 0.087841 0.016343 0.028663
3 0.420856 0.749292 0.249509 0.031758
0 0.296269 0.202436 0.052537 0.028232
0 0.361346 0.202983 0.061232 0.027506
5 0.703028 0.391470 0.124910 0.032202
0 0.750614 0.489024 0.030215 0.034376
0 0.546398 0.085822 0.016457 0.026797
0 0.784049 0.326769 0.016135 0.026694
5 0.905189 0.261056 0.133381 0.031390
5 0.600582 0.750183 0.081785 0.030472
0 0.028449 0.087296 0.018624 0.030637
0 0.486559 0.686951 0.103164 0.035287
5 0.499164 0.619418 0.167985 0.031733
0 0.800815 0.326756 0.016272 0.026670
1 0.648088 0.456217 0.010810 0.023841
0 0.648557 0.973767 0.028830 0.047870
0 0.767355 0.327096 0.016387 0.027967
0 0.717592 0.749110 0.036199 0.033631
5 0.582205 0.456133 0.044171 0.032086
0 0.484442 0.202748 0.016129 0.028350
0 0.440018 0.204211 0.058801 0.028882
0 0.866398 0.976158 0.015329 0.022649
5 0.582580 0.522329 0.336403 0.030220
5 0.600813 0.586077 0.374310 0.031759
0 0.973515 0.923368 0.019297 0.029161
0 0.019030 0.033153 0.018220 0.029618
0 0.100892 0.040146 0.132313 0.028456
0 0.199911 0.040530 0.039780 0.027687
0 0.248555 0.038992 0.028970 0.029225
0 0.301307 0.039377 0.050590 0.031532
0 0.352546 0.040530 0.031997 0.027687
0 0.915908 0.017101 0.015468 0.030049
0 0.933685 0.017458 0.016431 0.032301
0 0.950981 0.016689 0.016431 0.029225
0 0.505974 0.203447 0.028970 0.025380
0 0.073723 0.204087 0.100172 0.031789
0 0.300875 0.293941 0.022052 0.031532
0 0.340439 0.330473 0.083020 0.035378
0 0.416685 0.328165 0.069183 0.030763
0 0.475490 0.328165 0.053617 0.030763
0 0.527162 0.329319 0.051455 0.033070
0 0.604128 0.328165 0.101613 0.030763
0 0.700768 0.327781 0.090803 0.029994
5 0.454591 0.390461 0.080425 0.030763
0 0.502371 0.391999 0.014269 0.032301
5 0.453943 0.423915 0.079993 0.031532
5 0.476211 0.455448 0.123665 0.031532
5 0.476427 0.488518 0.124097 0.031532
0 0.367027 0.689157 0.135899 0.036169
5 0.670899 0.749292 0.044638 0.031758
0 0.979152 0.978952 0.024303 0.040580
0 0.709751 0.973659 0.021823 0.033523
0 0.679000 0.976305 0.019839 0.042345
0 0.617250 0.975864 0.023311 0.039698
0 0.585259 0.974541 0.020831 0.038816
0 0.553517 0.973218 0.020831 0.036169
0 0.521526 0.974100 0.019343 0.034405
0 0.490775 0.973218 0.016367 0.034405
0 0.458371 0.972336 0.022319 0.030876
0 0.426628 0.975423 0.020335 0.037051
0 0.299325 0.976639 0.024358 0.030827
0 0.330476 0.975389 0.022016 0.036659
0 0.362329 0.976222 0.021079 0.038326
0 0.395119 0.974972 0.020142 0.032494
0 0.016787 0.973887 0.023244 0.032426
5 0.140528 0.973162 0.211476 0.053675