0 0.416576 0.974804 0.022995 0.036546
4 0.033247 0.274974 0.028815 0.017315
4 0.026574 0.518760 0.046094 0.020765
0 0.297895 0.974479 0.017986 0.028896
4 0.118140 0.273812 0.088674 0.024015
4 0.614651 0.273970 0.139181 0.019556
0 0.388291 0.974309 0.021208 0.033162
0 0.015062 0.030148 0.019458 0.036147
0 0.185209 0.029763 0.012107 0.021534
0 0.212450 0.030532 0.014701 0.023072
0 0.016791 0.085137 0.019458 0.024610
0 0.070192 0.082060 0.019025 0.027687
0 0.917182 0.028994 0.012539 0.023072
0 0.948963 0.028225 0.014701 0.027687
0 0.982690 0.026687 0.014701 0.024610
4 0.218287 0.274971 0.079993 0.023841
4 0.300226 0.279970 0.050158 0.019996
4 0.381084 0.276893 0.079561 0.023072
4 0.483994 0.278432 0.085614 0.021534
0 0.033006 0.245361 0.065724 0.084599
0 0.117539 0.245361 0.103342 0.084599
0 0.217423 0.244977 0.098154 0.089982
0 0.299145 0.244977 0.065292 0.088444
0 0.381877 0.246130 0.100748 0.086137
0 0.484138 0.246899 0.103775 0.086137
0 0.614722 0.246130 0.155662 0.086137
4 0.979673 0.180126 0.034183 0.025130
4 0.041596 0.335962 0.071308 0.023995
4 0.049064 0.369383 0.086244 0.022281
4 0.055569 0.403662 0.097326 0.018853
4 0.045451 0.436656 0.079017 0.023138
4 0.039910 0.475648 0.068899 0.037707
4 0.211114 0.410947 0.072754 0.023138
4 0.192082 0.481647 0.035654 0.020567
4 0.209427 0.508213 0.068417 0.022281
4 0.186300 0.533065 0.020236 0.018853
4 0.202923 0.560488 0.053481 0.020567
4 0.209187 0.632474 0.067935 0.023995
4 0.213041 0.751593 0.077572 0.018853
4 0.194732 0.779873 0.039990 0.018853
4 0.209909 0.808153 0.072272 0.018853
4 0.214005 0.835148 0.080463 0.024852
4 0.208223 0.904563 0.066008 0.021424
4 0.613231 0.347462 0.035835 0.022496
4 0.625878 0.376519 0.056914 0.018746
4 0.637208 0.405107 0.078520 0.023433
4 0.614548 0.429008 0.037416 0.020621
4 0.611123 0.457128 0.029511 0.022496
4 0.610069 0.484778 0.030565 0.023433
4 0.620608 0.555545 0.046374 0.022496
4 0.633520 0.625375 0.070089 0.021558
4 0.631148 0.697548 0.069562 0.019684
5 0.140961 0.973771 0.211441 0.052458
0 0.017080 0.974075 0.018161 0.039223
0 0.328080 0.974652 0.021404 0.038069
0 0.358564 0.974652 0.023998 0.042684
0 0.449583 0.975806 0.022701 0.040377
0 0.478878 0.978113 0.020755 0.042684
0 0.506767 0.974075 0.022052 0.039223
0 0.537251 0.976382 0.025944 0.043837
0 0.565465 0.974075 0.021404 0.036916
0 0.596597 0.976959 0.026592 0.042684
0 0.650971 0.976078 0.023349 0.047844
0 0.683400 0.974652 0.025944 0.049606
0 0.710317 0.971191 0.029187 0.049606
0 0.753989 0.980997 0.029187 0.036916
0 0.847710 0.975806 0.012972 0.031148
0 0.887599 0.977536 0.014918 0.036916
0 0.978726 0.976959 0.024647 0.044991