5 0.292365 0.358212 0.077348 0.039207
3 0.111973 0.092416 0.143808 0.042296
0 0.256303 0.027083 0.075754 0.026865
5 0.307184 0.564589 0.111190 0.038229
0 0.185554 0.027171 0.038945 0.025655
0 0.257543 0.095776 0.021635 0.038410
0 0.224946 0.095575 0.021605 0.041529
0 0.283209 0.096148 0.020569 0.038778
0 0.331980 0.027359 0.051332 0.025791
0 0.561070 0.097310 0.025602 0.044073
5 0.274404 0.399178 0.041116 0.039140
5 0.269570 0.442074 0.033032 0.039264
0 0.452101 0.096850 0.022491 0.040645
0 0.135071 0.026962 0.030768 0.025659
0 0.309007 0.095766 0.020629 0.038667
0 0.092312 0.026944 0.026501 0.027536
5 0.274199 0.608858 0.042254 0.040216
0 0.426651 0.096355 0.022848 0.040766
0 0.393352 0.027489 0.044816 0.025670
0 0.535423 0.097593 0.024753 0.043063
0 0.020320 0.096487 0.022147 0.039689
5 0.274105 0.649811 0.042441 0.040719
0 0.200760 0.094576 0.021878 0.041114
0 0.034404 0.025977 0.059636 0.035896
0 0.477961 0.097791 0.021264 0.040406
0 0.502442 0.098140 0.022147 0.041192
4 0.054819 0.774982 0.103437 0.033165
0 0.446363 0.028064 0.030620 0.030053
0 0.619838 0.096890 0.023782 0.041483
0 0.593895 0.095263 0.023782 0.046363
0 0.336898 0.358226 0.017307 0.039235
1 0.262248 0.774444 0.013404 0.025215