3 0.112678 0.092020 0.145508 0.043132
0 0.052611 0.210710 0.019451 0.033888
5 0.553146 0.315963 0.094036 0.039856
5 0.341304 0.900328 0.094262 0.041101
5 0.341138 0.316369 0.093441 0.039043
5 0.570276 0.482708 0.517730 0.038229
0 0.080631 0.211011 0.018300 0.035390
0 0.560976 0.097315 0.025195 0.043043
0 0.153177 0.027229 0.030545 0.025398
5 0.527493 0.358688 0.042432 0.039199
0 0.283073 0.095994 0.020383 0.037840
0 0.109027 0.211183 0.020460 0.036850
0 0.110055 0.027125 0.025967 0.026911
5 0.316454 0.358192 0.042923 0.039873
0 0.043811 0.026008 0.076957 0.033115
0 0.452000 0.097243 0.022549 0.040881
0 0.535520 0.097709 0.024482 0.041612
5 0.048662 0.858247 0.013757 0.025860
0 0.257583 0.096036 0.020922 0.038466
0 0.477972 0.097777 0.021267 0.040606
0 0.426313 0.096805 0.021930 0.041412
0 0.502587 0.097949 0.021718 0.040653
5 0.341532 0.775783 0.094202 0.039945
0 0.205432 0.027370 0.044394 0.025638
5 0.341304 0.942815 0.094262 0.038229
0 0.104351 0.566894 0.161716 0.042296
0 0.020233 0.095749 0.021416 0.038248
0 0.023221 0.209983 0.020435 0.038294
0 0.594386 0.096303 0.021748 0.041045
0 0.225110 0.095462 0.022663 0.041638
5 0.553394 0.900112 0.092965 0.040670
5 0.048751 0.734515 0.012931 0.023884
0 0.308815 0.096527 0.019704 0.039065
5 0.637783 0.525411 0.686643 0.040670
0 0.257131 0.027751 0.030268 0.031722
0 0.200343 0.094043 0.021620 0.039043
0 0.340871 0.096483 0.022485 0.040670
0 0.619046 0.095670 0.019890 0.040670
0 0.684447 0.316903 0.034614 0.040070
0 0.684254 0.358226 0.035001 0.042575
0 0.395641 0.315963 0.017296 0.039856
5 0.303325 0.483114 0.017728 0.040670
0 0.667762 0.900112 0.032862 0.040670