0 0.039162 0.027362 0.022378 0.036854
0 0.890296 0.028307 0.023904 0.038744
0 0.922846 0.029724 0.028990 0.037799
0 0.957685 0.025944 0.030516 0.037799
0 0.071712 0.096344 0.106805 0.034964
0 0.190978 0.097762 0.091039 0.032129
2 0.319906 0.098234 0.135286 0.034964
2 0.468162 0.095872 0.130709 0.030239
2 0.628369 0.098707 0.158173 0.032129
2 0.777642 0.099652 0.112908 0.030239
2 0.960991 0.097762 0.037127 0.034019
0 0.910386 0.179501 0.021361 0.036854
0 0.892585 0.275887 0.065100 0.034964
0 0.815024 0.277777 0.058488 0.038744
0 0.975740 0.404402 0.020852 0.036854
0 0.089767 0.281085 0.120537 0.035909
0 0.235988 0.280140 0.140372 0.032129
0 0.394161 0.278722 0.138338 0.033074
0 0.539365 0.277305 0.122571 0.039688
0 0.691181 0.274942 0.154613 0.033074
0 0.025684 0.402513 0.019835 0.036854
0 0.098159 0.402040 0.095616 0.035909
0 0.209541 0.401568 0.108839 0.038744
1 0.022632 0.458738 0.010681 0.024569
1 0.023395 0.502206 0.012206 0.018899
1 0.021870 0.541422 0.013223 0.023624
1 0.022378 0.577803 0.014241 0.020789
1 0.021304 0.611954 0.016388 0.025882
1 0.022124 0.651038 0.011698 0.021734
0 0.026221 0.963638 0.029499 0.038061
0 0.951327 0.962877 0.073746 0.039583
2 0.414208 0.500816 0.192560 0.031971
2 0.413799 0.539638 0.191740 0.039583
2 0.413389 0.578460 0.194199 0.038061
2 0.413799 0.616521 0.195018 0.035016
2 0.413799 0.649254 0.193379 0.030449
4 0.673959 0.503099 0.323664 0.042628
4 0.672730 0.540399 0.324484 0.041106
4 0.673140 0.578460 0.325303 0.038061
4 0.673959 0.617282 0.323664 0.039583
4 0.673550 0.652298 0.322845 0.036539
4 0.210996 0.497771 0.071288 0.031971
4 0.210177 0.538115 0.069649 0.033494
4 0.211406 0.576938 0.072108 0.035016
4 0.210587 0.616521 0.072108 0.031971
4 0.209767 0.654582 0.070469 0.031971
4 0.103245 0.502338 0.137660 0.038061
4 0.102835 0.538877 0.138479 0.031971
4 0.100377 0.614237 0.143396 0.030449
4 0.102016 0.649254 0.145034 0.033494
4 0.102016 0.576938 0.138479 0.038061
4 0.282284 0.500054 0.068010 0.036539
4 0.281055 0.538115 0.067191 0.042628
4 0.280646 0.577699 0.064733 0.030449
4 0.281055 0.614999 0.063913 0.035016
4 0.282694 0.651537 0.067191 0.031971