0 0.025244 0.030161 0.019855 0.043754
0 0.918993 0.032092 0.024960 0.045041
0 0.949626 0.032735 0.022691 0.048901
0 0.983379 0.035309 0.026662 0.051475
0 0.053608 0.111878 0.083390 0.029598
2 0.981563 0.111460 0.034907 0.047958
2 0.186332 0.105326 0.145526 0.042381
2 0.329646 0.110344 0.107670 0.043496
0 0.043681 0.275955 0.046517 0.043754
0 0.151747 0.270164 0.141253 0.039893
2 0.036873 0.413650 0.066939 0.048901
0 0.093034 0.411076 0.018153 0.041180
0 0.994441 0.411720 0.010211 0.042467
0 0.075165 0.763037 0.111754 0.042467
0 0.185784 0.768828 0.075448 0.033459
0 0.311720 0.762393 0.135580 0.038606
4 0.417801 0.925826 0.443045 0.144130
4 0.050942 0.525608 0.063308 0.041180
4 0.180395 0.523678 0.195144 0.039893
4 0.349728 0.524321 0.140118 0.038606
2 0.494516 0.524321 0.144391 0.041180
4 0.598158 0.524321 0.059640 0.046327
4 0.670241 0.524321 0.082256 0.041180
4 0.737747 0.523034 0.049353 0.038606
4 0.787932 0.523678 0.048824 0.042467
4 0.855741 0.523678 0.079986 0.039893
3 0.008793 0.525608 0.017586 0.043754
3 0.008793 0.568719 0.017586 0.034746
3 0.009927 0.612472 0.017586 0.034746
3 0.009360 0.654939 0.018720 0.037319
3 0.009644 0.697406 0.019287 0.039893
2 0.494384 0.568719 0.145791 0.039893
2 0.495802 0.613116 0.145224 0.038606
2 0.495235 0.654296 0.144089 0.038606
2 0.494384 0.696763 0.145791 0.038606
4 0.180792 0.569625 0.195938 0.041705
4 0.598328 0.568729 0.061947 0.041266
4 0.597591 0.612226 0.060472 0.041266
4 0.598083 0.655722 0.061455 0.041266
4 0.597591 0.695315 0.063422 0.040150
4 0.855949 0.695872 0.083579 0.043496
4 0.855949 0.651261 0.082596 0.039035
4 0.855457 0.607207 0.082596 0.037920
4 0.855703 0.567614 0.082104 0.036805
4 0.670354 0.568172 0.084071 0.046842
4 0.670600 0.613341 0.081613 0.041266
4 0.670600 0.655164 0.081613 0.040150
4 0.670600 0.695315 0.080629 0.040150
4 0.737217 0.568172 0.050639 0.042381
4 0.737463 0.612783 0.052114 0.042381
4 0.737709 0.651818 0.050639 0.040150
4 0.737463 0.696430 0.051131 0.044612
4 0.788102 0.568729 0.051131 0.036805
4 0.788594 0.609995 0.048181 0.043496
4 0.788348 0.653491 0.049656 0.041266
4 0.789086 0.696988 0.052114 0.041266
4 0.051377 0.652934 0.061455 0.042381
4 0.051622 0.611668 0.062930 0.040150
4 0.050639 0.568172 0.064897 0.042381
4 0.180678 0.610553 0.194199 0.040150
4 0.180187 0.651818 0.197148 0.046842
4 0.051131 0.694757 0.061947 0.039035
4 0.179941 0.694757 0.193707 0.039035
4 0.349558 0.694757 0.142576 0.039035
4 0.350295 0.652376 0.141101 0.036805
4 0.349803 0.611110 0.142085 0.043496
4 0.350295 0.567056 0.141101 0.042381
0 0.416310 0.763548 0.045675 0.036697
0 0.477210 0.763548 0.044724 0.034538