0 0.919469 0.033511 0.018289 0.049816
0 0.949558 0.032200 0.023009 0.049816
0 0.983186 0.034822 0.023009 0.044572
0 0.033628 0.034167 0.015339 0.048505
0 0.078761 0.120688 0.084366 0.035395
0 0.254572 0.118722 0.084366 0.041950
0 0.167847 0.120033 0.076106 0.039328
0 0.952212 0.122655 0.020059 0.034084
0 0.975221 0.121999 0.022419 0.040639
0 0.459292 0.427447 0.024189 0.040639
0 0.693805 0.428758 0.023599 0.043261
0 0.363422 0.351413 0.228909 0.213683
0 0.597345 0.350758 0.224779 0.209750
2 0.174041 0.028063 0.126844 0.045883
4 0.890407 0.121921 0.143004 0.039898