0 0.040688 0.024266 0.017292 0.032441
0 0.060269 0.091851 0.093073 0.035685
0 0.159953 0.088067 0.092056 0.034604
2 0.279219 0.094555 0.129183 0.036767
2 0.984640 0.096177 0.028481 0.040011
0 0.917760 0.026969 0.017801 0.037848
0 0.946750 0.027510 0.020852 0.041092
0 0.975994 0.025347 0.021361 0.041092
2 0.405096 0.094555 0.095107 0.038929
0 0.044756 0.227023 0.041705 0.031360
0 0.141389 0.223779 0.124097 0.033523
4 0.250483 0.290824 0.126640 0.033523
0 0.305411 0.289202 0.015766 0.030278
4 0.260146 0.404909 0.118503 0.036767
4 0.216153 0.451408 0.029499 0.030278
4 0.215899 0.498989 0.031024 0.032441
4 0.215644 0.629294 0.029499 0.040011
4 0.202930 0.740135 0.028481 0.032441
4 0.244889 0.741217 0.045265 0.032441
0 0.259638 0.738513 0.010681 0.022709
1 0.193266 0.787716 0.009155 0.019465
4 0.723222 0.741217 0.030516 0.034604
4 0.733394 0.451949 0.030516 0.033523
4 0.732886 0.497367 0.030516 0.035685
4 0.735683 0.543325 0.034076 0.036767
4 0.787051 0.879092 0.158173 0.033523
0 0.974519 0.979119 0.050961 0.036767
4 0.751704 0.925050 0.088496 0.034604
0 0.788323 0.925591 0.014241 0.027034
0 0.811464 0.922347 0.026956 0.029197
0 0.019835 0.979660 0.025430 0.037848
0 0.264215 0.839081 0.008646 0.022709
0 0.263198 0.889365 0.010681 0.023790
0 0.240820 0.841784 0.013732 0.023790
0 0.028990 0.841244 0.030516 0.033523
0 0.057980 0.839081 0.031533 0.035685