0 0.024065 0.032752 0.018631 0.041781
0 0.916201 0.028333 0.022124 0.045798
0 0.949775 0.031145 0.030275 0.051422
0 0.984513 0.030342 0.022900 0.044994
0 0.497205 0.887646 0.087719 0.032139
0 0.582790 0.892868 0.062490 0.032942
0 0.691275 0.891663 0.138954 0.036960
0 0.776859 0.890859 0.018243 0.030532
0 0.801700 0.889654 0.019795 0.028121
0 0.830034 0.889252 0.022124 0.028925
0 0.856234 0.890859 0.015526 0.028925
0 0.880686 0.890458 0.017078 0.028121
1 0.126727 0.315172 0.012809 0.026515
1 0.127115 0.355747 0.011256 0.024104
1 0.127115 0.395118 0.012032 0.024104
1 0.126727 0.434889 0.011256 0.021694
1 0.127503 0.474661 0.011256 0.025711
1 0.126921 0.513228 0.011644 0.024104
1 0.127115 0.554607 0.012032 0.021694
1 0.127115 0.593977 0.012032 0.024908
1 0.128086 0.753868 0.012420 0.021694
1 0.126921 0.632543 0.011644 0.021694
1 0.127309 0.673520 0.011644 0.021694
1 0.126921 0.713292 0.011644 0.024104
4 0.388721 0.312360 0.140894 0.036960
0 0.468483 0.315574 0.017078 0.036960
1 0.477798 0.356149 0.013197 0.023301
1 0.477216 0.394716 0.012809 0.023301
1 0.478769 0.435291 0.012032 0.022497
1 0.477798 0.474259 0.012420 0.023301
1 0.477604 0.516040 0.011256 0.024908
1 0.477993 0.554205 0.010480 0.022497
1 0.549604 0.313967 0.011644 0.022497
1 0.584537 0.314770 0.011644 0.024104
1 0.549798 0.355747 0.012809 0.022497
1 0.583760 0.355346 0.012420 0.023301
1 0.549216 0.394314 0.012420 0.022497
1 0.583760 0.394716 0.010868 0.021694
1 0.549798 0.435693 0.012032 0.021694
1 0.583760 0.433282 0.012420 0.023301
1 0.549604 0.473858 0.011644 0.024104
1 0.549410 0.514031 0.012032 0.022497
1 0.549992 0.555410 0.012420 0.021694
1 0.583954 0.473858 0.011256 0.025711
1 0.583954 0.514835 0.011256 0.024104
1 0.583760 0.553803 0.011644 0.021694
1 0.549798 0.594378 0.012032 0.022497
1 0.583954 0.594378 0.011256 0.024104
1 0.477798 0.593977 0.011644 0.023301
1 0.477604 0.632945 0.012809 0.024104
1 0.477798 0.673520 0.011644 0.020087
1 0.478187 0.713292 0.013197 0.019283
1 0.583954 0.632543 0.011256 0.024908
1 0.584148 0.672717 0.010868 0.021694
1 0.583760 0.713292 0.010868 0.022497
1 0.618499 0.634150 0.011256 0.024908
1 0.618693 0.673922 0.011644 0.024104
1 0.618111 0.714497 0.011256 0.021694
1 0.653625 0.675127 0.012420 0.020087
1 0.653237 0.714096 0.010868 0.022497
1 0.652849 0.634150 0.010092 0.021694
1 0.618499 0.314770 0.012032 0.020890
1 0.618499 0.355747 0.011256 0.022497
1 0.618887 0.395921 0.011256 0.022497
1 0.618305 0.434488 0.013197 0.024104
1 0.618499 0.474259 0.011256 0.023301
1 0.618499 0.514031 0.011256 0.022497
1 0.618111 0.553803 0.012032 0.028121
1 0.618887 0.593977 0.011256 0.024908
1 0.653819 0.315172 0.013585 0.021694
1 0.653237 0.355346 0.012420 0.024908
1 0.653625 0.395519 0.010868 0.024908
1 0.653043 0.434889 0.012809 0.023301
1 0.653237 0.474259 0.012420 0.024908
1 0.653237 0.514835 0.012420 0.024104
1 0.652655 0.554607 0.011256 0.028121
1 0.653043 0.593575 0.011256 0.025711
0 0.901180 0.179013 0.014749 0.035112
5 0.503687 0.539691 0.818584 0.769404