0 0.045991 0.874783 0.023104 0.041762
0 0.069334 0.874358 0.023793 0.042125
0 0.372507 0.874868 0.024062 0.042867
0 0.023929 0.319160 0.025323 0.042114
0 0.069638 0.219121 0.023574 0.043731
0 0.577389 0.219070 0.021476 0.041188
0 0.280532 0.221392 0.020611 0.038154
0 0.258356 0.218793 0.020896 0.041332
0 0.903122 0.972811 0.080394 0.040988
2 0.218062 0.100081 0.039619 0.031765
0 0.974923 0.973156 0.049524 0.037514
0 0.555020 0.218404 0.022569 0.040657
0 0.531321 0.219121 0.023380 0.042518
0 0.045720 0.218949 0.023724 0.042743
0 0.977001 0.100255 0.045998 0.033334
0 0.354485 0.220759 0.106094 0.042645
4 0.167238 0.220632 0.160949 0.042392
0 0.055877 0.100402 0.086701 0.034251
4 0.342304 0.876224 0.039455 0.045177
4 0.266178 0.677619 0.142423 0.038900
4 0.350065 0.371701 0.311117 0.041267
0 0.915167 0.100808 0.063724 0.034639
0 0.073973 0.323559 0.033792 0.039533
4 0.675931 0.373140 0.311117 0.036468
0 0.461084 0.220956 0.107425 0.041121
2 0.149755 0.100429 0.083551 0.034433
0 0.122581 0.320842 0.024682 0.035114
0 0.027885 0.028131 0.016132 0.041267
0 0.919985 0.027171 0.023046 0.045106
0 0.951327 0.028611 0.022124 0.046065
0 0.985435 0.030050 0.021202 0.045106