0 0.091247 0.206978 0.025192 0.046683
0 0.123094 0.206546 0.022037 0.044430
0 0.032540 0.206196 0.023496 0.043016
0 0.061402 0.099860 0.091891 0.035848
0 0.058040 0.207007 0.024494 0.043908
0 0.976210 0.100479 0.047533 0.036499
0 0.140211 0.099661 0.050043 0.033656
2 0.142402 0.206547 0.018057 0.044497
2 0.192639 0.099363 0.037770 0.033355
4 0.457419 0.759726 0.116008 0.041987
0 0.934146 0.100519 0.022527 0.033738
4 0.459426 0.800593 0.112953 0.044248
4 0.457351 0.840730 0.116540 0.043998
4 0.457729 0.680149 0.116303 0.043083
4 0.942005 0.362850 0.051460 0.040323
4 0.575128 0.800649 0.122116 0.043994
0 0.214092 0.206598 0.103610 0.044138
4 0.574003 0.759510 0.120702 0.042707
4 0.574326 0.680418 0.122530 0.042743
4 0.662202 0.839237 0.053660 0.039866
4 0.941284 0.403575 0.052272 0.042537
4 0.458097 0.600827 0.115699 0.042676
4 0.458322 0.640377 0.114936 0.044715
4 0.941937 0.442113 0.053054 0.039327
4 0.457744 0.519484 0.115740 0.045609
4 0.212694 0.842146 0.380887 0.047065
4 0.575421 0.839895 0.122830 0.041357
4 0.661960 0.799983 0.053697 0.042614
4 0.941526 0.324237 0.052997 0.043607
4 0.575146 0.640518 0.120372 0.044858
4 0.458231 0.562825 0.113504 0.042358
4 0.457258 0.482892 0.116747 0.040991
4 0.575950 0.482892 0.120638 0.040991
4 0.575626 0.602450 0.121287 0.039625
4 0.573680 0.521834 0.121287 0.042358
4 0.576599 0.564191 0.120638 0.042358
4 0.662213 0.520467 0.054482 0.042358
4 0.745557 0.483575 0.116098 0.045091
4 0.859061 0.480842 0.112207 0.042358
4 0.940459 0.481525 0.053185 0.043724
4 0.941432 0.521834 0.052536 0.039625
4 0.857115 0.523200 0.114801 0.039625
4 0.745233 0.562142 0.114152 0.043724
4 0.858737 0.562142 0.112855 0.046457
4 0.941432 0.562142 0.052536 0.040991
4 0.745161 0.602036 0.115882 0.040991
4 0.858592 0.602492 0.114152 0.040081
4 0.941180 0.601581 0.051023 0.040081
4 0.941396 0.641206 0.051455 0.044635
4 0.859025 0.642572 0.115017 0.040081
4 0.940964 0.681286 0.051455 0.040991
4 0.859025 0.680831 0.114152 0.040081
4 0.745305 0.681742 0.114152 0.043724
4 0.661637 0.760536 0.054914 0.037348
4 0.745089 0.760992 0.112855 0.041902
4 0.745737 0.799706 0.113287 0.040991
4 0.745305 0.839787 0.114152 0.042813
4 0.858953 0.760992 0.114585 0.041902
4 0.858737 0.801983 0.113287 0.040081
4 0.858737 0.839787 0.113287 0.039170
4 0.940675 0.761903 0.050590 0.040081
4 0.940892 0.801528 0.052752 0.039170
4 0.940892 0.841608 0.051023 0.040991
4 0.457762 0.721367 0.115017 0.037348
4 0.574509 0.720911 0.120206 0.038259
4 0.858376 0.720911 0.112855 0.041902
4 0.940964 0.720911 0.051455 0.041902
0 0.029819 0.029608 0.023727 0.037827
0 0.921188 0.028932 0.026292 0.055389
0 0.952931 0.030959 0.020521 0.043231
0 0.983712 0.029608 0.021803 0.040529