2 0.309635 0.164538 0.201855 0.039148
4 0.111174 0.855710 0.092832 0.033608
2 0.281298 0.821056 0.070174 0.033832
1 0.049181 0.888145 0.032741 0.030940
1 0.049288 0.922302 0.033303 0.033282
4 0.111621 0.889303 0.091756 0.034997
4 0.111175 0.822496 0.092795 0.035410
2 0.090024 0.089269 0.145810 0.038265
4 0.230980 0.413923 0.150283 0.040105
4 0.231436 0.536375 0.149200 0.036892
0 0.513300 0.090302 0.079906 0.028680
0 0.214967 0.090379 0.071480 0.029264
4 0.205972 0.330199 0.098590 0.037016
0 0.045696 0.208202 0.073204 0.034009
2 0.801112 0.090353 0.058369 0.029162
4 0.292268 0.454368 0.273453 0.038775
4 0.205363 0.370237 0.099178 0.040554
0 0.599890 0.090296 0.050539 0.029751
2 0.281091 0.856001 0.069937 0.033142
4 0.730657 0.164400 0.280150 0.037317
4 0.500527 0.330207 0.152897 0.039398
0 0.020978 0.784011 0.020092 0.029361
2 0.431039 0.536198 0.202361 0.041628
0 0.699005 0.090498 0.115068 0.029540
0 0.429538 0.090448 0.057418 0.030060
1 0.022115 0.922669 0.014645 0.021564
1 0.048990 0.855251 0.032627 0.029314
4 0.112201 0.924340 0.093314 0.038566
0 0.327084 0.091009 0.122190 0.030517
4 0.933643 0.856726 0.132713 0.035589
1 0.339600 0.495251 0.016874 0.025433
4 0.435435 0.288878 0.022412 0.038764
4 0.932963 0.822995 0.132333 0.037269
4 0.235332 0.289475 0.160174 0.039444
4 0.933643 0.890208 0.132713 0.036063
4 0.357198 0.579469 0.402167 0.036151
1 0.049183 0.822383 0.032438 0.028614
4 0.449238 0.823545 0.265281 0.039589
2 0.281356 0.889937 0.069736 0.032009
1 0.021227 0.823366 0.015532 0.022291
4 0.933643 0.922703 0.132713 0.035677
1 0.022115 0.890640 0.014645 0.022198
2 0.281576 0.923576 0.069473 0.031824
4 0.447334 0.857275 0.266913 0.036893
1 0.021517 0.856939 0.016111 0.022374
4 0.504956 0.454663 0.057385 0.038185
0 0.137757 0.207590 0.066451 0.031041
4 0.448354 0.923809 0.265960 0.035537
4 0.856901 0.856235 0.023163 0.031589
4 0.447820 0.890788 0.267028 0.037075
4 0.856951 0.824315 0.022847 0.034985
4 0.856589 0.889101 0.022847 0.034985
4 0.857676 0.923308 0.022847 0.031875
0 0.027973 0.030312 0.029499 0.039978