2 0.485797 0.624040 0.274094 0.043823
0 0.358266 0.536849 0.020178 0.036874
1 0.283207 0.385917 0.018004 0.030465
4 0.711752 0.841036 0.030321 0.037863
0 0.556203 0.536876 0.022987 0.039195
2 0.333096 0.146502 0.137617 0.038482
1 0.283613 0.419991 0.017292 0.030977
1 0.283463 0.351544 0.016991 0.030421
0 0.888161 0.974057 0.063389 0.038211
0 0.423728 0.536985 0.020388 0.037788
2 0.476599 0.887194 0.206897 0.036764
4 0.711058 0.885254 0.029706 0.036275
4 0.713894 0.797494 0.034669 0.040583
0 0.469851 0.537276 0.021284 0.037650
1 0.264706 0.386282 0.013972 0.027949
0 0.647532 0.623392 0.022530 0.038034
0 0.444370 0.537179 0.021699 0.037022
0 0.510482 0.536238 0.018865 0.035625
0 0.703462 0.536566 0.107745 0.041635
0 0.398689 0.536858 0.020252 0.036502
1 0.809299 0.755992 0.013837 0.024083
4 0.803776 0.453578 0.071425 0.037281
0 0.332326 0.536581 0.021411 0.037565
0 0.668940 0.623829 0.021732 0.037675
0 0.292128 0.536931 0.020228 0.037978
4 0.714260 0.753976 0.034649 0.037464
0 0.245922 0.624204 0.020991 0.037059
0 0.530299 0.536557 0.020468 0.037280
0 0.267051 0.536656 0.022120 0.040164
4 0.714111 0.710430 0.034336 0.038220
1 0.283752 0.317479 0.016632 0.030577
1 0.809516 0.799698 0.011675 0.027651
4 0.124317 0.699311 0.219243 0.038826
4 0.124066 0.596934 0.218753 0.038099
0 0.039908 0.292396 0.019411 0.036955
4 0.738956 0.351699 0.027875 0.034799
1 0.264765 0.419888 0.012601 0.025548
4 0.672452 0.319072 0.106821 0.035051
0 0.953486 0.974799 0.055899 0.035314
1 0.264726 0.318921 0.012308 0.025731
0 0.379033 0.536717 0.019077 0.036481
0 0.258247 0.089688 0.069097 0.028454
0 0.491100 0.536863 0.019263 0.036384
4 0.671815 0.453356 0.106449 0.037304
4 0.884707 0.454331 0.092085 0.036972
1 0.809516 0.712286 0.013404 0.027651
0 0.311925 0.536380 0.020087 0.037594
0 0.958708 0.090634 0.043677 0.030020
4 0.803644 0.419630 0.072631 0.035274
0 0.943201 0.537768 0.093808 0.038560
0 0.337781 0.091658 0.075354 0.030868
4 0.124587 0.800183 0.218702 0.034043
2 0.477557 0.798792 0.207166 0.043968
4 0.391724 0.754806 0.035573 0.037532
0 0.607511 0.092160 0.022879 0.026784
0 0.486153 0.092238 0.104667 0.030268
0 0.565994 0.092784 0.045560 0.029016
0 0.403413 0.091047 0.043553 0.029813
4 0.123444 0.494520 0.219997 0.037158
4 0.978092 0.419664 0.023755 0.032641
4 0.391270 0.711398 0.033186 0.035951
4 0.802609 0.352147 0.073538 0.036897
4 0.739104 0.453580 0.027729 0.035664
4 0.672656 0.386510 0.108692 0.037563
4 0.122217 0.392949 0.219474 0.039994
4 0.672503 0.418908 0.108889 0.036357
0 0.923265 0.089690 0.012944 0.028895
4 0.739223 0.386076 0.027731 0.033449
0 0.061471 0.292399 0.020757 0.038515
0 0.675884 0.092626 0.101705 0.032632
4 0.886080 0.145632 0.074142 0.037593
4 0.802610 0.386227 0.073347 0.035681
4 0.123722 0.901566 0.218448 0.037949
0 0.767753 0.092089 0.072252 0.030887
0 0.202026 0.089368 0.027862 0.027835
4 0.312111 0.419487 0.037425 0.033169
4 0.123944 0.629307 0.218004 0.037836
2 0.828867 0.089882 0.034500 0.027249
4 0.883672 0.420187 0.091309 0.036339
4 0.312197 0.351810 0.037771 0.034976
4 0.672598 0.352745 0.108359 0.037510
2 0.013065 0.292096 0.026129 0.038387
4 0.978330 0.351916 0.024287 0.033602
0 0.090992 0.293632 0.021811 0.039263
4 0.882876 0.386646 0.092357 0.037408
4 0.124500 0.527558 0.218876 0.039774
4 0.435119 0.386332 0.123605 0.039265
4 0.883671 0.352200 0.091737 0.037511
4 0.977962 0.386369 0.024274 0.033760
4 0.124253 0.563018 0.218378 0.039483
4 0.311817 0.453898 0.037017 0.035428
4 0.739231 0.419475 0.027696 0.033988
4 0.123932 0.460473 0.218029 0.040925
1 0.283919 0.453953 0.017903 0.029100
4 0.311853 0.385610 0.038287 0.033637
4 0.363772 0.352584 0.022558 0.033569
4 0.123194 0.426769 0.219505 0.036868
4 0.124239 0.731690 0.218407 0.037434
4 0.710164 0.918663 0.029294 0.027573
1 0.264428 0.353057 0.012648 0.026362
4 0.364131 0.419830 0.022113 0.033192
2 0.119240 0.293267 0.019454 0.038491
4 0.123941 0.664494 0.218011 0.041554
4 0.363849 0.386500 0.022367 0.034291
4 0.978027 0.453784 0.023187 0.035049
1 0.438888 0.710464 0.013468 0.028801
0 0.246067 0.232097 0.021157 0.037709
4 0.760032 0.351795 0.016354 0.033595
4 0.124822 0.833101 0.218232 0.041874
4 0.435638 0.353075 0.122909 0.037839
4 0.760234 0.386331 0.016195 0.032984
4 0.478660 0.844776 0.210025 0.048071
4 0.809909 0.884227 0.018146 0.036646
4 0.124137 0.767294 0.217618 0.041835
4 0.435766 0.419531 0.122892 0.036612
4 0.435229 0.453994 0.124171 0.037317
0 0.246249 0.189629 0.020545 0.034064
0 0.106818 0.091014 0.151537 0.030680
0 0.901884 0.090140 0.016840 0.030073
4 0.880978 0.921162 0.075695 0.023766
4 0.760212 0.453377 0.017633 0.035133
4 0.363312 0.317935 0.021312 0.033683
4 0.008104 0.698444 0.016207 0.035305
4 0.124226 0.867338 0.218432 0.034786
4 0.882963 0.317436 0.092614 0.037480
4 0.312889 0.317142 0.035389 0.033502
4 0.435600 0.318628 0.124352 0.036095
4 0.558202 0.385510 0.124143 0.036926
4 0.008202 0.799855 0.016404 0.034573
1 0.265130 0.454625 0.012179 0.026578
0 0.119543 0.293354 0.018944 0.037983
4 0.558858 0.455949 0.122775 0.034379
2 0.136048 0.292647 0.014517 0.038904
4 0.364076 0.453565 0.021421 0.034639
0 0.530971 0.670419 0.039109 0.035387
4 0.678891 0.146499 0.185590 0.042585
4 0.341560 0.317702 0.023697 0.034659
4 0.760265 0.419426 0.016770 0.033509
4 0.558707 0.353089 0.124189 0.038368
4 0.008323 0.767090 0.016646 0.036210
4 0.802983 0.316429 0.071204 0.035482
4 0.008106 0.595681 0.016211 0.035864
4 0.008248 0.901025 0.016496 0.037572
4 0.008299 0.834508 0.016598 0.037667
4 0.008049 0.730474 0.015858 0.037472
4 0.411204 0.919945 0.076597 0.027868
4 0.008344 0.868900 0.016688 0.034666
4 0.007963 0.493646 0.015926 0.034493
4 0.559384 0.419823 0.122612 0.039526
4 0.008176 0.562059 0.016352 0.034364
4 0.008188 0.664344 0.016376 0.036939
4 0.007963 0.459871 0.015926 0.036157
4 0.978080 0.317281 0.024668 0.033154
4 0.007895 0.425874 0.015427 0.033423
4 0.438524 0.146129 0.073917 0.035114
4 0.008268 0.934574 0.016536 0.035615
4 0.008078 0.630058 0.016155 0.036052
4 0.007990 0.527729 0.015980 0.036098
4 0.341197 0.352194 0.022752 0.034880
4 0.341215 0.419732 0.022065 0.032542
4 0.559760 0.318324 0.124249 0.035487
4 0.341392 0.454567 0.022668 0.036023
4 0.341341 0.386324 0.023311 0.032803
4 0.760571 0.317973 0.016863 0.032854
0 0.043326 0.026417 0.019051 0.039299
0 0.910460 0.028318 0.025197 0.032961
0 0.937500 0.029586 0.017822 0.032961
0 0.968535 0.028952 0.028269 0.034228