0 0.107997 0.415809 0.203402 0.033538
0 0.079556 0.114267 0.090571 0.039457
0 0.106481 0.365615 0.200774 0.035123
0 0.167005 0.111950 0.086859 0.041729
0 0.080837 0.466785 0.150897 0.034271
0 0.254979 0.113937 0.090596 0.041098
0 0.691548 0.902733 0.024851 0.044469
0 0.045506 0.618876 0.088408 0.035063
0 0.052460 0.873940 0.096014 0.032863
0 0.105349 0.264276 0.205517 0.036314
0 0.079946 0.518521 0.154894 0.035611
0 0.038126 0.924613 0.070156 0.031923
0 0.105641 0.314253 0.203102 0.036425
0 0.046983 0.823854 0.085387 0.031473
0 0.066472 0.214862 0.126165 0.037494
0 0.458337 0.902682 0.026198 0.042490
0 0.047950 0.720359 0.084669 0.029196
0 0.038966 0.669429 0.073426 0.034423
0 0.067772 0.567448 0.130548 0.034606
4 0.902027 0.113063 0.167642 0.043240
0 0.458879 0.544922 0.027317 0.048338
0 0.360240 0.782191 0.147124 0.070486
0 0.060428 0.771876 0.111909 0.035214
0 0.081198 0.975225 0.157009 0.039534
0 0.459395 0.184179 0.028079 0.051195
0 0.367731 0.411034 0.162106 0.048338
0 0.517972 0.768285 0.058317 0.037286
0 0.973094 0.110935 0.021219 0.038982
0 0.035644 0.030926 0.018191 0.034325
0 0.919862 0.028845 0.021632 0.044727
0 0.949607 0.031966 0.022124 0.048888
0 0.980334 0.028845 0.023599 0.046807
2 0.173795 0.031966 0.131268 0.042647