0 0.031768 0.029132 0.017018 0.030522
0 0.922963 0.029132 0.020422 0.039914
0 0.950477 0.032066 0.018720 0.041087
0 0.979124 0.030893 0.021557 0.036392
0 0.934876 0.093698 0.023826 0.042261
0 0.971466 0.094285 0.042546 0.029348
0 0.078001 0.098980 0.114023 0.024652
2 0.160256 0.093111 0.036873 0.027000
0 0.065237 0.356658 0.054459 0.028174
0 0.142387 0.354897 0.070343 0.027000
0 0.194577 0.356658 0.018153 0.025826
0 0.249319 0.354897 0.057295 0.029348
0 0.321931 0.356658 0.055026 0.028174
0 0.399648 0.175873 0.019855 0.035218
0 0.419503 0.176460 0.019855 0.036392
0 0.439358 0.176460 0.020989 0.034044
0 0.461198 0.177047 0.021557 0.037566
0 0.481337 0.177047 0.018720 0.035218
4 0.173871 0.268613 0.089063 0.032870
0 0.296687 0.268613 0.115725 0.035218
4 0.234854 0.178221 0.209893 0.030522
0 0.347459 0.175873 0.016451 0.035218
0 0.392557 0.218721 0.015884 0.022305