0 0.034961 0.026719 0.013110 0.043162
0 0.920190 0.025486 0.019119 0.033296
0 0.946411 0.026102 0.021304 0.034530
0 0.975910 0.026719 0.022397 0.030830
0 0.967442 0.088996 0.040424 0.019731
0 0.047799 0.090845 0.047525 0.028364
0 0.129739 0.090845 0.102152 0.028364
0 0.227521 0.088379 0.081394 0.028364
0 0.317929 0.087762 0.084125 0.027130
0 0.391675 0.091462 0.049164 0.019731
2 0.455861 0.089612 0.067191 0.035763
2 0.512947 0.086529 0.033869 0.034530
0 0.087403 0.162371 0.096143 0.030830
0 0.193652 0.161754 0.095597 0.036996
0 0.296351 0.161138 0.093412 0.030830
0 0.381842 0.164837 0.050257 0.028364
0 0.477985 0.136474 0.099421 0.023431
0 0.471157 0.229580 0.092319 0.029597
0 0.476620 0.267810 0.099967 0.029597
0 0.477439 0.354750 0.099421 0.028364
0 0.478258 0.397296 0.098875 0.022198
0 0.476347 0.444157 0.091773 0.027130
0 0.569485 0.166071 0.066099 0.028364
0 0.957610 0.980599 0.056812 0.034530
4 0.208402 0.856046 0.105430 0.034530
4 0.207855 0.899208 0.108708 0.027130
4 0.398776 0.856662 0.024036 0.030830
4 0.378291 0.597691 0.027860 0.033296
4 0.168797 0.726560 0.028406 0.029597
4 0.165520 0.380647 0.021851 0.033296
4 0.210860 0.425659 0.113624 0.032063
4 0.163881 0.465738 0.017481 0.033296
4 0.211133 0.508900 0.111985 0.033296
4 0.163881 0.552062 0.017481 0.028364
4 0.392767 0.381881 0.057905 0.030830
4 0.392221 0.424426 0.057905 0.029597
4 0.374467 0.466971 0.022397 0.033296
4 0.396318 0.553295 0.065006 0.033296
4 0.211952 0.211082 0.243636 0.029597
4 0.211406 0.252395 0.242543 0.033296
1 0.161969 0.595841 0.008194 0.017265
0 0.964887 0.167198 0.013322 0.022556
0 0.948473 0.160216 0.012846 0.030074
0 0.657770 0.162901 0.082310 0.031148
0 0.753164 0.163438 0.080883 0.027926
0 0.846893 0.162901 0.080883 0.024704