0 0.032743 0.025146 0.017109 0.032015
0 0.077876 0.089177 0.116814 0.027090
0 0.350442 0.169832 0.014159 0.033247
0 0.298820 0.260953 0.115044 0.035710
0 0.401180 0.169216 0.020059 0.032015
0 0.483481 0.168600 0.018289 0.035710
0 0.463127 0.169832 0.016519 0.038172
0 0.442773 0.168600 0.019469 0.030784
0 0.420354 0.167369 0.017109 0.035710
0 0.922419 0.026378 0.023009 0.032015
0 0.950147 0.025146 0.017109 0.036941
0 0.980531 0.024531 0.018879 0.033247
0 0.934218 0.091640 0.019469 0.044329
0 0.971386 0.088561 0.040708 0.025859
0 0.069912 0.348379 0.053687 0.028321
0 0.194985 0.348995 0.024189 0.027090
0 0.250147 0.350226 0.061357 0.027090
0 0.321829 0.350226 0.054867 0.022165
0 0.141003 0.353305 0.057817 0.028321
0 0.216224 0.975144 0.070206 0.035710
2 0.182301 0.089177 0.071976 0.027090
2 0.242773 0.086714 0.032448 0.024627
4 0.237168 0.170447 0.211209 0.032015
4 0.175811 0.215392 0.089676 0.035710
4 0.176401 0.260337 0.088496 0.034478