0 0.462309 0.402578 0.025822 0.046772
0 0.078116 0.113694 0.091036 0.045285
0 0.256849 0.112944 0.091751 0.045144
0 0.106265 0.316321 0.206780 0.041267
0 0.107409 0.417622 0.207078 0.038166
0 0.106035 0.367974 0.205954 0.039726
0 0.168396 0.113423 0.090812 0.044026
4 0.909036 0.114724 0.175001 0.047123
0 0.462439 0.758507 0.027617 0.048567
0 0.077670 0.467212 0.152118 0.034941
0 0.078459 0.518078 0.156490 0.035598
0 0.035652 0.920193 0.069561 0.032312
0 0.044278 0.820717 0.086908 0.029182
0 0.038150 0.669199 0.074416 0.032492
0 0.062905 0.568695 0.124170 0.034915
0 0.105973 0.266096 0.208682 0.037616
0 0.044739 0.719347 0.088257 0.031192
0 0.051856 0.870535 0.097528 0.031270
0 0.065778 0.216996 0.129026 0.034716
0 0.059259 0.770523 0.115820 0.032948
0 0.045181 0.617899 0.088364 0.034631
0 0.080864 0.973775 0.160748 0.041036
0 0.364950 0.972115 0.230694 0.055770
0 0.364572 0.687551 0.231450 0.202041
0 0.364761 0.332997 0.228046 0.200468
0 0.033091 0.029936 0.019287 0.039308
0 0.925043 0.027185 0.025717 0.044811
0 0.957568 0.029936 0.018909 0.045597
0 0.989562 0.031509 0.020876 0.042452
0 0.981393 0.115627 0.023448 0.036163
0 0.957189 0.115627 0.021178 0.033018
2 0.172831 0.030329 0.126314 0.035377