0 0.060864 0.359911 0.016855 0.031214
0 0.132025 0.359988 0.013837 0.031717
0 0.167070 0.360519 0.017271 0.029699
0 0.193586 0.283066 0.016179 0.029975
0 0.471107 0.137310 0.018954 0.032405
0 0.185976 0.360065 0.015768 0.029570
2 0.109832 0.360024 0.014982 0.029778
0 0.033529 0.137819 0.016755 0.029546
0 0.037066 0.360549 0.016094 0.031542
0 0.981591 0.071947 0.035881 0.028168
0 0.079062 0.359939 0.016227 0.030192
0 0.163397 0.282728 0.041700 0.030664
0 0.096307 0.359949 0.014682 0.029332
0 0.153580 0.072167 0.036692 0.021106
0 0.198890 0.072355 0.045357 0.022244
0 0.284191 0.071650 0.046690 0.022756
0 0.079496 0.071642 0.099259 0.023347
0 0.241246 0.072872 0.027971 0.020966
0 0.065932 0.137344 0.015545 0.029198
0 0.049869 0.138070 0.014717 0.029331
2 0.364881 0.072201 0.029545 0.021658
0 0.082013 0.136856 0.016415 0.029047
0 0.329496 0.072228 0.030614 0.021395
4 0.124112 0.284412 0.028220 0.027482
2 0.155915 0.210397 0.091738 0.029505
4 0.156167 0.247763 0.092100 0.032328
2 0.342870 0.210017 0.092533 0.032334
0 0.127144 0.173049 0.039475 0.026761
2 0.144780 0.361152 0.012539 0.033720
0 0.036873 0.020975 0.017699 0.030672
0 0.940757 0.023850 0.018191 0.024921
0 0.964848 0.021454 0.014258 0.029713
0 0.989184 0.022412 0.016716 0.027796