0 0.397443 0.355218 0.151771 0.032071
0 0.397876 0.390613 0.151771 0.033181
4 0.174344 0.355135 0.060826 0.030477
0 0.982461 0.074410 0.034451 0.027690
0 0.397385 0.318029 0.152520 0.030693
4 0.163925 0.139412 0.061207 0.032952
4 0.168797 0.533789 0.029146 0.030765
0 0.282117 0.174827 0.016816 0.027886
4 0.185439 0.787290 0.060829 0.030640
0 0.196587 0.074643 0.045738 0.022690
4 0.206333 0.929538 0.103688 0.030554
4 0.168482 0.605935 0.028286 0.032571
4 0.174594 0.390605 0.061327 0.030228
4 0.168855 0.570569 0.029059 0.034016
0 0.239060 0.073985 0.029014 0.020806
0 0.320832 0.073865 0.045085 0.022223
4 0.171223 0.821828 0.034171 0.029918
0 0.275046 0.073895 0.032394 0.021329
0 0.491040 0.073694 0.036064 0.022402
4 0.184832 0.894504 0.058726 0.029979
0 0.149655 0.074105 0.036344 0.022190
2 0.677178 0.073906 0.028297 0.022161
4 0.166134 0.643201 0.023048 0.030647
0 0.073733 0.073678 0.103612 0.023785
0 0.219555 0.463926 0.098064 0.034178
0 0.605225 0.073545 0.036136 0.021961
0 0.547818 0.074163 0.067490 0.023219
4 0.158370 0.319003 0.027924 0.029804
4 0.161016 0.858071 0.012869 0.032352
2 0.421209 0.138989 0.126143 0.029863
0 0.408717 0.074128 0.115379 0.023565
0 0.643199 0.074637 0.028601 0.022524
2 0.204339 0.176327 0.140881 0.032998
1 0.162125 0.678718 0.009763 0.019297
1 0.162347 0.966869 0.010207 0.022919
0 0.031268 0.024566 0.017699 0.022637
0 0.944543 0.024001 0.016519 0.032823
0 0.968437 0.025132 0.017109 0.030559
0 0.991740 0.024001 0.016519 0.030559