4 0.216610 0.175056 0.136504 0.039321
4 0.196178 0.263157 0.092161 0.038569
0 0.470288 0.172979 0.022647 0.037597
0 0.427532 0.172678 0.021187 0.036274
0 0.448824 0.172950 0.020596 0.036314
2 0.205892 0.091887 0.037759 0.029000
0 0.315586 0.310702 0.136914 0.041449
0 0.385435 0.172984 0.021448 0.037692
0 0.406993 0.171922 0.020756 0.037775
0 0.043248 0.092112 0.082634 0.030678
0 0.050143 0.402303 0.052624 0.039908
4 0.164435 0.219580 0.030481 0.042810
0 0.135829 0.091654 0.089390 0.030583
0 0.977934 0.090783 0.044132 0.038125
4 0.188557 0.309227 0.078600 0.040405
0 0.118436 0.399515 0.049145 0.033979
0 0.175926 0.399329 0.037306 0.031893
0 0.227472 0.399967 0.029996 0.033088
0 0.016814 0.029133 0.018289 0.033457
0 0.926844 0.029133 0.020059 0.035846
0 0.957522 0.029730 0.020059 0.032262
0 0.986136 0.029730 0.021829 0.034651