4 0.197102 0.351275 0.026111 0.034468
4 0.195742 0.431374 0.026655 0.032904
0 0.434404 0.146601 0.018505 0.031807
4 0.196558 0.391976 0.025023 0.035071
4 0.168193 0.878565 0.120620 0.037475
0 0.495586 0.717337 0.019874 0.034992
0 0.916031 0.984339 0.057969 0.031322
0 0.471502 0.717022 0.019585 0.034362
0 0.428446 0.716797 0.019433 0.034132
4 0.168862 0.837762 0.118846 0.038302
4 0.199004 0.472744 0.031002 0.035197
0 0.037222 0.678657 0.025109 0.028784
4 0.409247 0.513185 0.069026 0.034578
0 0.451936 0.717689 0.019191 0.035744
4 0.413102 0.350608 0.023678 0.031770
0 0.514953 0.717276 0.018290 0.034285
0 0.974643 0.984105 0.050714 0.031790
4 0.387306 0.350280 0.024347 0.034228
2 0.096193 0.074375 0.029494 0.025268
0 0.980699 0.074772 0.038423 0.032305
4 0.156037 0.148793 0.080617 0.034943
4 0.195873 0.310323 0.027139 0.033843
4 0.192891 0.512804 0.020953 0.034870
4 0.322832 0.717773 0.194243 0.032861
4 0.310296 0.147324 0.228381 0.036872
4 0.168202 0.718265 0.116925 0.036599
0 0.059630 0.189417 0.112370 0.038230
4 0.387923 0.309865 0.026797 0.033729
2 0.037973 0.074572 0.072633 0.028944
4 0.213137 0.228969 0.172582 0.039116
1 0.383144 0.392389 0.010880 0.025698
3 0.448446 0.352937 0.010831 0.025928
3 0.448658 0.392455 0.011578 0.022269
0 0.017109 0.018233 0.016519 0.026659
0 0.937168 0.017627 0.017109 0.027871
0 0.962550 0.019160 0.015391 0.032929
0 0.988842 0.019818 0.014108 0.028977
3 0.448529 0.311137 0.013615 0.024080
0 0.103812 0.676225 0.079797 0.020973
0 0.196279 0.675837 0.076394 0.024857