4 0.731044 0.475722 0.047772 0.040342
4 0.788690 0.521071 0.160079 0.039205
4 0.747217 0.656935 0.080916 0.042671
2 0.982209 0.096334 0.030019 0.031413
4 0.212834 0.702422 0.058576 0.038724
4 0.263764 0.566925 0.161054 0.040158
4 0.812158 0.430970 0.207294 0.040085
0 0.154453 0.097947 0.080591 0.037053
4 0.812575 0.384755 0.208558 0.043903
4 0.203401 0.657321 0.039142 0.038402
2 0.634169 0.095155 0.095014 0.031717
4 0.335369 0.476451 0.302626 0.045254
4 0.216121 0.430631 0.065012 0.039043
4 0.207670 0.522088 0.048287 0.040805
0 0.015395 0.976445 0.026941 0.038016
4 0.726211 0.749866 0.038146 0.040760
4 0.288384 0.384480 0.208656 0.043759
4 0.265344 0.795964 0.162219 0.042107
2 0.383545 0.094565 0.092515 0.031462
2 0.265224 0.094597 0.111280 0.034576
4 0.729673 0.703520 0.045882 0.038542
4 0.220521 0.748292 0.072355 0.039015
0 0.971659 0.977123 0.055698 0.036374
2 0.507472 0.093650 0.128092 0.032566
0 0.057146 0.095390 0.091519 0.032668
0 0.194796 0.274975 0.119574 0.040870
0 0.069053 0.272600 0.093412 0.031096
0 0.328730 0.271658 0.116653 0.032980
0 0.427058 0.272600 0.045142 0.034865
0 0.497005 0.272600 0.060785 0.029211
0 0.564941 0.274013 0.042907 0.032038
0 0.670198 0.272129 0.134531 0.028269
0 0.787074 0.274485 0.070618 0.029211
0 0.038214 0.029959 0.014749 0.033923
0 0.913560 0.031373 0.017878 0.032980
0 0.941495 0.031373 0.021900 0.034865
0 0.974122 0.030901 0.021900 0.032038
0 0.246938 0.750343 0.011174 0.021673
0 0.777465 0.658941 0.013855 0.025442
0 0.745061 0.706055 0.012515 0.027327
0 0.735452 0.751286 0.012068 0.023557