4 0.394655 0.806577 0.049615 0.038950
0 0.899812 0.972108 0.067330 0.036665
4 0.408477 0.760989 0.077270 0.039835
0 0.567486 0.171433 0.022648 0.039835
4 0.453727 0.488932 0.029403 0.039835
0 0.029129 0.087222 0.033454 0.028356
4 0.374472 0.171876 0.287434 0.040720
4 0.464420 0.625663 0.216587 0.039067
4 0.187221 0.442900 0.036021 0.039835
0 0.356896 0.087009 0.060091 0.029782
4 0.485625 0.397475 0.093164 0.037506
0 0.968794 0.970374 0.058851 0.033872
0 0.567703 0.217056 0.022382 0.042422
0 0.102838 0.087271 0.098527 0.031168
4 0.468758 0.218202 0.180824 0.039540
0 0.540833 0.397920 0.019878 0.041273
4 0.491028 0.444228 0.105075 0.038950
4 0.107855 0.398639 0.029572 0.039835
0 0.428085 0.086249 0.065941 0.030076
4 0.166760 0.172761 0.091668 0.038950
0 0.524325 0.086056 0.110023 0.032181
4 0.194270 0.852166 0.134004 0.039835
0 0.367232 0.216727 0.022227 0.040720
0 0.527378 0.171433 0.020755 0.041605
0 0.646262 0.087407 0.118426 0.032233
4 0.242599 0.626351 0.230802 0.038469
4 0.242533 0.671231 0.229706 0.041428
4 0.152592 0.398197 0.035082 0.038950
4 0.221824 0.216548 0.269224 0.038001
0 0.975364 0.086441 0.047198 0.032095
0 0.241197 0.086354 0.156749 0.033263
4 0.125232 0.444228 0.063635 0.040720
4 0.104495 0.172761 0.036321 0.038950
0 0.055477 0.310923 0.048641 0.043535
0 0.936562 0.086885 0.016618 0.029833
4 0.465057 0.671231 0.215313 0.039455
2 0.821823 0.086950 0.036425 0.030759
0 0.753872 0.088851 0.085128 0.037421
0 0.024036 0.023584 0.018573 0.045852
0 0.125096 0.308203 0.053534 0.042497
0 0.196930 0.303171 0.060636 0.043615
0 0.255927 0.306526 0.033322 0.036905
0 0.305091 0.303730 0.035507 0.035787
0 0.374467 0.308762 0.072654 0.027959
0 0.449579 0.308203 0.048072 0.029077
0 0.509669 0.307644 0.045887 0.032432
0 0.565935 0.307644 0.040424 0.032432
0 0.921556 0.023584 0.018573 0.045852
0 0.950781 0.027498 0.019119 0.040260
0 0.983284 0.026939 0.022943 0.043615