0 0.254610 0.259425 0.015985 0.038969
0 0.416876 0.082706 0.057441 0.028700
0 0.131890 0.083706 0.050984 0.028452
0 0.965186 0.084760 0.044611 0.034275
0 0.192184 0.083316 0.058080 0.027735
0 0.471839 0.083829 0.039347 0.029659
2 0.606830 0.084411 0.034462 0.032460
0 0.323893 0.083353 0.112908 0.030411
0 0.244041 0.082712 0.030121 0.026952
0 0.056517 0.082826 0.082934 0.029265
0 0.542973 0.084154 0.088508 0.031694
4 0.202451 0.259460 0.087306 0.036906
0 0.028080 0.025966 0.018720 0.036702
0 0.912469 0.023598 0.018720 0.034334
0 0.941684 0.024190 0.020422 0.033150
0 0.971749 0.023598 0.021557 0.036702