0 0.060025 0.908018 0.025523 0.034630
4 0.198248 0.301493 0.091116 0.032945
0 0.319768 0.907610 0.025727 0.035026
4 0.222068 0.368466 0.139233 0.031118
0 0.520992 0.075889 0.018354 0.026337
0 0.264135 0.077777 0.019106 0.028031
4 0.381599 0.300872 0.050312 0.035367
4 0.222603 0.435902 0.139322 0.032793
0 0.284663 0.077365 0.018249 0.028225
0 0.110224 0.908637 0.025527 0.033239
0 0.027303 0.908243 0.025570 0.035549
0 0.471652 0.076414 0.019615 0.026436
4 0.259289 0.400946 0.213665 0.033178
4 0.705980 0.435931 0.260109 0.034360
2 0.269546 0.732188 0.062776 0.032547
4 0.882726 0.763657 0.127169 0.032882
0 0.084577 0.908221 0.023765 0.032864
0 0.492657 0.076298 0.020394 0.027462
0 0.279996 0.907913 0.025838 0.035422
0 0.215278 0.908409 0.026311 0.033408
0 0.254694 0.908084 0.025084 0.034896
0 0.139854 0.908289 0.024800 0.034394
4 0.706035 0.334380 0.261183 0.034360
4 0.882466 0.827059 0.126507 0.033218
4 0.198295 0.334904 0.091197 0.032162
0 0.176991 0.908073 0.048351 0.033697
2 0.269316 0.764615 0.062830 0.032497
0 0.311384 0.076734 0.022529 0.029422
0 0.380662 0.075256 0.019056 0.026472
2 0.112804 0.077903 0.140955 0.031435
0 0.222490 0.180851 0.043017 0.024067
2 0.269599 0.795789 0.063767 0.033835
0 0.242503 0.077438 0.018717 0.028573
0 0.289173 0.180574 0.065807 0.023904
4 0.882417 0.795458 0.126023 0.033281
0 0.213970 0.076514 0.017678 0.027646
4 0.882581 0.731242 0.127863 0.034345
0 0.444927 0.076504 0.019763 0.027557
2 0.269584 0.700055 0.063182 0.032460
0 0.026511 0.076609 0.017666 0.027249
0 0.424808 0.076826 0.019850 0.026630
0 0.540793 0.074804 0.016131 0.024661
4 0.883391 0.668048 0.128758 0.030847
0 0.139694 0.179379 0.096778 0.027817
0 0.072150 0.236226 0.067954 0.030191
2 0.270286 0.825011 0.061732 0.029284
4 0.424438 0.668420 0.249613 0.032714
0 0.135073 0.236173 0.055550 0.030022
0 0.401647 0.076477 0.019927 0.026961
4 0.425875 0.731698 0.248513 0.032350
0 0.354579 0.181121 0.044166 0.024760
0 0.332821 0.076333 0.017052 0.028185
0 0.437431 0.181294 0.097930 0.026848
4 0.424936 0.793489 0.250391 0.032544
4 0.108896 0.732225 0.087914 0.034131
0 0.353757 0.075792 0.019785 0.028369
1 0.953069 0.827023 0.012831 0.022146
1 0.952782 0.701257 0.012539 0.022447
4 0.107926 0.764667 0.087509 0.033169
4 0.882393 0.700053 0.128458 0.033523
4 0.425355 0.763250 0.247474 0.033950
0 0.048591 0.181525 0.063770 0.027241
4 0.424956 0.825474 0.250351 0.030462
4 0.808715 0.732244 0.022010 0.031316
4 0.425653 0.699728 0.248957 0.036170
1 0.953863 0.733037 0.012972 0.021927
2 0.269637 0.668513 0.063036 0.028492
1 0.953647 0.796078 0.014269 0.021927
0 0.195603 0.076584 0.019102 0.025301
4 0.809322 0.763558 0.022245 0.031144
4 0.108792 0.795891 0.088628 0.034676
1 0.954001 0.668968 0.014111 0.021242
4 0.808870 0.700860 0.022203 0.031357
4 0.108848 0.668141 0.087741 0.030894
4 0.808928 0.796436 0.021704 0.033391
4 0.108965 0.700039 0.088053 0.033249
4 0.972389 0.731866 0.020909 0.032744
4 0.108607 0.826802 0.086918 0.031830
1 0.050632 0.765721 0.030746 0.031010
1 0.953647 0.765243 0.013404 0.021927
4 0.808823 0.827145 0.021244 0.029559
1 0.051128 0.701906 0.030253 0.030547
1 0.051085 0.826940 0.030871 0.029931
1 0.051070 0.796655 0.030765 0.031132
4 0.971732 0.796421 0.020458 0.033576
1 0.051188 0.733884 0.030484 0.031633
4 0.971096 0.825886 0.020964 0.029465
4 0.809182 0.669101 0.021412 0.028417
4 0.971839 0.763187 0.021538 0.031521
4 0.971880 0.702163 0.021620 0.030583
1 0.052422 0.669590 0.027585 0.030441
4 0.970799 0.669996 0.021187 0.034262
0 0.345587 0.908366 0.024283 0.034207