0 0.967421 0.090406 0.043533 0.036547
0 0.420694 0.088814 0.057554 0.030353
0 0.136060 0.088935 0.050092 0.028910
2 0.611214 0.089251 0.035013 0.030377
0 0.060986 0.088142 0.083032 0.031200
4 0.206941 0.266586 0.089138 0.035421
0 0.196898 0.089355 0.059360 0.029171
0 0.475297 0.089793 0.039467 0.030983
0 0.247373 0.088270 0.029683 0.028165
0 0.327340 0.088891 0.116010 0.033553
0 0.258372 0.266834 0.014946 0.038152
0 0.544370 0.089559 0.084732 0.033332
0 0.031102 0.025842 0.016032 0.039820
0 0.918302 0.027215 0.019238 0.034328
0 0.947800 0.023096 0.017956 0.037074
0 0.977299 0.027902 0.021803 0.043940
0 0.316789 0.310076 0.020521 0.026089