3 0.107814 0.417719 0.206460 0.039273
0 0.458667 0.404826 0.026655 0.045127
0 0.167008 0.114699 0.089191 0.044925
0 0.256467 0.115255 0.090988 0.043734
3 0.077841 0.467181 0.150250 0.036110
0 0.079751 0.115543 0.089510 0.046612
0 0.458081 0.764000 0.025650 0.043016
4 0.900379 0.115601 0.169178 0.046729
0 0.972325 0.111564 0.019751 0.041623
3 0.106331 0.366923 0.204468 0.038806
3 0.079136 0.518894 0.152384 0.036077
0 0.107261 0.266025 0.203309 0.037652
0 0.062352 0.570074 0.120817 0.035526
0 0.106799 0.314930 0.204929 0.041438
0 0.039002 0.671171 0.075209 0.033596
0 0.045736 0.619796 0.089454 0.034211
0 0.046859 0.721267 0.086988 0.029010
0 0.046258 0.823000 0.088613 0.035383
0 0.036800 0.925015 0.071255 0.031925
0 0.066165 0.214130 0.126868 0.035430
0 0.058348 0.771295 0.109841 0.035173
0 0.051655 0.874410 0.095841 0.032123
0 0.081138 0.977104 0.161113 0.038399
0 0.362639 0.692926 0.228934 0.202153
0 0.034308 0.029484 0.019879 0.036632
0 0.918623 0.028805 0.018597 0.040702
0 0.948121 0.028127 0.022445 0.042059
0 0.981147 0.029484 0.024368 0.042059
2 0.174747 0.033554 0.132743 0.047486
0 0.362639 0.333392 0.226369 0.202153