0 0.369027 0.077727 0.020616 0.026510
0 0.545091 0.076173 0.023501 0.026267
0 0.051467 0.182900 0.019729 0.026540
0 0.237878 0.076385 0.020992 0.027386
0 0.576236 0.075540 0.020494 0.026581
0 0.344809 0.077355 0.023251 0.026966
4 0.616204 0.478667 0.045175 0.030717
0 0.085248 0.437646 0.020648 0.026895
4 0.279041 0.478689 0.053390 0.032968
0 0.731329 0.906037 0.023260 0.032433
0 0.269573 0.077462 0.022159 0.027068
4 0.346092 0.850487 0.189752 0.033759
0 0.315386 0.077041 0.020827 0.026877
0 0.293708 0.077342 0.020305 0.027029
4 0.301187 0.749469 0.099396 0.034308
4 0.642534 0.849487 0.191546 0.032433
0 0.521525 0.076510 0.022581 0.026683
4 0.327350 0.412064 0.151591 0.032421
4 0.345990 0.547512 0.189955 0.032650
0 0.029908 0.437004 0.023324 0.028209
2 0.124748 0.077610 0.156069 0.033265
4 0.278578 0.512689 0.054773 0.032023
4 0.597567 0.748726 0.099981 0.034368
0 0.393620 0.076510 0.024523 0.027737
4 0.597793 0.412052 0.099608 0.031763
4 0.368700 0.345113 0.236537 0.033265
0 0.074628 0.182774 0.019138 0.025252
4 0.309813 0.581121 0.117798 0.032132
4 0.300307 0.378438 0.098691 0.031699
4 0.589296 0.648302 0.082278 0.032771
0 0.706047 0.906453 0.023868 0.033265
0 0.303318 0.180858 0.133416 0.025207
4 0.596652 0.444786 0.098192 0.031533
0 0.059876 0.436900 0.023978 0.028026
0 0.095923 0.181857 0.020203 0.024278
0 0.165500 0.181872 0.113094 0.024122
4 0.588904 0.614299 0.081253 0.030223
0 0.598699 0.074876 0.017443 0.024891
4 0.265620 0.310510 0.026609 0.029746
4 0.606712 0.580739 0.117447 0.033151
0 0.026960 0.182396 0.023198 0.029199
4 0.561825 0.478393 0.028538 0.032153
0 0.421588 0.075316 0.024085 0.026430
4 0.301088 0.647983 0.099884 0.032939
4 0.301344 0.614771 0.099373 0.032377
4 0.597340 0.546135 0.099567 0.033203
0 0.446436 0.075433 0.020272 0.026143
0 0.736252 0.266380 0.021849 0.030178
4 0.274492 0.817478 0.045313 0.032946
4 0.274180 0.783804 0.044588 0.034584
0 0.215477 0.076085 0.018252 0.025933
4 0.345991 0.681659 0.189956 0.030453
0 0.504081 0.076080 0.011683 0.026979
4 0.346365 0.715871 0.189253 0.032100
0 0.760904 0.267686 0.027665 0.032771
0 0.468637 0.075893 0.019574 0.027239
0 0.493026 0.075853 0.026848 0.027857