0 0.679404 0.119959 0.026246 0.038848
0 0.650816 0.120583 0.024126 0.038878
0 0.364861 0.122253 0.024323 0.043281
2 0.155398 0.121200 0.191986 0.052099
0 0.334967 0.121984 0.026328 0.042577
4 0.240401 0.526120 0.056764 0.051440
0 0.393682 0.122468 0.028096 0.046817
0 0.234495 0.287250 0.132418 0.041052
4 0.240428 0.632759 0.056344 0.048908
0 0.747411 0.118644 0.021600 0.038301
0 0.087409 0.286574 0.127067 0.043341
0 0.296988 0.121642 0.026821 0.044445
4 0.273324 0.579933 0.123447 0.048980
0 0.490463 0.120425 0.025400 0.041000
0 0.718125 0.119701 0.024774 0.041003
0 0.430165 0.120921 0.028164 0.046636
0 0.610148 0.120308 0.027253 0.041351
0 0.460162 0.121732 0.024634 0.038505
0 0.583855 0.119643 0.022080 0.041249
0 0.555777 0.119027 0.027133 0.041964
0 0.525879 0.118481 0.027088 0.039334
0 0.269875 0.121358 0.023046 0.036931