0 0.808264 0.420175 0.025971 0.044355
0 0.871785 0.817205 0.025065 0.042072
0 0.939355 0.104121 0.025621 0.045730
0 0.901838 0.816291 0.024157 0.040242
0 0.955181 0.319814 0.048706 0.044815
0 0.956651 0.815885 0.026042 0.044918
0 0.869142 0.421541 0.018620 0.034371
0 0.913868 0.103663 0.024564 0.044815
0 0.816775 0.817663 0.025225 0.044815
0 0.842443 0.817205 0.026381 0.045730
0 0.840174 0.420524 0.020439 0.041117
0 0.761035 0.419185 0.054554 0.040063
0 0.969115 0.100073 0.019733 0.037605
2 0.926881 0.816984 0.025389 0.039800
2 0.067487 0.111759 0.090818 0.040744
0 0.929315 0.419349 0.020216 0.038277
0 0.706027 0.419197 0.040045 0.037497
4 0.252014 0.224543 0.153500 0.045730
0 0.899300 0.421633 0.017827 0.033530
4 0.902572 0.222693 0.152452 0.040811
4 0.577536 0.223324 0.152203 0.045730
4 0.252375 0.320272 0.153068 0.042072
4 0.739756 0.319408 0.151771 0.045832
4 0.089233 0.320272 0.152235 0.045730
4 0.414739 0.224238 0.151771 0.045730
4 0.414486 0.318900 0.152994 0.044815
4 0.740549 0.223781 0.152203 0.044815
4 0.577706 0.320095 0.151968 0.047206
0 0.501954 0.371489 0.020481 0.042072
4 0.089073 0.223324 0.151914 0.045730
0 0.871861 0.320099 0.101950 0.036239
-1 0.477869 0.222472 0.015999 0.031222
2 0.182399 0.027596 0.162242 0.041597
0 0.029499 0.028636 0.017699 0.031198
0 0.918879 0.030716 0.020649 0.035357
0 0.951327 0.027596 0.020649 0.041597
0 0.983776 0.029676 0.022616 0.049916