0 0.794222 0.328294 0.022161 0.041748
0 0.973724 0.099050 0.047951 0.035861
0 0.701272 0.972830 0.063280 0.043302
0 0.913488 0.970695 0.048251 0.031397
0 0.770032 0.972393 0.062076 0.030308
0 0.844191 0.971976 0.073127 0.030259
2 0.215566 0.098725 0.039332 0.031434
4 0.620504 0.428166 0.037394 0.041809
4 0.228374 0.783064 0.136493 0.042159
0 0.911467 0.099293 0.061479 0.037352
2 0.145861 0.098263 0.083096 0.032880
4 0.377560 0.378405 0.035567 0.039440
0 0.053397 0.098444 0.087530 0.034632
4 0.241426 0.379716 0.236984 0.045372
4 0.628180 0.279537 0.313168 0.045465
4 0.312728 0.782690 0.032537 0.043212
0 0.445607 0.328250 0.021223 0.041719
4 0.726687 0.379578 0.036896 0.042127
4 0.589468 0.380015 0.236036 0.044822
4 0.270621 0.430864 0.037660 0.044404
4 0.278742 0.278549 0.311808 0.043371
4 0.627463 0.330170 0.309850 0.047063
0 0.076708 0.180446 0.044272 0.046128
0 0.970134 0.969856 0.049118 0.031922
4 0.187420 0.430902 0.128604 0.042415
4 0.535429 0.430359 0.129045 0.043578
4 0.278749 0.328632 0.313117 0.042338
4 0.131016 0.581057 0.017296 0.043259
0 0.023529 0.028987 0.021773 0.043869
0 0.021422 0.180334 0.024582 0.030708
0 0.136606 0.178872 0.035820 0.039482
0 0.194550 0.181066 0.047760 0.038020
0 0.247226 0.182528 0.023880 0.038020
0 0.301306 0.179603 0.051974 0.043869
0 0.914454 0.028256 0.026689 0.039482
0 0.947465 0.028987 0.021070 0.040944
0 0.980124 0.027524 0.028796 0.038020