4 0.198085 0.340640 0.085317 0.043157
0 0.069314 0.847693 0.023495 0.042715
0 0.459338 0.847039 0.107392 0.042674
0 0.352249 0.846588 0.107505 0.041772
0 0.280932 0.846965 0.022970 0.042366
0 0.530667 0.848280 0.024497 0.045155
0 0.258339 0.848009 0.021192 0.043891
0 0.045422 0.847442 0.022905 0.043217
0 0.553478 0.846660 0.020486 0.041169
0 0.576663 0.847647 0.022541 0.042809
0 0.901842 0.975148 0.080057 0.040675
2 0.167049 0.442648 0.145285 0.043073
0 0.973991 0.973422 0.051410 0.034560
0 0.024168 0.288717 0.022974 0.044925
0 0.975958 0.100149 0.046991 0.033959
4 0.478094 0.341898 0.130314 0.045674
2 0.217870 0.098527 0.038865 0.031003
0 0.055440 0.100046 0.086525 0.034787
4 0.714553 0.721815 0.082078 0.037870
2 0.149259 0.099252 0.083466 0.035655
4 0.512243 0.392102 0.199109 0.045031
2 0.084943 0.189405 0.142567 0.044154
2 0.235321 0.189814 0.146066 0.045686
4 0.167019 0.847719 0.158774 0.044034
0 0.914062 0.099227 0.059622 0.032286
4 0.466244 0.720012 0.124240 0.043608
4 0.616180 0.723350 0.117866 0.040339
4 0.867949 0.188495 0.030544 0.043904
4 0.465545 0.681507 0.121935 0.036124
4 0.794987 0.721109 0.082763 0.040071
0 0.085780 0.291554 0.059013 0.041236
4 0.465642 0.762109 0.124368 0.040189
4 0.795023 0.760846 0.082097 0.044820
4 0.795110 0.682302 0.082699 0.040123
4 0.542492 0.719534 0.032284 0.039361
4 0.390079 0.720792 0.034486 0.038833
4 0.615947 0.762906 0.115738 0.038772
4 0.542719 0.759905 0.032636 0.041886
4 0.887867 0.722173 0.106416 0.038586
4 0.209608 0.681507 0.261206 0.037930
4 0.615772 0.681610 0.116087 0.044445
4 0.714657 0.761582 0.083063 0.041543
4 0.356959 0.723049 0.035635 0.037930
4 0.713642 0.681779 0.081199 0.040884
4 0.542623 0.681409 0.032203 0.043521
4 0.795016 0.641635 0.082507 0.041874
4 0.209279 0.721645 0.261455 0.038733
4 0.389539 0.761254 0.032372 0.044606
4 0.390384 0.683197 0.033013 0.037698
4 0.888822 0.761096 0.105428 0.040572
4 0.198032 0.392337 0.085444 0.043597
1 0.079056 0.442335 0.013404 0.031609
4 0.889003 0.683135 0.105802 0.039982
4 0.356848 0.681836 0.035676 0.042257
4 0.467059 0.643089 0.121503 0.042375
4 0.542701 0.641324 0.031788 0.040650
4 0.357895 0.760069 0.033183 0.042517
4 0.891376 0.188627 0.017696 0.044792
4 0.357289 0.641544 0.034618 0.039285
4 0.888889 0.643497 0.107177 0.040181
0 0.142616 0.292554 0.016546 0.030671
4 0.210813 0.762227 0.261847 0.042231
4 0.713910 0.643122 0.080662 0.041236
4 0.389972 0.642222 0.032189 0.042446
4 0.057038 0.759385 0.044013 0.041523
4 0.057561 0.681583 0.043512 0.042835
4 0.057414 0.720073 0.043626 0.040270
4 0.615533 0.641318 0.116642 0.038833
4 0.209191 0.644028 0.262496 0.040640
4 0.057308 0.643598 0.043414 0.039781
0 0.026689 0.027592 0.019666 0.036673
0 0.916210 0.026858 0.024582 0.032272
0 0.948167 0.026858 0.023880 0.035206
0 0.981528 0.029058 0.025987 0.036673