0 0.017994 0.028528 0.019469 0.037303
0 0.045723 0.089897 0.074926 0.030083
0 0.156932 0.089295 0.134513 0.031286
0 0.300590 0.091100 0.135103 0.025270
2 0.392920 0.094108 0.036578 0.021660
0 0.927434 0.027324 0.022419 0.030083
0 0.955457 0.028528 0.020649 0.030083
0 0.983776 0.028528 0.018289 0.034896
0 0.976106 0.094108 0.044248 0.031286
0 0.022124 0.799251 0.019469 0.033693
0 0.051032 0.799853 0.019469 0.034896
0 0.071386 0.799251 0.018879 0.036099
0 0.092330 0.799251 0.018289 0.033693
0 0.112979 0.799853 0.017109 0.034896
0 0.162537 0.797446 0.017109 0.034896
0 0.253097 0.799251 0.020059 0.036099
0 0.295575 0.801056 0.021239 0.034896
0 0.335988 0.798649 0.019469 0.034896
0 0.030678 0.249336 0.046018 0.028880
1 0.021829 0.341991 0.010619 0.021660
1 0.021239 0.377489 0.010619 0.018050
1 0.020649 0.412987 0.009440 0.021660
1 0.020649 0.447883 0.010619 0.019253
1 0.020354 0.484584 0.011209 0.020456
1 0.020944 0.520082 0.011209 0.019253
1 0.020944 0.556783 0.012389 0.022863
1 0.020649 0.591679 0.010619 0.022863
1 0.021534 0.627779 0.010029 0.018050
1 0.020059 0.664480 0.011799 0.021660
1 0.021239 0.699978 0.010619 0.018050
1 0.020059 0.736077 0.010619 0.022863