0 0.067015 0.159798 0.087402 0.029395
1 0.032179 0.540251 0.010453 0.017898
1 0.031277 0.591778 0.010377 0.017822
1 0.031574 0.565401 0.010973 0.018297
1 0.032260 0.514806 0.010615 0.016911
0 0.275673 0.067093 0.056046 0.023991
1 0.031125 0.618214 0.010651 0.022456
0 0.179853 0.066702 0.026396 0.029078
0 0.186935 0.160305 0.145862 0.032436
0 0.219960 0.064260 0.042378 0.022971
1 0.031060 0.747543 0.010810 0.016634
1 0.031216 0.824476 0.011121 0.019129
1 0.031463 0.309810 0.011152 0.016839
1 0.031133 0.668948 0.010667 0.020792
0 0.106117 0.068064 0.058878 0.022300
1 0.031434 0.257483 0.011094 0.021340
1 0.031859 0.283659 0.010170 0.019632
0 0.050079 0.066982 0.047532 0.024081
0 0.150488 0.066724 0.021924 0.029034
1 0.031440 0.435797 0.011106 0.021169
1 0.031260 0.772592 0.010345 0.020156
1 0.031590 0.335277 0.010519 0.015414
1 0.031525 0.411356 0.010389 0.018381
0 0.974447 0.064402 0.035687 0.025499
1 0.031981 0.361316 0.009526 0.015120
1 0.031853 0.720929 0.010377 0.021624
0 0.323961 0.064501 0.024667 0.023977
1 0.031328 0.384800 0.010883 0.023312
1 0.031561 0.643165 0.009794 0.020792
1 0.031853 0.695388 0.010377 0.016150
2 0.357733 0.067050 0.030038 0.024327
1 0.031493 0.463380 0.009945 0.014971
1 0.031493 0.488331 0.009945 0.018297
1 0.031493 0.797029 0.010810 0.017466
4 0.160398 0.128010 0.099558 0.022696