4 0.228541 0.421290 0.034953 0.040731
4 0.230654 0.471967 0.039633 0.046126
0 0.013166 0.970666 0.026332 0.041669
4 0.228247 0.368737 0.033753 0.044722
4 0.234486 0.597615 0.037431 0.044765
4 0.196759 0.596043 0.038449 0.042410
4 0.709753 0.596581 0.035658 0.046441
2 0.077673 0.100119 0.146135 0.035509
4 0.741360 0.422954 0.034160 0.038327
2 0.968530 0.099059 0.033547 0.038876
1 0.183765 0.649470 0.015951 0.034276
4 0.740725 0.369512 0.033481 0.046784
3 0.066170 0.720788 0.131901 0.029742
3 0.005765 0.774399 0.011242 0.028237
3 0.005477 0.822674 0.010954 0.027956
3 0.006198 0.877734 0.010377 0.030326
0 0.071165 0.245264 0.120206 0.041048
0 0.231563 0.244474 0.169617 0.036312
0 0.375860 0.241921 0.094887 0.041048
0 0.458210 0.244026 0.049164 0.041048