4 0.398960 0.463998 0.446298 0.331339
4 0.716148 0.707268 0.044593 0.044751
4 0.194093 0.758352 0.031109 0.044273
4 0.294475 0.657593 0.232944 0.050314
2 0.078120 0.103710 0.147032 0.036885
0 0.988182 0.864850 0.020824 0.046558
0 0.012519 0.971118 0.024905 0.038739
2 0.973754 0.101702 0.037162 0.039970
4 0.240786 0.707111 0.128008 0.045280
0 0.071288 0.244729 0.106522 0.034789
0 0.228204 0.247338 0.167978 0.029570
0 0.374877 0.249947 0.092593 0.027831
0 0.459276 0.251686 0.046706 0.027831
1 0.009423 0.925717 0.009013 0.022613