1 0.321502 0.829002 0.019490 0.038544
4 0.648438 0.372279 0.387457 0.050777
0 0.069530 0.345479 0.021746 0.044635
4 0.648639 0.268988 0.385449 0.053915
4 0.466541 0.475053 0.099719 0.048702
0 0.134490 0.345996 0.021013 0.044253
1 0.911328 0.828964 0.018997 0.035957
4 0.772487 0.166523 0.210969 0.045966
1 0.911575 0.868044 0.019147 0.035884
0 0.102391 0.345412 0.024826 0.047215
0 0.896542 0.982468 0.071350 0.032346
4 0.436533 0.367932 0.036384 0.043106
1 0.911571 0.908978 0.020025 0.034637
1 0.300425 0.828118 0.018038 0.036237
1 0.320720 0.908536 0.018484 0.036671
1 0.321702 0.867922 0.019890 0.037603
4 0.496520 0.164971 0.085358 0.045192
0 0.183553 0.346127 0.021857 0.044346
4 0.682643 0.473180 0.334705 0.050463
4 0.983202 0.168078 0.032839 0.050891
0 0.600370 0.099463 0.050108 0.029079
2 0.809490 0.099218 0.037724 0.029795
0 0.217633 0.098219 0.031038 0.029165
0 0.282943 0.100074 0.083352 0.032174
1 0.301141 0.908494 0.018992 0.036493
0 0.936322 0.101593 0.017322 0.035046
1 0.006695 0.623921 0.013315 0.036679
4 0.353661 0.867110 0.048216 0.039922
1 0.006825 0.703992 0.013457 0.036748
0 0.976279 0.099592 0.045045 0.032159
4 0.397843 0.867303 0.043608 0.040279
0 0.357950 0.098341 0.048098 0.030757
1 0.300721 0.866592 0.019078 0.036576
1 0.006768 0.663418 0.013275 0.035866
0 0.647561 0.099744 0.024060 0.030012
0 0.414900 0.098505 0.045975 0.029440
1 0.006582 0.783338 0.012887 0.036477
1 0.006781 0.582843 0.013320 0.035163
1 0.006885 0.543756 0.013661 0.036320
4 0.969941 0.866976 0.060117 0.042472
0 0.909615 0.100614 0.017226 0.034200
4 0.872850 0.729979 0.251263 0.050034
4 0.430451 0.269477 0.025844 0.052297
1 0.006601 0.743219 0.012833 0.035303
2 0.500164 0.729288 0.168927 0.045133
0 0.042643 0.347631 0.022097 0.040253
0 0.107761 0.098746 0.168822 0.033030
0 0.279604 0.727742 0.020543 0.039756
1 0.006938 0.502675 0.013535 0.035487
0 0.968096 0.986004 0.062236 0.027992
4 0.677203 0.868449 0.142258 0.041394
4 0.537539 0.867724 0.144852 0.043146
1 0.006554 0.822191 0.012657 0.033987
4 0.353565 0.826878 0.045813 0.043086
4 0.538189 0.828665 0.143557 0.044707
4 0.396770 0.826941 0.044495 0.041507
0 0.507445 0.099802 0.114304 0.031329
4 0.969890 0.908677 0.060015 0.045628
0 0.493819 0.729910 0.177644 0.046377
0 0.726677 0.103324 0.113973 0.030936
2 0.378167 0.169526 0.159330 0.047022
1 0.007075 0.861660 0.014150 0.027223
1 0.006558 0.464822 0.013116 0.026684
4 0.969941 0.832570 0.060117 0.039566
4 0.537467 0.909861 0.141826 0.041406
4 0.677203 0.909861 0.140528 0.045087
4 0.676554 0.827049 0.140961 0.035885
4 0.355285 0.913082 0.044969 0.046007
4 0.397659 0.912162 0.043240 0.044167
4 0.808002 0.833030 0.123665 0.042326
4 0.808435 0.872596 0.121935 0.042326
4 0.808867 0.912162 0.123665 0.046007
2 0.014555 0.347532 0.029109 0.044857
2 0.153778 0.347532 0.018068 0.042293
0 0.279727 0.218952 0.022378 0.038962
0 0.300071 0.219493 0.013223 0.029222
0 0.379666 0.221658 0.132743 0.027057
0 0.481131 0.217870 0.035602 0.030304
0 0.555386 0.216788 0.079341 0.030304
0 0.670074 0.216788 0.124606 0.025975
0 0.776371 0.221117 0.054420 0.032469
0 0.033313 0.031175 0.016784 0.035716
0 0.916489 0.029551 0.025430 0.041127
0 0.950819 0.030634 0.025938 0.043292
0 0.983369 0.031716 0.021870 0.038962