4 0.280841 0.804664 0.033641 0.044811
4 0.305110 0.446008 0.082931 0.041995
4 0.335378 0.547435 0.147179 0.044942
4 0.473196 0.497091 0.040015 0.043966
4 0.301650 0.702185 0.078495 0.043006
4 0.469808 0.805014 0.034106 0.045364
4 0.283156 0.599248 0.040993 0.045015
4 0.282993 0.650659 0.040002 0.044885
4 0.283128 0.753095 0.038393 0.044601
4 0.473107 0.650086 0.039733 0.046787
4 0.494082 0.446149 0.082280 0.042499
4 0.473007 0.598607 0.039278 0.046499
4 0.525551 0.547943 0.147264 0.043358
0 0.968741 0.982594 0.055562 0.034812
4 0.283054 0.497853 0.038839 0.042225
4 0.491125 0.703700 0.078713 0.045071
4 0.336454 0.395719 0.144633 0.044519
4 0.503642 0.908103 0.101447 0.044506
4 0.495408 0.856145 0.086011 0.045635
4 0.472366 0.753734 0.038335 0.046437
4 0.304658 0.855815 0.083754 0.045479
4 0.291160 0.240634 0.055219 0.044442
0 0.968397 0.101328 0.048872 0.038574
0 0.216582 0.101199 0.098849 0.034228
4 0.525808 0.395614 0.147986 0.044190
0 0.079261 0.101787 0.144016 0.032538
2 0.562306 0.101740 0.037360 0.030184
4 0.314375 0.908171 0.101681 0.043133
0 0.355217 0.854782 0.017060 0.042244
0 0.359013 0.104399 0.162421 0.028118
0 0.492367 0.104399 0.087423 0.024369