0 0.034880 0.024582 0.014749 0.033121
0 0.923822 0.025925 0.018736 0.037597
0 0.949733 0.026820 0.015547 0.035807
0 0.976242 0.029058 0.018337 0.043863
0 0.968867 0.087244 0.036275 0.031331
0 0.386869 0.951527 0.014749 0.026855
0 0.440883 0.949736 0.081320 0.034016
0 0.507454 0.951079 0.038268 0.025960
0 0.537949 0.949289 0.012357 0.025960
0 0.558479 0.951079 0.011959 0.024169
0 0.603923 0.949736 0.060592 0.026855
1 0.361357 0.228232 0.010763 0.019694
1 0.357969 0.874990 0.007973 0.020589
1 0.357769 0.916168 0.008371 0.015218
1 0.361556 0.799348 0.008770 0.019694
1 0.361756 0.764885 0.008371 0.020589
1 0.361955 0.731316 0.008770 0.016113
1 0.360958 0.698642 0.009168 0.022379
1 0.361556 0.663731 0.010364 0.022379
1 0.361955 0.630162 0.008770 0.023274
1 0.361556 0.596146 0.008770 0.021484
1 0.361556 0.563920 0.008770 0.017903
1 0.361556 0.529903 0.007973 0.021484
1 0.361556 0.495440 0.008770 0.020589
1 0.361756 0.462318 0.009966 0.020589
1 0.361357 0.260458 0.009168 0.021484
1 0.361357 0.295370 0.009168 0.019694
1 0.361756 0.327596 0.009966 0.021484
1 0.361158 0.361612 0.010364 0.019694
1 0.361556 0.395181 0.009567 0.022379
1 0.361955 0.428750 0.009567 0.021484
0 0.654548 0.113204 0.013553 0.027750
0 0.650442 0.949863 0.017109 0.034446
5 0.503687 0.531465 0.323009 0.884335