0 0.057876 0.083831 0.096501 0.031087
4 0.141841 0.155736 0.068033 0.036619
0 0.146273 0.082362 0.065418 0.029047
4 0.302330 0.152759 0.032284 0.033885
4 0.142508 0.234246 0.070838 0.039280
2 0.202811 0.082619 0.031399 0.029091
0 0.914258 0.983688 0.057538 0.032623
0 0.978963 0.083265 0.042074 0.032484
4 0.478804 0.194561 0.032108 0.033107
4 0.209835 0.599922 0.253618 0.037653
4 0.476745 0.153776 0.027862 0.031515
4 0.210404 0.435370 0.253087 0.030335
1 0.389170 0.478706 0.009692 0.023401
4 0.302124 0.194164 0.031735 0.035057
4 0.210712 0.720354 0.253767 0.032174
4 0.211077 0.678025 0.252070 0.037788
0 0.972970 0.981659 0.054060 0.033753
1 0.388748 0.720873 0.010535 0.022533
1 0.034128 0.637313 0.013009 0.019934
1 0.389267 0.599178 0.011572 0.023401
4 0.210230 0.476972 0.253433 0.030335
1 0.034472 0.518588 0.011769 0.020810
1 0.033887 0.397683 0.011563 0.020830
4 0.211105 0.557010 0.253888 0.034683
0 0.020649 0.028019 0.012642 0.033802
0 0.932575 0.025852 0.017699 0.034668
0 0.957438 0.026719 0.021070 0.034668
0 0.985251 0.027152 0.022756 0.033802