5 0.504240 0.529967 0.471976 0.538985
4 0.402807 0.402044 0.028481 0.029852
4 0.403062 0.445100 0.030007 0.033296
4 0.403316 0.574267 0.031533 0.032148
1 0.393653 0.660952 0.009155 0.017222
0 0.541654 0.773471 0.017292 0.040185
0 0.592768 0.772897 0.074764 0.032148
0 0.667023 0.772323 0.062557 0.031000
0 0.713051 0.774045 0.017292 0.032148
0 0.727523 0.284708 0.017314 0.033296
0 0.972169 0.976694 0.025651 0.033296
0 0.034629 0.023404 0.016673 0.034744
0 0.919584 0.021232 0.021803 0.036192
0 0.948762 0.021956 0.017314 0.040535
0 0.973451 0.020508 0.017956 0.037639
0 0.966077 0.083482 0.041683 0.041982
0 0.058676 0.084206 0.075029 0.034744
0 0.144286 0.084206 0.079518 0.034744
0 0.209696 0.084930 0.038476 0.027506
2 0.251058 0.083482 0.028857 0.033296
4 0.246249 0.207258 0.242401 0.028953
2 0.246569 0.247069 0.241760 0.036192
4 0.196550 0.291222 0.141721 0.031849
4 0.163524 0.376635 0.075670 0.034744
4 0.196550 0.506201 0.140439 0.036192
4 0.157432 0.677750 0.063486 0.031849
4 0.196229 0.721904 0.142362 0.033296