0 0.033361 0.026007 0.017559 0.034821
0 0.919371 0.026007 0.021070 0.034821
0 0.946060 0.028381 0.016856 0.033238
0 0.972398 0.029963 0.021773 0.036403
0 0.964321 0.090899 0.042141 0.022159
0 0.048462 0.089317 0.054783 0.025324
0 0.119079 0.089382 0.078518 0.023462
0 0.189355 0.088404 0.047284 0.021507
0 0.432717 0.161723 0.081989 0.023462
0 0.521213 0.162700 0.078518 0.025417
0 0.601249 0.161234 0.057262 0.026395
0 0.671091 0.163189 0.061600 0.032260
0 0.234253 0.163678 0.088496 0.033238
0 0.335980 0.164655 0.089797 0.031283
0 0.067239 0.162700 0.053791 0.027372
0 0.142287 0.162700 0.071144 0.023462
0 0.470241 0.210113 0.024293 0.034215
0 0.471326 0.253126 0.023859 0.026395
0 0.494317 0.252638 0.022124 0.033238
0 0.039476 0.465262 0.014749 0.026395
0 0.957184 0.978981 0.056828 0.033238
0 0.804052 0.424203 0.273729 0.030305
0 0.604069 0.465262 0.016051 0.034215
0 0.624458 0.464284 0.015183 0.034215
0 0.645714 0.465750 0.014315 0.035193
0 0.671742 0.466728 0.015183 0.033238
0 0.692348 0.466239 0.014749 0.032260
0 0.718810 0.466728 0.015617 0.031283
0 0.740066 0.466239 0.015617 0.034215
2 0.236910 0.087154 0.030113 0.023543
4 0.210484 0.208333 0.245206 0.036008
4 0.211406 0.249881 0.244592 0.030468
0 0.364122 0.978342 0.058382 0.024928