1 0.068925 0.682623 0.018626 0.033922
1 0.068911 0.716212 0.018079 0.033756
1 0.069255 0.649372 0.017409 0.033336
1 0.069255 0.614349 0.018448 0.034702
0 0.145489 0.835928 0.020335 0.035376
0 0.118767 0.835543 0.019898 0.035574
0 0.492853 0.835601 0.110308 0.045460
0 0.078281 0.835236 0.020002 0.036669
0 0.212350 0.835394 0.019770 0.036510
0 0.359041 0.087487 0.041511 0.031590
0 0.321168 0.835781 0.019895 0.035866
0 0.747795 0.836194 0.125878 0.045025
0 0.185769 0.835885 0.020781 0.034766
0 0.233191 0.835295 0.021407 0.036816
0 0.260059 0.835713 0.021816 0.037477
0 0.166458 0.835968 0.018053 0.034797
1 0.050803 0.682615 0.016258 0.033019
0 0.281198 0.836108 0.019349 0.035837
0 0.526113 0.088577 0.046654 0.031318
1 0.596797 0.648737 0.016690 0.033685
0 0.301211 0.835893 0.018727 0.035331
0 0.239726 0.089070 0.077188 0.034797
1 0.051250 0.614848 0.017794 0.032744
1 0.069656 0.752335 0.018407 0.033492
0 0.181813 0.087944 0.028997 0.031199
2 0.273664 0.924458 0.282377 0.043605
4 0.362456 0.226293 0.341431 0.037308
0 0.566570 0.088282 0.025096 0.030335
0 0.051244 0.835103 0.023359 0.038046
0 0.463639 0.921630 0.022052 0.037504
0 0.898834 0.971293 0.064992 0.037538
1 0.051489 0.717278 0.017852 0.032050
0 0.306993 0.086624 0.044985 0.031078
0 0.098696 0.835306 0.019833 0.035639
1 0.596534 0.715422 0.016510 0.031052
0 0.933684 0.088589 0.015140 0.033675
0 0.341554 0.835001 0.018831 0.034543
4 0.391898 0.311816 0.298845 0.040125
0 0.442044 0.092648 0.107201 0.041786
1 0.596623 0.683142 0.016736 0.033380
0 0.441926 0.922135 0.020626 0.035745
0 0.636872 0.090578 0.101189 0.036954
0 0.966293 0.971868 0.062234 0.037329
2 0.582282 0.528938 0.255900 0.043030
0 0.031117 0.527583 0.021928 0.041469
2 0.732355 0.087884 0.076267 0.033530
4 0.660167 0.685295 0.073349 0.039125
0 0.093745 0.088171 0.144266 0.035936
1 0.051022 0.649052 0.017711 0.033680
1 0.068842 0.658254 0.018461 0.030232
0 0.970691 0.087966 0.045641 0.035019
4 0.172552 0.223783 0.033618 0.036150
4 0.137067 0.684269 0.037812 0.037544
4 0.505030 0.648423 0.113849 0.038316
1 0.596354 0.613750 0.017416 0.032263
0 0.031571 0.921175 0.021689 0.041177
1 0.596513 0.752271 0.016295 0.035950
4 0.198900 0.311245 0.087465 0.036090
4 0.743506 0.648545 0.098710 0.037308
4 0.659264 0.648704 0.075970 0.036963
4 0.261053 0.648123 0.129739 0.039153
4 0.742625 0.685059 0.097100 0.039430
1 0.596788 0.655876 0.017069 0.026331
4 0.505482 0.685056 0.111805 0.039898
4 0.386659 0.648104 0.129811 0.039210
4 0.573731 0.683983 0.031249 0.036250
4 0.261462 0.684943 0.128586 0.040336
4 0.189326 0.684079 0.022216 0.035911
4 0.098817 0.683507 0.039507 0.037087
4 0.388130 0.685044 0.130088 0.040228
4 0.136518 0.648108 0.039122 0.037285
4 0.166762 0.137150 0.020459 0.032831
4 0.660766 0.613882 0.075329 0.036368
4 0.808660 0.647513 0.039229 0.038667
4 0.573978 0.648852 0.030530 0.035515
4 0.098558 0.648004 0.039506 0.037532
4 0.166920 0.683967 0.024661 0.035759
4 0.136582 0.612540 0.038890 0.035893
2 0.794478 0.086713 0.035962 0.031644
4 0.166615 0.648139 0.025066 0.036936
4 0.808269 0.683903 0.040011 0.036367
0 0.909935 0.088672 0.018777 0.034887
4 0.659712 0.753162 0.075273 0.041172
4 0.188898 0.648567 0.022670 0.036692
1 0.051111 0.752692 0.018530 0.031577
2 0.227486 0.530475 0.155411 0.040738
4 0.505527 0.615798 0.113113 0.038717
4 0.660565 0.717321 0.074175 0.036905
4 0.098973 0.613062 0.038988 0.035890
4 0.742584 0.718445 0.094958 0.036167
4 0.741626 0.614149 0.095725 0.040388
4 0.505637 0.751921 0.107470 0.039628
4 0.136658 0.717549 0.038849 0.035233
4 0.573828 0.716193 0.031017 0.033599
4 0.807433 0.716322 0.038310 0.035553
4 0.259755 0.615321 0.125423 0.042984
4 0.188496 0.612625 0.022505 0.033894
4 0.505718 0.720084 0.112151 0.039066
4 0.574065 0.612719 0.030485 0.034641
4 0.098298 0.716997 0.040800 0.036235
4 0.386402 0.615020 0.131190 0.041617
4 0.165008 0.613467 0.026430 0.033397
1 0.050508 0.665025 0.016843 0.032446
4 0.574062 0.751835 0.030299 0.038933
4 0.136757 0.751067 0.039103 0.039884
4 0.806773 0.611923 0.039629 0.032513
4 0.388263 0.720483 0.129675 0.040618
4 0.741680 0.754106 0.096444 0.041242
4 0.808111 0.751417 0.038640 0.037705
4 0.098691 0.753845 0.039027 0.036180
4 0.166867 0.719620 0.023127 0.038136
4 0.166867 0.753845 0.024091 0.034224
4 0.188549 0.720109 0.024091 0.037158
4 0.188790 0.753845 0.023609 0.034224
4 0.263712 0.753356 0.123344 0.037158
4 0.261784 0.719131 0.126235 0.035202
4 0.387537 0.754334 0.127198 0.035202
0 0.034256 0.026106 0.021886 0.028968
0 0.918736 0.024174 0.019031 0.036693
0 0.947283 0.026588 0.022838 0.039590
0 0.978685 0.024657 0.023789 0.035727
4 0.361833 0.137150 0.343991 0.038624