0 0.036159 0.023271 0.016177 0.033296
0 0.920877 0.023808 0.018556 0.038667
0 0.947283 0.023271 0.018080 0.041889
0 0.973927 0.025420 0.018080 0.037593
0 0.966315 0.087179 0.044724 0.032222
0 0.046627 0.087179 0.054239 0.030074
0 0.119184 0.085568 0.079456 0.026852
0 0.189599 0.083420 0.049006 0.029000
0 0.064469 0.161290 0.055667 0.025778
0 0.143211 0.162364 0.073271 0.021482
0 0.235988 0.163438 0.088496 0.025778
0 0.336378 0.160753 0.090399 0.029000
0 0.433676 0.164513 0.081359 0.025778
0 0.523123 0.157531 0.071843 0.026852
0 0.597345 0.165050 0.061376 0.031148
0 0.672281 0.160753 0.069464 0.033296
4 0.210772 0.206939 0.243601 0.031148
0 0.470787 0.206939 0.023313 0.033296
2 0.236940 0.084494 0.033305 0.024704
0 0.957696 0.977955 0.055645 0.030269
4 0.061209 0.330929 0.062439 0.031077
4 0.263520 0.333149 0.340216 0.033296