2 0.269857 0.089813 0.075385 0.032731
2 0.334863 0.091146 0.036054 0.036838
2 0.243636 0.492748 0.210860 0.032731
2 0.212772 0.540152 0.150224 0.034989
2 0.212499 0.719610 0.149678 0.032731
0 0.033049 0.027736 0.018027 0.039503
0 0.062821 0.091506 0.081940 0.033860
0 0.168251 0.089813 0.115809 0.030474
0 0.922375 0.026607 0.019119 0.044018
0 0.951874 0.028865 0.021304 0.041761
0 0.984377 0.029429 0.026221 0.045147
0 0.934666 0.092070 0.028406 0.050790
0 0.977275 0.096585 0.042609 0.037246
0 0.298536 0.264756 0.117448 0.037246
0 0.066099 0.352228 0.057905 0.033860
0 0.140391 0.352228 0.060090 0.038375
0 0.198296 0.352228 0.030591 0.036117
0 0.252103 0.352793 0.058451 0.044018
0 0.319840 0.349971 0.057358 0.040632
0 0.902709 0.980333 0.063913 0.034989
0 0.968535 0.978640 0.055719 0.029345
0 0.518682 0.448183 0.020800 0.035162
0 0.545723 0.447401 0.020422 0.038288
0 0.401066 0.174698 0.018531 0.035162
0 0.421110 0.176651 0.018531 0.037507
0 0.441532 0.175088 0.018531 0.039069
0 0.461954 0.175870 0.019287 0.039069
0 0.482755 0.175088 0.018531 0.039069
0 0.192119 0.900215 0.015884 0.034381
4 0.161107 0.901387 0.046139 0.035162
4 0.147114 0.855676 0.019666 0.034381
4 0.147493 0.810355 0.018909 0.037507
4 0.243552 0.447401 0.211784 0.038288
4 0.151653 0.582972 0.027229 0.034381
4 0.174722 0.220799 0.089252 0.033600
4 0.174722 0.265338 0.088496 0.035162
4 0.236177 0.175479 0.211406 0.036725
3 0.375917 0.718933 0.015127 0.028130
3 0.376863 0.763472 0.016262 0.034381
1 0.376484 0.853722 0.010211 0.022660
1 0.376863 0.900996 0.010967 0.020316
1 0.375917 0.944363 0.012858 0.013284