0 0.023046 0.028279 0.018437 0.042500
0 0.044478 0.093445 0.075129 0.017944
0 0.160398 0.092500 0.129978 0.023611
0 0.301438 0.091556 0.139196 0.029278
2 0.393390 0.094862 0.035490 0.024555
0 0.922751 0.029223 0.022124 0.036833
0 0.952019 0.029695 0.018897 0.037777
0 0.982209 0.027807 0.020280 0.039666
0 0.972207 0.092028 0.055586 0.039666
0 0.193584 0.980744 0.069137 0.024555
0 0.024428 0.721023 0.020280 0.035889
0 0.058767 0.721023 0.019819 0.034000
0 0.101632 0.721496 0.019819 0.036833
0 0.079738 0.720551 0.019358 0.036833
0 0.135739 0.722440 0.017976 0.034944
0 0.155789 0.721968 0.020280 0.034000
0 0.191740 0.720079 0.020280 0.034000
0 0.212021 0.720551 0.019358 0.036833
0 0.231610 0.720551 0.019819 0.038722
0 0.899475 0.981216 0.063145 0.034944
0 0.967690 0.980271 0.059458 0.038722
4 0.445268 0.720788 0.041457 0.037573
4 0.145699 0.311158 0.030694 0.035123
4 0.274057 0.220900 0.284222 0.035940
1 0.023320 0.492898 0.010763 0.019603
1 0.023120 0.529655 0.009567 0.019603
1 0.023718 0.564777 0.010763 0.022871
1 0.022722 0.599492 0.008770 0.020420
1 0.022323 0.635023 0.011162 0.026138
1 0.407797 0.490856 0.010364 0.018787
1 0.407399 0.528429 0.009567 0.018787
1 0.407797 0.564369 0.011959 0.020420
1 0.407199 0.600309 0.010763 0.017153
1 0.407399 0.635023 0.010364 0.022871