0 0.039639 0.038209 0.021509 0.047026
0 0.069752 0.126729 0.096485 0.041494
2 0.204953 0.128804 0.135816 0.040111
2 0.355211 0.133645 0.143805 0.033195
2 0.517453 0.130879 0.156096 0.035961
0 0.947026 0.954527 0.074975 0.045643
0 0.886185 0.037518 0.024582 0.048409
0 0.923365 0.037518 0.023968 0.048409
0 0.958702 0.034060 0.022124 0.058091
0 0.966384 0.224931 0.021509 0.044260
2 0.954707 0.123963 0.039946 0.047026
2 0.672935 0.130879 0.119223 0.041494
0 0.094641 0.357710 0.116765 0.033195
0 0.243056 0.354253 0.145649 0.042877
0 0.409599 0.352178 0.141962 0.035961
0 0.553712 0.351486 0.116765 0.040111
0 0.713188 0.357710 0.162856 0.047026
0 0.837635 0.357019 0.057768 0.042877
0 0.919678 0.352869 0.069444 0.042877
4 0.868977 0.440006 0.240905 0.042877
4 0.867748 0.500172 0.239676 0.047026
4 0.786013 0.702107 0.060226 0.038727
4 0.809366 0.760890 0.104474 0.045643
4 0.245514 0.702107 0.082965 0.047026
4 0.233223 0.762273 0.059612 0.042877
4 0.231379 0.823131 0.055924 0.042877
4 0.228614 0.500863 0.120452 0.045643
0 0.027962 0.957293 0.030113 0.045643