0 0.022534 0.025538 0.021304 0.040482
0 0.050188 0.092739 0.083169 0.034005
0 0.140937 0.098002 0.087676 0.033196
0 0.913840 0.026753 0.018437 0.039673
0 0.943748 0.025943 0.029089 0.041292
0 0.974885 0.028372 0.018437 0.038053
0 0.965667 0.092334 0.048345 0.033196
0 0.291503 0.182610 0.015978 0.038863
0 0.316699 0.327132 0.128646 0.034815
0 0.385529 0.180181 0.020485 0.037244
0 0.405810 0.181800 0.018437 0.035625
0 0.425475 0.181800 0.016798 0.037244
0 0.446370 0.181800 0.019256 0.037244
0 0.466445 0.182610 0.020075 0.037244
0 0.036054 0.423076 0.057358 0.030767
4 0.219395 0.181800 0.128237 0.034005
4 0.169412 0.231998 0.027450 0.037244
4 0.199934 0.279768 0.088496 0.037244
4 0.192970 0.325108 0.073746 0.035625
2 0.207924 0.097192 0.037283 0.029957