4 0.429880 0.522893 0.482424 0.339724
4 0.312807 0.784606 0.250737 0.040264
4 0.235066 0.838081 0.094027 0.041522
4 0.319875 0.838710 0.065757 0.037747
4 0.278392 0.892185 0.183137 0.039005
2 0.779253 0.784606 0.178220 0.037747
4 0.736541 0.838081 0.095256 0.041522
4 0.823193 0.836823 0.065757 0.044038
0 0.947640 0.957614 0.077434 0.044038
0 0.028269 0.956985 0.031957 0.047813
0 0.094690 0.275494 0.124484 0.049524
0 0.246313 0.273078 0.150442 0.054356
0 0.410619 0.270663 0.154572 0.049524
0 0.561062 0.272474 0.123894 0.055564
0 0.715634 0.271871 0.165192 0.051940
0 0.844248 0.269455 0.061357 0.054356
0 0.884071 0.039348 0.030088 0.048316
0 0.920354 0.039348 0.027139 0.053148
0 0.955162 0.038140 0.028319 0.053148
0 0.066962 0.119070 0.099705 0.041069
0 0.038938 0.035725 0.025959 0.053148
0 0.984956 0.271871 0.023009 0.047108
2 0.954277 0.119070 0.051327 0.048316
2 0.204425 0.119070 0.143363 0.043485
2 0.361652 0.123298 0.134513 0.047108
2 0.525369 0.120882 0.161062 0.047108