0 0.037611 0.020372 0.020157 0.040743
0 0.051868 0.089539 0.077188 0.034629
0 0.914454 0.020806 0.019666 0.039876
0 0.944199 0.020372 0.023107 0.040743
0 0.974680 0.019322 0.021141 0.038644
0 0.072763 0.265831 0.098328 0.043024
0 0.194444 0.264782 0.115536 0.047221
0 0.329154 0.267405 0.117502 0.039876
0 0.429941 0.263208 0.049656 0.044073
0 0.499508 0.269504 0.062930 0.044073
0 0.567355 0.268455 0.042281 0.039876
0 0.669617 0.267405 0.142576 0.046172
0 0.786873 0.267930 0.076205 0.045123
0 0.018173 0.975149 0.025811 0.039351
0 0.971608 0.975711 0.055310 0.038227
0 0.229930 0.654157 0.014223 0.033729
0 0.249157 0.746913 0.013696 0.034854
0 0.780394 0.654719 0.013169 0.030357
0 0.746418 0.699129 0.014749 0.033729
0 0.737463 0.745226 0.016856 0.038227
0 0.225087 0.515775 0.014108 0.038324
0 0.748365 0.469922 0.015391 0.028743
4 0.289855 0.378902 0.205207 0.035587
4 0.219315 0.425439 0.065410 0.030112
4 0.337309 0.470607 0.301398 0.035587
4 0.210658 0.517828 0.049378 0.031481
4 0.265487 0.562996 0.156470 0.034218
4 0.212582 0.654017 0.050661 0.032850
4 0.215147 0.701238 0.055791 0.034218
4 0.222201 0.748459 0.071181 0.035587
4 0.265487 0.793627 0.159036 0.035587
4 0.813133 0.378902 0.205207 0.035587
4 0.813454 0.424754 0.205848 0.031481
4 0.732654 0.471291 0.046813 0.031481
4 0.789406 0.515775 0.160318 0.038324
4 0.749647 0.656070 0.078235 0.036956
4 0.732654 0.701238 0.042965 0.039693
4 0.726882 0.744353 0.037835 0.035587
2 0.161320 0.085910 0.116150 0.040335
2 0.278162 0.083451 0.095409 0.045254
2 0.404683 0.091813 0.126291 0.044270
2 0.982808 0.091321 0.034384 0.045254