0 0.899224 0.977499 0.073529 0.043713
0 0.665080 0.950709 0.015916 0.033410
4 0.424185 0.768402 0.143300 0.041573
4 0.422495 0.513226 0.139880 0.035666
0 0.131408 0.179048 0.023798 0.046168
0 0.032565 0.178504 0.018844 0.043075
0 0.690202 0.951241 0.015934 0.035024
4 0.413693 0.611682 0.120823 0.041954
0 0.970703 0.980402 0.058594 0.036830
4 0.495843 0.613226 0.045649 0.042478
4 0.531492 0.512951 0.031585 0.039967
4 0.412273 0.563293 0.119406 0.044908
0 0.740391 0.951294 0.068131 0.034871
4 0.686577 0.766415 0.084037 0.041854
0 0.051629 0.177867 0.021130 0.046195
0 0.769728 0.207672 0.023415 0.045545
0 0.009856 0.179408 0.019712 0.041938
0 0.091572 0.178329 0.038250 0.044464
0 0.976909 0.099698 0.045867 0.034978
4 0.709408 0.818311 0.038379 0.048558
0 0.769303 0.259266 0.022716 0.041637
0 0.159109 0.100080 0.082144 0.030551
0 0.274789 0.415503 0.054432 0.033857
0 0.639141 0.950213 0.015214 0.031024
0 0.064968 0.100454 0.086079 0.031585
0 0.793024 0.951412 0.016360 0.035220
1 0.970277 0.813954 0.012976 0.032311
0 0.810666 0.124737 0.014664 0.033973
5 0.513274 0.535724 0.628319 0.879129
4 0.348511 0.208889 0.081359 0.039081
4 0.377534 0.259996 0.141307 0.039081
4 0.603768 0.259996 0.307356 0.037077
4 0.322343 0.310601 0.029974 0.036075
4 0.355648 0.310100 0.035684 0.035073
4 0.446046 0.310601 0.140356 0.040083
1 0.659435 0.209390 0.011419 0.024050
0 0.340660 0.413816 0.042820 0.038079
0 0.397041 0.412813 0.048054 0.042088
0 0.459130 0.410809 0.056142 0.044092