1 0.043330 0.613503 0.017830 0.032850
1 0.043572 0.653186 0.017085 0.036833
1 0.044367 0.695402 0.016216 0.035564
1 0.041175 0.444316 0.012291 0.029640
1 0.043291 0.486497 0.017752 0.022800
1 0.043741 0.571529 0.017424 0.033263
1 0.043663 0.530143 0.017268 0.030293
1 0.041482 0.403846 0.014135 0.026220
1 0.043486 0.738343 0.016914 0.029448
2 0.130105 0.178447 0.196414 0.049374
0 0.851657 0.972277 0.086421 0.046684
4 0.120999 0.443306 0.054970 0.041903
0 0.601160 0.177415 0.028483 0.048741
4 0.075206 0.444326 0.043609 0.039879
4 0.653400 0.652433 0.078924 0.041503
4 0.653113 0.611855 0.078349 0.042547
4 0.567709 0.443913 0.040835 0.041165
4 0.515642 0.610895 0.069116 0.042338
0 0.629242 0.291267 0.027345 0.048440
0 0.668357 0.291819 0.026802 0.048078
4 0.515658 0.443866 0.068233 0.042669
4 0.653144 0.444360 0.075557 0.043727
4 0.074021 0.400340 0.042121 0.042341
4 0.121060 0.484923 0.054898 0.042335
4 0.651707 0.568964 0.079066 0.045728
4 0.277999 0.611198 0.094789 0.042908
0 0.178154 0.290868 0.027259 0.050606
4 0.075102 0.486066 0.044862 0.040328
4 0.515723 0.528036 0.068559 0.042528
4 0.074949 0.610471 0.045389 0.043597
4 0.120866 0.400689 0.053658 0.044325
4 0.877607 0.444051 0.051432 0.041496
4 0.120692 0.610485 0.055781 0.044718
4 0.515070 0.652007 0.069475 0.042847
4 0.277081 0.653116 0.096249 0.042478
4 0.515779 0.485898 0.068187 0.044808
4 0.819541 0.444168 0.068751 0.041808
4 0.277404 0.569091 0.096443 0.044914
4 0.515139 0.569123 0.068848 0.044653
4 0.208334 0.444431 0.043297 0.041896
4 0.818323 0.568903 0.067905 0.044987
4 0.206961 0.485662 0.040903 0.043787
4 0.515328 0.694889 0.069402 0.043609
0 0.209237 0.292068 0.026071 0.047746
4 0.073503 0.526114 0.042365 0.040736
4 0.120275 0.652860 0.056213 0.040884
4 0.206859 0.568810 0.041453 0.043957
4 0.651691 0.527762 0.078325 0.043025
4 0.654349 0.401034 0.073448 0.046349
4 0.166056 0.443013 0.041842 0.041223
0 0.088777 0.291275 0.028592 0.049783
4 0.818208 0.611460 0.066478 0.042871
4 0.206860 0.527333 0.041491 0.042482
4 0.119169 0.735539 0.052430 0.040861
4 0.818003 0.485706 0.066636 0.045049
4 0.569272 0.527251 0.044276 0.043156
4 0.738885 0.443931 0.095815 0.043251
0 0.937630 0.971032 0.068933 0.039774
0 0.049777 0.289678 0.030153 0.047494
4 0.073727 0.568515 0.042794 0.041901
4 0.569282 0.485683 0.042498 0.044062
4 0.651919 0.485455 0.077819 0.045359
4 0.401610 0.486079 0.153024 0.044843
4 0.567617 0.401449 0.041019 0.044332
4 0.403991 0.695421 0.151180 0.045679
4 0.207154 0.611308 0.041557 0.041618
4 0.121141 0.527517 0.050681 0.044077
4 0.818345 0.652865 0.066702 0.044717
4 0.207172 0.694520 0.041762 0.043569
4 0.401381 0.611009 0.155941 0.043451
4 0.514744 0.736597 0.070786 0.043327
4 0.120163 0.694211 0.053537 0.044070
4 0.166840 0.568919 0.042722 0.044273
0 0.261258 0.108545 0.034436 0.032463
4 0.276739 0.528126 0.098188 0.042866
4 0.818104 0.527493 0.066761 0.042977
4 0.121649 0.568958 0.049864 0.044707
4 0.516718 0.401443 0.066131 0.045607
4 0.740909 0.611018 0.094252 0.042546
4 0.165601 0.652087 0.042804 0.043123
4 0.072644 0.650985 0.040306 0.042890
4 0.818217 0.694398 0.066724 0.044338
4 0.653128 0.694543 0.080305 0.043346
0 0.017997 0.870138 0.028131 0.043422
4 0.877379 0.485248 0.050728 0.042642
4 0.165896 0.611340 0.042101 0.043721
4 0.405269 0.653009 0.152053 0.045361
4 0.207817 0.652718 0.042431 0.042142
4 0.275090 0.401657 0.098501 0.045980
4 0.405473 0.401457 0.159721 0.044966
4 0.278262 0.695170 0.095111 0.044056
4 0.166656 0.527439 0.042516 0.043302
4 0.278223 0.736869 0.095035 0.044024
4 0.208226 0.402198 0.042025 0.045345
4 0.739822 0.653490 0.094933 0.042930
0 0.410017 0.292035 0.028701 0.049729
4 0.569944 0.610565 0.044739 0.043524
0 0.449391 0.292396 0.029183 0.050287
0 0.239906 0.291905 0.026686 0.047474
0 0.464075 0.108203 0.056127 0.033393
4 0.740355 0.569254 0.095102 0.045132
0 0.271377 0.291489 0.027146 0.046865
2 0.820169 0.109864 0.045973 0.034432
4 0.740623 0.486409 0.092951 0.045175
4 0.569362 0.694548 0.042961 0.043585
0 0.697991 0.291790 0.027442 0.048113
0 0.730148 0.291683 0.027839 0.047327
4 0.276321 0.443641 0.098612 0.044594
4 0.403454 0.528314 0.150565 0.042358
4 0.818467 0.401120 0.066670 0.045221
4 0.403147 0.443837 0.152409 0.045153
4 0.166426 0.485513 0.040920 0.043419
4 0.569220 0.568758 0.043956 0.043911
4 0.818225 0.735377 0.067644 0.041972
4 0.741477 0.695115 0.090086 0.044126
4 0.166107 0.735963 0.043231 0.043000
4 0.166226 0.694260 0.041097 0.043271
0 0.905415 0.291622 0.026066 0.048556
0 0.358251 0.108414 0.135972 0.035460
4 0.738941 0.400814 0.096792 0.044041
4 0.877430 0.401625 0.052479 0.044350
4 0.073052 0.734662 0.042395 0.040189
4 0.073497 0.694683 0.042436 0.041593
4 0.741331 0.735492 0.093088 0.041919
4 0.166441 0.400704 0.042441 0.044043
4 0.206974 0.735663 0.043089 0.042432
4 0.740505 0.528141 0.093868 0.043715
4 0.877120 0.694552 0.051190 0.044515
0 0.359102 0.291246 0.026003 0.047421
4 0.569683 0.652435 0.042974 0.044024
4 0.569143 0.735449 0.044209 0.042551
0 0.129674 0.110803 0.207816 0.037533
4 0.876577 0.527249 0.050357 0.043282
4 0.876821 0.611200 0.050686 0.042739
4 0.876630 0.569246 0.051003 0.044063
4 0.651835 0.736483 0.079757 0.044418
0 0.822799 0.292784 0.132316 0.048294
4 0.876826 0.652511 0.050355 0.044031
0 0.018191 0.285401 0.027268 0.042543
0 0.017546 0.233023 0.026659 0.043254
0 0.322625 0.291465 0.022641 0.045495
4 0.877026 0.734955 0.051147 0.040788
0 0.120264 0.291459 0.025582 0.045646
0 0.381297 0.291397 0.021807 0.046555
0 0.517126 0.109695 0.031944 0.032752
0 0.611080 0.110021 0.135283 0.037931
4 0.276416 0.485158 0.097365 0.042661
4 0.277797 0.179102 0.099519 0.050509
2 0.488011 0.291877 0.038641 0.048587
4 0.401900 0.569529 0.154903 0.045378
0 0.591369 0.291222 0.019327 0.047216
4 0.602147 0.443932 0.026635 0.041485
0 0.569929 0.291239 0.024823 0.045492
1 0.379319 0.177832 0.018315 0.031045
0 0.948109 0.109992 0.055134 0.039630
4 0.401115 0.737698 0.150327 0.044012
0 0.142895 0.291285 0.021743 0.047194
0 0.300687 0.291572 0.024161 0.045042
4 0.602315 0.485684 0.025297 0.042255
2 0.532652 0.291766 0.039094 0.046585
0 0.899946 0.110516 0.018920 0.032509
0 0.488989 0.293164 0.037790 0.051347
4 0.602659 0.527070 0.024400 0.041746
0 0.738566 0.109029 0.098386 0.037012
2 0.737735 0.110187 0.097909 0.035268
4 0.602495 0.568991 0.023391 0.042468
4 0.603220 0.611709 0.024895 0.042277
4 0.603007 0.651966 0.026665 0.041252
4 0.603326 0.400994 0.028066 0.045278
4 0.602509 0.735178 0.023621 0.041222
4 0.602711 0.693956 0.026644 0.040744
0 0.878196 0.030491 0.035644 0.054721
0 0.918449 0.034481 0.023968 0.058141
0 0.957473 0.038471 0.025811 0.057001