0 0.902721 0.975262 0.065258 0.035921
0 0.024376 0.336327 0.023225 0.039789
0 0.023312 0.423540 0.023991 0.040753
0 0.024192 0.204252 0.022273 0.034789
0 0.968749 0.976575 0.057141 0.034252
0 0.438853 0.423103 0.022046 0.039983
0 0.459566 0.422464 0.022337 0.038715
0 0.371769 0.082251 0.023098 0.026924
0 0.329794 0.082103 0.044743 0.029036
0 0.084103 0.084645 0.142973 0.032487
0 0.248000 0.082435 0.104186 0.031064
0 0.175937 0.082578 0.025771 0.029437
0 0.176902 0.160208 0.016167 0.034548
0 0.441813 0.083501 0.102971 0.029163
2 0.600342 0.081825 0.037807 0.028964
0 0.975642 0.081534 0.042488 0.033240
0 0.119472 0.470884 0.142260 0.032760
0 0.104609 0.425111 0.114461 0.028715
2 0.536037 0.083058 0.074865 0.029040
2 0.307081 0.424536 0.207579 0.043075
0 0.937247 0.083114 0.017549 0.030338
0 0.108901 0.294403 0.121119 0.033395
1 0.297920 0.160678 0.013313 0.025966
0 0.106762 0.337868 0.118767 0.031963
0 0.123932 0.384369 0.151180 0.033495
0 0.104522 0.250142 0.112360 0.029370
0 0.108700 0.514036 0.122643 0.032978
4 0.222415 0.160048 0.075443 0.039258
0 0.102019 0.556329 0.112352 0.036940
0 0.107845 0.208799 0.117080 0.032080
0 0.107364 0.603963 0.117080 0.033052
2 0.112832 0.160715 0.142085 0.037694