1 0.039060 0.642650 0.014701 0.025054
1 0.038279 0.540986 0.014534 0.023643
1 0.038195 0.608646 0.013837 0.024352
1 0.038627 0.472048 0.012972 0.027283
1 0.038627 0.710666 0.012972 0.024749
1 0.038627 0.505998 0.014701 0.026151
1 0.038411 0.575259 0.015134 0.026610
2 0.107439 0.162722 0.145106 0.041817
1 0.039339 0.676937 0.015260 0.024597
1 0.039060 0.437049 0.013837 0.022864
1 0.039060 0.746216 0.013837 0.025091
0 0.903604 0.974319 0.066267 0.036516
4 0.426536 0.434972 0.051219 0.032963
4 0.133005 0.504586 0.033899 0.036280
4 0.132937 0.605529 0.034435 0.035569
0 0.018898 0.337350 0.018310 0.036986
0 0.044157 0.347524 0.018843 0.042282
4 0.132587 0.536218 0.034918 0.034342
0 0.515485 0.342446 0.019591 0.037237
0 0.348139 0.342817 0.021459 0.039249
4 0.132815 0.640444 0.034650 0.037372
4 0.468510 0.432696 0.033906 0.035735
4 0.510837 0.504711 0.054301 0.036693
4 0.591796 0.436187 0.075543 0.031547
4 0.132861 0.707259 0.034426 0.035483
4 0.132635 0.570554 0.034906 0.037737
4 0.163777 0.434543 0.032591 0.032104
4 0.133045 0.743620 0.034316 0.038343
4 0.215427 0.640777 0.077233 0.038107
4 0.163725 0.536365 0.032998 0.033701
4 0.163702 0.504677 0.032681 0.035306
4 0.511492 0.433428 0.053834 0.036068
4 0.133047 0.435019 0.033198 0.031133
4 0.133068 0.468411 0.033629 0.038037
4 0.163735 0.640388 0.032607 0.036684
4 0.217591 0.708154 0.078317 0.035342
4 0.216616 0.606321 0.075883 0.035454
0 0.142459 0.342502 0.021144 0.039324
0 0.188753 0.342297 0.020840 0.037928
0 0.695596 0.343094 0.020803 0.038682
4 0.216740 0.743844 0.077561 0.039144
0 0.019040 0.208439 0.020840 0.039051
4 0.163712 0.570713 0.032529 0.037522
0 0.970550 0.976707 0.057898 0.035906
4 0.132877 0.674419 0.034430 0.034905
4 0.163706 0.468845 0.031851 0.033238
4 0.215711 0.504803 0.075305 0.037267
4 0.510660 0.536505 0.054489 0.034489
4 0.163804 0.605912 0.032984 0.034337
4 0.510734 0.606368 0.054698 0.035472
4 0.215563 0.674820 0.076997 0.037623
4 0.510758 0.708198 0.055140 0.035546
4 0.510798 0.640661 0.054845 0.037958
4 0.099397 0.467652 0.041342 0.033582
4 0.328382 0.675818 0.150541 0.037389
4 0.510969 0.743562 0.055280 0.038894
0 0.538316 0.341655 0.020685 0.036047
0 0.562928 0.342041 0.020313 0.037288
0 0.485068 0.342362 0.021530 0.039456
0 0.165767 0.342400 0.020901 0.038556
4 0.510938 0.468707 0.053682 0.037959
4 0.163845 0.707656 0.032915 0.034618
4 0.098725 0.435660 0.039186 0.030492
4 0.427046 0.504786 0.051058 0.037251
4 0.163990 0.743794 0.031839 0.038269
4 0.510527 0.674720 0.054595 0.036015
0 0.074735 0.345799 0.018942 0.040556
4 0.591887 0.504717 0.076081 0.036349
4 0.217242 0.435712 0.076557 0.030597
0 0.082285 0.084676 0.139294 0.032236
4 0.426810 0.468612 0.051614 0.038159
0 0.212901 0.342831 0.021407 0.037405
4 0.592467 0.708283 0.077580 0.035352
4 0.216333 0.571446 0.077411 0.035908
4 0.328487 0.641358 0.151715 0.039249
4 0.217052 0.536579 0.076937 0.034839
4 0.592244 0.536669 0.077051 0.035076
0 0.631970 0.343062 0.100313 0.040607
0 0.318990 0.344445 0.019078 0.041538
4 0.426711 0.536696 0.051793 0.035013
4 0.591692 0.606810 0.075750 0.035464
0 0.327463 0.084222 0.045040 0.029051
4 0.510118 0.570771 0.053483 0.038705
4 0.328601 0.709179 0.149052 0.036218
4 0.098298 0.536370 0.038718 0.034727
2 0.456786 0.344596 0.016551 0.042940
4 0.469234 0.504688 0.032542 0.035643
4 0.468794 0.468927 0.033387 0.037252
4 0.427221 0.605981 0.051233 0.036711
0 0.279945 0.342797 0.018070 0.038128
4 0.590465 0.468982 0.071962 0.036536
4 0.591825 0.640785 0.076447 0.037258
4 0.665286 0.743748 0.072401 0.039311
4 0.098744 0.605523 0.037069 0.035235
4 0.469121 0.536408 0.032718 0.034551
4 0.426798 0.708116 0.052134 0.036340
4 0.163661 0.675477 0.031251 0.033310
4 0.592173 0.676103 0.076716 0.035305
4 0.099069 0.571213 0.041142 0.035299
4 0.469318 0.640589 0.032223 0.037456
4 0.328981 0.744042 0.148848 0.039593
4 0.426935 0.640887 0.051776 0.038174
4 0.665763 0.674738 0.071428 0.037442
0 0.234934 0.342523 0.017978 0.037158
4 0.591451 0.743963 0.075154 0.039507
4 0.097956 0.707614 0.038249 0.035497
4 0.098034 0.640561 0.038247 0.037611
0 0.246198 0.084251 0.105103 0.031820
4 0.098730 0.504289 0.037409 0.036544
4 0.469009 0.707929 0.032527 0.034746
4 0.426821 0.743456 0.051852 0.039022
4 0.468801 0.743586 0.033070 0.037732
4 0.665608 0.504896 0.070542 0.036814
4 0.592558 0.572690 0.076909 0.036561
4 0.665396 0.640734 0.071658 0.038225
4 0.665436 0.606951 0.071737 0.036186
4 0.097959 0.743379 0.038496 0.039444
4 0.469512 0.606146 0.032268 0.034476
4 0.949374 0.708424 0.070090 0.035771
0 0.440174 0.085566 0.103374 0.029147
4 0.740747 0.708871 0.082970 0.035563
4 0.098692 0.675181 0.041210 0.034673
4 0.740838 0.504827 0.082284 0.036223
4 0.426760 0.570554 0.051588 0.038858
4 0.740617 0.434493 0.081120 0.035851
0 0.369634 0.084611 0.023953 0.027597
4 0.740960 0.674655 0.080424 0.037672
4 0.740874 0.744089 0.080787 0.038645
0 0.939809 0.084950 0.015652 0.027554
4 0.949355 0.606711 0.069614 0.035962
0 0.173394 0.085474 0.026409 0.028587
4 0.950263 0.675371 0.067518 0.034294
4 0.740595 0.606838 0.081807 0.035782
4 0.666632 0.536861 0.068392 0.035103
4 0.740373 0.640754 0.080419 0.037691
4 0.327552 0.504970 0.150807 0.037507
4 0.328784 0.435014 0.149285 0.033047
4 0.663001 0.435913 0.070897 0.032922
4 0.468944 0.570679 0.032709 0.037447
4 0.469323 0.674777 0.032236 0.035268
4 0.426992 0.673828 0.052021 0.037168
4 0.328405 0.536850 0.149623 0.036360
4 0.546362 0.433656 0.018705 0.034454
2 0.600027 0.083588 0.035941 0.027401
4 0.740001 0.469004 0.080178 0.036252
4 0.327311 0.468527 0.151289 0.038133
4 0.949398 0.640822 0.069932 0.037708
4 0.665733 0.572439 0.069515 0.037456
4 0.950348 0.571865 0.066717 0.034673
4 0.740074 0.537140 0.081965 0.034812
4 0.740713 0.571947 0.079462 0.036836
4 0.814242 0.708740 0.068234 0.035871
4 0.949250 0.743600 0.069501 0.038546
4 0.949229 0.433795 0.068897 0.037692
4 0.815724 0.674929 0.066567 0.037370
0 0.440706 0.342778 0.017620 0.036839
4 0.949085 0.504861 0.070085 0.036426
4 0.949212 0.468708 0.068370 0.034038
0 0.977217 0.084697 0.042545 0.028641
4 0.218840 0.161799 0.078865 0.041544
4 0.546629 0.468892 0.018748 0.037242
4 0.546839 0.536751 0.018168 0.032876
4 0.814117 0.743772 0.067186 0.039557
4 0.949465 0.536718 0.069750 0.034842
4 0.813036 0.607046 0.068257 0.036305
4 0.215965 0.471569 0.073140 0.038712
4 0.900553 0.743533 0.030704 0.038002
4 0.814483 0.640474 0.065363 0.038716
4 0.328274 0.571235 0.149362 0.040514
4 0.327793 0.606425 0.148398 0.034755
4 0.546740 0.639841 0.018157 0.034276
4 0.900538 0.640198 0.031558 0.036700
4 0.900231 0.675805 0.033407 0.034401
4 0.900725 0.707790 0.031681 0.034590
0 0.097433 0.346662 0.018161 0.040556
4 0.813079 0.435217 0.068212 0.035375
4 0.546621 0.570748 0.018801 0.038135
4 0.546604 0.743529 0.018533 0.038238
4 0.546646 0.504950 0.018526 0.033910
2 0.536518 0.084754 0.077373 0.027301
4 0.813844 0.536997 0.069253 0.034731
4 0.899528 0.434122 0.031580 0.036480
4 0.546774 0.607051 0.018317 0.033431
4 0.900720 0.572434 0.032227 0.034938
4 0.900725 0.606423 0.031838 0.034393
4 0.546814 0.708527 0.018065 0.033711
1 0.296579 0.162647 0.014659 0.031393
4 0.813664 0.572020 0.067888 0.036554
4 0.665188 0.712706 0.072205 0.033348
4 0.900037 0.468995 0.033827 0.034000
4 0.812284 0.469272 0.066590 0.037657
4 0.900323 0.536230 0.030284 0.033670
4 0.865144 0.434314 0.036321 0.036461
4 0.866178 0.469930 0.037759 0.035550
4 0.866159 0.746182 0.037618 0.038830
4 0.900023 0.504889 0.030301 0.034840
4 0.991207 0.504920 0.017586 0.036535
0 0.019965 0.164796 0.023921 0.043213
4 0.546455 0.676018 0.019754 0.035042
4 0.866307 0.536609 0.038565 0.035350
4 0.865568 0.504628 0.039978 0.036470
4 0.990873 0.470101 0.018254 0.032756
4 0.991094 0.706958 0.017598 0.035256
4 0.991159 0.643929 0.017340 0.032790
4 0.990725 0.436279 0.018550 0.035576
4 0.663168 0.469079 0.071560 0.038213
4 0.813539 0.505027 0.067935 0.034614
4 0.866808 0.711235 0.037186 0.036242
4 0.866376 0.574035 0.039780 0.037967
4 0.866159 0.610276 0.039348 0.036242
4 0.865943 0.642635 0.038051 0.033653
4 0.866592 0.675856 0.037618 0.034516
4 0.991777 0.541676 0.016445 0.031927
4 0.991770 0.572740 0.015566 0.035379
4 0.991986 0.608550 0.014269 0.039693
4 0.991994 0.677151 0.016012 0.035379
4 0.992426 0.743594 0.015148 0.037105
2 0.411547 0.345634 0.030113 0.040864
2 0.376917 0.345033 0.030715 0.042066
2 0.296479 0.347524 0.015566 0.037105
2 0.252591 0.345799 0.015134 0.037105
2 0.114080 0.346230 0.016863 0.037967