4 0.414502 0.401976 0.439687 0.231259
4 0.219243 0.751327 0.051832 0.043726
0 0.962736 0.976659 0.070916 0.039135
4 0.806514 0.701241 0.245600 0.046152
2 0.324591 0.102233 0.105976 0.035222
2 0.183775 0.102870 0.143561 0.036450
0 0.254913 0.928092 0.112339 0.037748
0 0.052569 0.102473 0.088588 0.035461
2 0.767503 0.752795 0.166069 0.042423
0 0.013869 0.975922 0.027738 0.042037
2 0.970749 0.106232 0.033942 0.046805
0 0.041603 0.253451 0.039581 0.039734
1 0.199983 0.807078 0.014269 0.027818
0 0.149194 0.251917 0.138416 0.041361