2 0.534640 0.530216 0.143851 0.033641
0 0.248922 0.976467 0.094014 0.043740
0 0.045802 0.088495 0.073683 0.030878
0 0.560737 0.661278 0.019249 0.033729
4 0.813134 0.787105 0.211927 0.035685
2 0.774083 0.830097 0.135699 0.038869
4 0.553021 0.592852 0.088233 0.035391
4 0.220003 0.829946 0.042787 0.031944
0 0.600511 0.661261 0.051500 0.031281
2 0.266190 0.088314 0.082978 0.031892
2 0.154661 0.088910 0.117544 0.032096
0 0.606457 0.459348 0.015260 0.034902
0 0.627267 0.459695 0.015433 0.035028
0 0.993461 0.084911 0.012802 0.031934
0 0.591716 0.591070 0.013538 0.029333
5 0.512537 0.561279 0.253196 0.256606