4 0.147823 0.170039 0.065249 0.038800
0 0.970295 0.090882 0.048442 0.038670
0 0.964313 0.973074 0.058890 0.037242
0 0.361738 0.804694 0.147393 0.037100
0 0.113121 0.758814 0.147310 0.042592
4 0.223300 0.216633 0.216133 0.044806
0 0.363280 0.714380 0.149084 0.044928
4 0.300595 0.581604 0.287004 0.044631
2 0.275671 0.488915 0.236464 0.044575
4 0.314224 0.170196 0.035931 0.039639
0 0.362259 0.759438 0.147470 0.040293
0 0.046550 0.090358 0.084537 0.031931
0 0.128652 0.090901 0.063064 0.030408
0 0.896798 0.974604 0.069022 0.038538
4 0.175383 0.351280 0.033085 0.038019
4 0.168568 0.533890 0.023496 0.037452
4 0.299676 0.625646 0.286297 0.046864
2 0.480186 0.488226 0.160675 0.047072
0 0.111593 0.715641 0.147272 0.037814
0 0.466300 0.579266 0.036562 0.039985
2 0.185457 0.088107 0.036174 0.033615
1 0.018962 0.759111 0.014939 0.029231
4 0.189784 0.936300 0.060854 0.035394
1 0.018607 0.715102 0.014791 0.029281
0 0.200285 0.351391 0.015971 0.032474
1 0.267857 0.761318 0.013864 0.028181
4 0.301244 0.669040 0.287704 0.046551
1 0.392773 0.351600 0.015646 0.031370
1 0.213027 0.352620 0.012107 0.027335
1 0.268301 0.716504 0.013404 0.025572
1 0.267653 0.805123 0.012107 0.029981
0 0.018548 0.026645 0.021007 0.034636
0 0.918253 0.026645 0.016537 0.038281
0 0.945741 0.025733 0.022347 0.041927
0 0.978368 0.026189 0.021453 0.039193