4 0.159690 0.136471 0.061405 0.033200
0 0.105877 0.523386 0.135784 0.032429
0 0.146250 0.074046 0.036434 0.023768
0 0.070611 0.074127 0.104633 0.024871
0 0.235525 0.073669 0.029939 0.023282
0 0.192069 0.074420 0.046952 0.023345
0 0.366466 0.073988 0.114348 0.025505
0 0.278038 0.073435 0.047170 0.023801
0 0.977772 0.073955 0.036884 0.026587
0 0.198246 0.279194 0.058426 0.032001
2 0.203850 0.173231 0.149496 0.032527
0 0.447333 0.073238 0.035699 0.023179
2 0.417101 0.136614 0.124035 0.032265
4 0.118679 0.343590 0.166045 0.033335
4 0.498357 0.701665 0.058461 0.029956
0 0.030446 0.879032 0.017707 0.031414
2 0.561037 0.073438 0.029157 0.023455
4 0.118736 0.456508 0.166183 0.030392
4 0.441573 0.701929 0.058031 0.030200
4 0.498280 0.784737 0.058838 0.029434
0 0.487848 0.073219 0.033629 0.023352
4 0.441512 0.814037 0.057236 0.032034
4 0.555357 0.701259 0.057689 0.030501
4 0.353466 0.701737 0.121665 0.031229
4 0.440906 0.784731 0.057891 0.029223
0 0.029897 0.523144 0.015181 0.032601
0 0.278196 0.172140 0.016902 0.028741
4 0.029305 0.700846 0.011440 0.024181
4 0.354024 0.814619 0.120591 0.033227
4 0.498547 0.813490 0.058836 0.030714
4 0.554985 0.784513 0.057317 0.029325
4 0.555506 0.814105 0.056971 0.032007
4 0.232210 0.702015 0.123293 0.031248
4 0.441223 0.728552 0.057595 0.027923
4 0.028892 0.344145 0.011758 0.024338
4 0.352912 0.784679 0.122985 0.030278
4 0.497786 0.758454 0.058167 0.029157
4 0.029344 0.728994 0.011027 0.022339
4 0.029065 0.372690 0.010724 0.021976
4 0.498252 0.728633 0.058699 0.028078
4 0.118892 0.399533 0.163962 0.030373
4 0.029730 0.457025 0.011858 0.022892
4 0.441189 0.759283 0.057284 0.028464
4 0.555403 0.758336 0.058217 0.029140
4 0.554751 0.728419 0.056954 0.027828
4 0.642365 0.701277 0.058237 0.029851
4 0.118971 0.372328 0.163804 0.030739
4 0.353013 0.728279 0.122713 0.028412
4 0.642258 0.784593 0.058307 0.029364
4 0.598619 0.784645 0.032069 0.028822
4 0.599482 0.813055 0.030984 0.029886
0 0.525853 0.074065 0.029809 0.022672
4 0.118275 0.427264 0.164524 0.032568
4 0.642891 0.813093 0.058233 0.029811
4 0.231930 0.784744 0.122697 0.030033
4 0.598665 0.701777 0.031026 0.030005
4 0.029167 0.399978 0.010468 0.022962
4 0.599155 0.758825 0.030955 0.028159
4 0.029169 0.758735 0.010822 0.022284
4 0.642411 0.728483 0.058540 0.028520
4 0.353442 0.756047 0.121990 0.031537
4 0.598662 0.728423 0.031582 0.028207
4 0.230912 0.728400 0.121295 0.028206
4 0.642092 0.756477 0.058084 0.030863
4 0.231650 0.756675 0.123369 0.031384
4 0.231331 0.813647 0.122731 0.031768
4 0.029218 0.784809 0.010773 0.023309
4 0.029770 0.430326 0.011047 0.022158
4 0.029080 0.814056 0.011617 0.024407
4 0.053177 0.812676 0.034289 0.030222
4 0.053977 0.784707 0.035889 0.027280
4 0.192543 0.630704 0.112359 0.031913
4 0.053329 0.759185 0.035456 0.027308
1 0.436863 0.345014 0.008648 0.018205
1 0.436647 0.374391 0.009080 0.019033
1 0.435998 0.401285 0.009513 0.021515
1 0.436647 0.429420 0.010810 0.019860
1 0.436431 0.457556 0.009513 0.018205