4 0.310461 0.694144 0.086211 0.042807
0 0.911866 0.977272 0.035807 0.030962
0 0.694536 0.392724 0.056515 0.039038
0 0.968975 0.977551 0.059788 0.032153
0 0.851515 0.977894 0.070683 0.036915
0 0.061940 0.096879 0.101210 0.034149
4 0.190068 0.287541 0.083959 0.042976
4 0.280454 0.590945 0.025581 0.044694
4 0.280682 0.540767 0.025458 0.045586
4 0.166765 0.235719 0.039924 0.041862
4 0.276577 0.643499 0.018444 0.042445
4 0.303190 0.187119 0.315135 0.046304
4 0.280736 0.489855 0.024659 0.043207
4 0.284161 0.936644 0.031012 0.023664
0 0.974228 0.099623 0.049773 0.041819
0 0.141091 0.097794 0.037057 0.032052
2 0.141083 0.098069 0.037228 0.031903
4 0.276232 0.743980 0.018081 0.041279
1 0.278571 0.848239 0.017161 0.030869
4 0.277186 0.795150 0.019335 0.042249
3 0.214177 0.896855 0.109892 0.029940
4 0.277104 0.897851 0.016336 0.046304
1 0.635401 0.644441 0.016226 0.028251