4 0.480995 0.483603 0.203405 0.042288
0 0.300792 0.910627 0.021837 0.035945
4 0.783846 0.483685 0.102991 0.041515
4 0.438657 0.197723 0.085873 0.043336
0 0.136146 0.169320 0.024408 0.044497
0 0.408230 0.909753 0.022401 0.036679
1 0.369586 0.805118 0.016349 0.030229
4 0.503725 0.198033 0.046997 0.043761
4 0.537620 0.529650 0.086420 0.039410
0 0.430965 0.909389 0.021106 0.036283
4 0.554183 0.246374 0.318812 0.045317
0 0.199437 0.093608 0.157019 0.033268
0 0.277735 0.910678 0.022260 0.034681
4 0.783733 0.529535 0.102477 0.041181
4 0.446942 0.437574 0.130718 0.045611
4 0.775556 0.436491 0.086768 0.039368
0 0.384125 0.909726 0.023196 0.038620
1 0.863250 0.149003 0.015604 0.030431
1 0.369436 0.768711 0.016811 0.031112
0 0.337618 0.091949 0.101825 0.031044
4 0.437716 0.151626 0.084891 0.042465
0 0.068484 0.093040 0.087401 0.030875
2 0.746375 0.092577 0.039239 0.029455
0 0.476332 0.974721 0.073559 0.033396
0 0.567402 0.092069 0.115068 0.031768
0 0.253751 0.910054 0.022809 0.035517
1 0.260523 0.804156 0.015641 0.030817
4 0.422873 0.530661 0.086320 0.040787
1 0.369330 0.842761 0.017326 0.033229
0 0.295226 0.341716 0.057560 0.040031
1 0.260724 0.768353 0.015470 0.030438
1 0.260732 0.841906 0.016860 0.031582
0 0.537990 0.197228 0.023805 0.042535
0 0.450244 0.093202 0.108933 0.033238
0 0.111439 0.504474 0.222878 0.032477
0 0.110893 0.389995 0.221785 0.034929
2 0.676055 0.092342 0.084094 0.030108
0 0.035341 0.169568 0.020236 0.042512
0 0.111166 0.430694 0.222331 0.033973
2 0.103833 0.169258 0.018954 0.043301
0 0.085599 0.169959 0.020958 0.043954
2 0.445686 0.387844 0.130638 0.043028
0 0.957067 0.091732 0.048466 0.032645
0 0.110619 0.466961 0.221238 0.033413
0 0.110893 0.542411 0.221785 0.034929
0 0.110619 0.579457 0.221238 0.032812
0 0.009911 0.167515 0.019822 0.041971
2 0.055185 0.169359 0.018731 0.044103
0 0.110346 0.615444 0.220692 0.039163
0 0.111166 0.352848 0.220146 0.029235
0 0.110619 0.653197 0.221238 0.038460
4 0.956396 0.910773 0.046575 0.037342
0 0.039605 0.025889 0.014749 0.039163
0 0.900798 0.023243 0.026221 0.044455
0 0.931662 0.023772 0.021304 0.041279
0 0.968808 0.023243 0.032230 0.040221
0 0.376106 0.341835 0.070469 0.044455
0 0.439473 0.338131 0.027860 0.043396
0 0.490003 0.338131 0.049164 0.039163
0 0.555009 0.342365 0.042609 0.039163
2 0.111166 0.278329 0.221239 0.033870
0 0.111166 0.315374 0.222331 0.038104