0 0.252027 0.272932 0.126955 0.038055
0 0.972081 0.087041 0.038699 0.028457
0 0.493739 0.914433 0.020417 0.038308
0 0.623728 0.710192 0.048627 0.029690
0 0.253501 0.615196 0.130145 0.043083
0 0.517476 0.914840 0.023971 0.040238
0 0.125135 0.087940 0.070671 0.029626
0 0.008861 0.155417 0.017722 0.043038
0 0.470307 0.914683 0.023515 0.039949
0 0.939123 0.086888 0.015470 0.026816
0 0.435818 0.087679 0.028415 0.027436
4 0.541600 0.510323 0.111603 0.037016
2 0.389963 0.187102 0.151860 0.040976
2 0.384008 0.916504 0.103404 0.040925
0 0.552064 0.087196 0.051140 0.029065
0 0.251463 0.785710 0.129288 0.041162
0 0.487694 0.088777 0.063325 0.030947
4 0.335710 0.400453 0.021729 0.040209
2 0.733480 0.087532 0.031228 0.028576
0 0.239035 0.087048 0.142339 0.033941
0 0.055322 0.088265 0.054236 0.029556
4 0.343872 0.484910 0.036693 0.040993
4 0.343981 0.356489 0.035495 0.036455
0 0.366005 0.088786 0.099050 0.031350
0 0.252476 0.701129 0.126837 0.040899
4 0.370056 0.143302 0.110693 0.042155
4 0.552087 0.143056 0.244610 0.043636
0 0.579781 0.708378 0.022372 0.026778
0 0.644677 0.351287 0.016697 0.032862
0 0.605397 0.509852 0.013851 0.033237
4 0.344028 0.527514 0.035100 0.039577
0 0.252497 0.830584 0.126344 0.039730
0 0.034094 0.156975 0.017166 0.040000
4 0.326682 0.227861 0.024379 0.035931
0 0.252650 0.659087 0.127713 0.039619
0 0.093787 0.155239 0.016604 0.041197
0 0.610691 0.088855 0.057338 0.031983
0 0.251857 0.743361 0.129704 0.038869
0 0.073260 0.155596 0.019908 0.042341
2 0.107976 0.156140 0.015235 0.038330
2 0.049233 0.155820 0.015159 0.042023
4 0.341703 0.442613 0.031037 0.035995
2 0.677855 0.087481 0.064685 0.029725
1 0.516341 0.227828 0.012251 0.025670
1 0.442040 0.597025 0.012179 0.025335
5 0.508112 0.531576 0.290560 0.402177