0 0.256281 0.130306 0.093193 0.048107
0 0.076934 0.129402 0.091673 0.052541
0 0.166931 0.129757 0.091984 0.050148
0 0.106108 0.402613 0.205633 0.041019
0 0.105897 0.458222 0.207161 0.040638
0 0.105248 0.347570 0.205596 0.041885
4 0.886769 0.127612 0.151030 0.048244
0 0.103716 0.295350 0.204534 0.040387
0 0.079137 0.566206 0.152784 0.040565
0 0.043823 0.892865 0.084520 0.035601
0 0.463281 0.440766 0.028436 0.054685
0 0.973292 0.128034 0.026660 0.048019
0 0.056603 0.838689 0.108712 0.039379
0 0.049968 0.946499 0.097281 0.035879
0 0.463998 0.823891 0.030554 0.052648
0 0.045189 0.675053 0.086269 0.037950
0 0.039133 0.729525 0.076392 0.039045
0 0.077323 0.511380 0.152499 0.039559
0 0.060868 0.620979 0.120222 0.038547
0 0.044791 0.783963 0.085254 0.035925
0 0.064861 0.240872 0.125922 0.035783
0 0.032335 0.035085 0.017018 0.048181
0 0.918142 0.041425 0.020989 0.050717
0 0.950193 0.038255 0.026095 0.049449
0 0.984230 0.038255 0.024960 0.059592
2 0.173020 0.036353 0.130474 0.045645
0 0.365895 0.365379 0.231450 0.219351
0 0.364477 0.750194 0.230883 0.218083