0 0.489785 0.914226 0.147067 0.046341
0 0.872697 0.975549 0.073315 0.038470
0 0.251727 0.914036 0.024397 0.040523
4 0.431812 0.488428 0.203923 0.042171
0 0.947628 0.975023 0.062478 0.035686
0 0.382043 0.913810 0.023359 0.040711
0 0.305771 0.914517 0.023726 0.040353
4 0.504489 0.250221 0.318876 0.044121
1 0.211909 0.806308 0.017545 0.030348
0 0.282104 0.914292 0.025290 0.041438
0 0.227988 0.914006 0.023052 0.038853
4 0.454383 0.202707 0.045134 0.042619
4 0.488932 0.534757 0.085564 0.040008
1 0.319976 0.808150 0.015964 0.029096
0 0.358992 0.914107 0.022635 0.041077
0 0.197246 0.093977 0.157447 0.031820
0 0.134948 0.170996 0.023245 0.043095
4 0.389569 0.202487 0.086134 0.043178
4 0.734502 0.487020 0.101499 0.041577
1 0.319910 0.771921 0.015850 0.031069
4 0.733781 0.535179 0.101125 0.040985
0 0.335190 0.914068 0.024055 0.041088
4 0.374154 0.535092 0.085959 0.040901
4 0.726101 0.439636 0.085387 0.039922
0 0.204483 0.914341 0.023095 0.040092
4 0.397905 0.440361 0.131286 0.046286
0 0.750984 0.094013 0.136568 0.031801
0 0.245456 0.347789 0.057433 0.038000
0 0.066697 0.093582 0.087659 0.031381
0 0.336120 0.093014 0.102730 0.030106
4 0.389336 0.154479 0.086120 0.042608
1 0.813906 0.154680 0.016582 0.030533
0 0.448493 0.093583 0.107553 0.031006
0 0.652958 0.093596 0.043571 0.028899
1 0.211941 0.771483 0.017562 0.030880
0 0.565367 0.093731 0.111300 0.031961
2 0.847787 0.093496 0.041708 0.030478
1 0.319782 0.845821 0.017460 0.033497
1 0.211455 0.844522 0.017036 0.031424
2 0.083155 0.171244 0.020480 0.041297
0 0.489299 0.203035 0.025423 0.039313
0 0.094168 0.580477 0.188336 0.033056
0 0.094168 0.505465 0.188336 0.033922
4 0.955930 0.805349 0.033902 0.039263
2 0.034016 0.171262 0.019732 0.041393
4 0.914790 0.913245 0.046809 0.040593
2 0.009088 0.170908 0.018175 0.043207
2 0.397764 0.394191 0.131821 0.035727
0 0.094452 0.543824 0.188904 0.033977
0 0.093601 0.467527 0.187202 0.030833
0 0.094452 0.430264 0.186635 0.030782
0 0.093885 0.616958 0.187769 0.032478
4 0.513706 0.808209 0.163116 0.040961
0 0.083618 0.171700 0.019991 0.042598
4 0.658542 0.846070 0.132015 0.038766
4 0.956171 0.769004 0.033145 0.036503
4 0.955846 0.845191 0.032765 0.036181
4 0.924307 0.807538 0.031506 0.039025
0 0.094452 0.391275 0.188904 0.034181
4 0.924494 0.769881 0.031667 0.036436
4 0.924603 0.845713 0.030334 0.036284
2 0.052831 0.171420 0.019619 0.041865
0 0.009009 0.169795 0.018003 0.042559
0 0.094452 0.652866 0.188904 0.032757
4 0.513060 0.771798 0.163542 0.039371
0 0.954772 0.092712 0.051492 0.035432
0 0.033940 0.170920 0.019940 0.042929
4 0.513404 0.847692 0.163659 0.041562
2 0.103018 0.171455 0.018809 0.041989
4 0.658538 0.773012 0.131736 0.038454
4 0.658826 0.808958 0.132313 0.040126
4 0.740404 0.773848 0.029403 0.040126
4 0.739323 0.809794 0.031565 0.038454
4 0.739756 0.845741 0.030700 0.040126
4 0.811101 0.773012 0.111126 0.041798
4 0.810669 0.809794 0.111990 0.038454
4 0.810669 0.846995 0.111990 0.035946
0 0.094452 0.316239 0.186635 0.035096
0 0.093601 0.355174 0.187202 0.033999
0 0.327887 0.346948 0.079419 0.037289
0 0.389437 0.344755 0.025528 0.035096
0 0.441627 0.343109 0.050488 0.036192
0 0.502042 0.348045 0.045382 0.032902
0 0.898854 0.027248 0.027797 0.038386
0 0.928920 0.026152 0.017586 0.042773
0 0.964658 0.027797 0.028931 0.035096
0 0.037724 0.026700 0.020989 0.041676