0 0.930396 0.014749 0.012513 0.024582
0 0.945777 0.014749 0.012513 0.025565
0 0.960115 0.015733 0.013556 0.025565
4 0.094369 0.077679 0.116788 0.034415
0 0.180136 0.076205 0.016163 0.026549
0 0.203858 0.078171 0.016163 0.026549
0 0.220803 0.077188 0.014077 0.027532
0 0.237487 0.077188 0.014077 0.026549
0 0.319343 0.076205 0.014077 0.023599
0 0.336809 0.075713 0.014077 0.022616
0 0.354015 0.077188 0.014077 0.026549
0 0.370177 0.077188 0.014077 0.023599
0 0.394421 0.076205 0.014077 0.026549
0 0.410845 0.075713 0.014077 0.027532
0 0.434828 0.077188 0.013556 0.024582
0 0.451773 0.076205 0.013556 0.026549
0 0.023983 0.180924 0.013556 0.025565
0 0.105579 0.181908 0.043274 0.025565
0 0.154849 0.182399 0.037018 0.028515
0 0.212722 0.182399 0.058916 0.026549
0 0.259385 0.180433 0.017727 0.028515
0 0.396507 0.182399 0.041710 0.027532
0 0.261470 0.077188 0.013556 0.031465
0 0.278415 0.075713 0.012513 0.033432
0 0.296142 0.076696 0.015641 0.028515
0 0.053441 0.179941 0.041710 0.025565
0 0.565172 0.181416 0.016684 0.028515
0 0.528936 0.181416 0.034932 0.028515
0 0.501825 0.182891 0.013556 0.028515
0 0.486444 0.182891 0.012513 0.028515
0 0.468196 0.181416 0.015120 0.028515
0 0.452815 0.181416 0.015641 0.025565
0 0.435349 0.182891 0.014077 0.028515
0 0.277894 0.180924 0.015641 0.024582
0 0.294317 0.179449 0.012513 0.029499
0 0.310480 0.181908 0.015120 0.026549
0 0.345151 0.181908 0.049531 0.031465