4 0.397900 0.597948 0.054213 0.038975
0 0.084293 0.100091 0.117669 0.041075
0 0.904249 0.971852 0.037869 0.037481
4 0.155123 0.498468 0.056403 0.040395
2 0.395451 0.097359 0.049065 0.031405
4 0.075072 0.499413 0.097186 0.039910
0 0.169740 0.098127 0.040647 0.031734
4 0.154408 0.598582 0.056022 0.040125
0 0.952998 0.971685 0.042942 0.031117
0 0.066035 0.383050 0.081029 0.038096
4 0.730478 0.598571 0.098512 0.041893
1 0.037797 0.863881 0.016788 0.029368
0 0.216174 0.097961 0.032223 0.030186
1 0.038115 0.826698 0.016560 0.028422
2 0.300967 0.097891 0.121387 0.034234
1 0.038051 0.790116 0.015566 0.027210
4 0.074660 0.599040 0.097721 0.041042
0 0.879093 0.216673 0.096773 0.032316
0 0.865150 0.263922 0.068888 0.032170
0 0.852637 0.356789 0.038954 0.027824
0 0.860068 0.498277 0.054250 0.029118
0 0.858004 0.310801 0.050160 0.029538
0 0.859452 0.450781 0.054417 0.027926
0 0.879443 0.168904 0.098544 0.033870
4 0.820879 0.598826 0.054274 0.040348
0 0.881011 0.404113 0.108939 0.031547
4 0.732400 0.498523 0.099533 0.043394
0 0.955136 0.697404 0.018163 0.031652
4 0.077399 0.790828 0.054482 0.035976
4 0.077183 0.827905 0.055779 0.036710
4 0.076966 0.863881 0.056211 0.035242
4 0.176633 0.790338 0.143988 0.037445
4 0.176201 0.826681 0.142258 0.038179
4 0.176850 0.864860 0.143555 0.033774
4 0.282786 0.791684 0.070048 0.039647
4 0.282570 0.829129 0.069616 0.035242
4 0.282570 0.865472 0.069616 0.035976
4 0.335611 0.790828 0.033294 0.037445
4 0.334962 0.827171 0.033727 0.035242
4 0.334962 0.863514 0.035456 0.035976
4 0.479958 0.791562 0.256843 0.037445
4 0.479742 0.828639 0.256410 0.035242
4 0.480607 0.864616 0.255545 0.033774
4 0.628919 0.790828 0.041942 0.035976
4 0.629783 0.827538 0.041942 0.035976
4 0.628919 0.863147 0.041078 0.036710
4 0.727144 0.789726 0.153933 0.039647
4 0.727793 0.827905 0.153500 0.033774
4 0.727144 0.864248 0.155662 0.034508
4 0.821695 0.790093 0.035745 0.038913
4 0.821190 0.827905 0.035889 0.036710
4 0.821623 0.863514 0.034159 0.035976
4 0.859457 0.790828 0.040645 0.038913
4 0.859673 0.827171 0.041078 0.035242
4 0.859457 0.863881 0.041510 0.036710
4 0.901183 0.790461 0.043672 0.038179
4 0.901832 0.827171 0.042375 0.038179
4 0.901832 0.864248 0.043240 0.037445
0 0.041041 0.032281 0.021803 0.043555
0 0.149737 0.381268 0.060921 0.033755
0 0.226369 0.379090 0.060280 0.038111
0 0.805759 0.033915 0.023727 0.038111
0 0.843594 0.029015 0.027575 0.039200
0 0.881749 0.034459 0.028216 0.041378
0 0.919905 0.036092 0.021162 0.040289
0 0.960305 0.032826 0.037835 0.051177