0 0.858619 0.082154 0.073109 0.033524
0 0.909458 0.082585 0.020510 0.034382
0 0.930095 0.082562 0.020685 0.034336
0 0.886247 0.411142 0.019852 0.034338
0 0.927395 0.708899 0.022181 0.032434
0 0.832719 0.709851 0.020343 0.032663
0 0.927741 0.411560 0.019967 0.031825
0 0.857297 0.709432 0.021543 0.033500
0 0.882137 0.709432 0.021146 0.033500
2 0.902445 0.708613 0.020196 0.031861
0 0.907172 0.411142 0.020344 0.032663
0 0.954959 0.079590 0.017576 0.029571
2 0.068039 0.089122 0.081320 0.031825
0 0.811859 0.709432 0.021664 0.033500
0 0.861344 0.409077 0.015512 0.029354
0 0.736410 0.410723 0.021913 0.033500
0 0.786515 0.409008 0.015483 0.028264
0 0.486012 0.352935 0.016431 0.031825
0 0.609246 0.707654 0.035913 0.026731
0 0.506710 0.352935 0.016317 0.031825
0 0.761991 0.409256 0.015424 0.028568
0 0.700525 0.408981 0.036084 0.029280
0 0.836954 0.408930 0.017825 0.032222
0 0.811769 0.409740 0.016272 0.030743
0 0.656968 0.407979 0.032693 0.028483
0 0.762282 0.707068 0.067953 0.028745
3 0.060896 0.940594 0.012539 0.024588
0 0.677514 0.706974 0.080195 0.030268
3 0.060463 0.883075 0.013404 0.023450
0 0.225227 0.148062 0.014311 0.029520
3 0.060679 0.826124 0.012107 0.023450
0 0.454808 0.150259 0.015134 0.025125
0 0.685202 0.150259 0.013837 0.028475
0 0.849080 0.026449 0.013837 0.025963
0 0.876321 0.026030 0.014701 0.025125
0 0.903562 0.025611 0.013837 0.024288
0 0.930586 0.026867 0.014269 0.028475
0 0.958692 0.026867 0.013404 0.028475
0 0.072534 0.452771 0.027889 0.020100
0 0.124746 0.453399 0.067454 0.018844
3 0.060679 0.993183 0.013837 0.013633
0 0.929941 0.824212 0.017699 0.034281
0 0.929572 0.881347 0.016962 0.034281
0 0.928835 0.936340 0.014012 0.038566
0 0.930678 0.992810 0.016224 0.014380