0 0.049777 0.079626 0.068671 0.032394
2 0.170757 0.777467 0.132648 0.031273
0 0.213935 0.078439 0.109482 0.026714
4 0.161469 0.427962 0.114088 0.030835
4 0.415634 0.429079 0.119764 0.028500
0 0.639496 0.078668 0.101169 0.025930
0 0.930352 0.966566 0.027177 0.030684
4 0.162288 0.388831 0.111006 0.027992
0 0.422234 0.078793 0.055377 0.025120
4 0.412684 0.389623 0.112684 0.031862
4 0.145481 0.150890 0.080933 0.029763
4 0.496302 0.390056 0.045102 0.028158
4 0.390166 0.583547 0.070427 0.030684
0 0.357042 0.078799 0.047847 0.025965
0 0.121080 0.078141 0.048297 0.025653
0 0.488242 0.078757 0.049601 0.024421
4 0.233333 0.189730 0.257817 0.032025
0 0.551039 0.079122 0.049249 0.024715
0 0.376601 0.227895 0.032788 0.028365
0 0.300883 0.078237 0.037085 0.025180
0 0.724330 0.078379 0.044433 0.024959
4 0.390098 0.622044 0.070046 0.031499
0 0.049592 0.304828 0.037476 0.028112
0 0.972151 0.962298 0.037825 0.031781
4 0.443553 0.893116 0.026187 0.025565
4 0.489676 0.189599 0.256047 0.031763
4 0.443707 0.855469 0.026495 0.028568
0 0.201358 0.150592 0.031772 0.029168
4 0.444168 0.815792 0.025231 0.027510
4 0.230841 0.389242 0.025271 0.028815
0 0.970217 0.079249 0.022006 0.027864
2 0.777820 0.077912 0.037399 0.024952
4 0.689657 0.189211 0.033076 0.028701
4 0.449689 0.621658 0.038397 0.030726
4 0.389763 0.660340 0.067191 0.029794
4 0.324508 0.584076 0.039893 0.031742
4 0.265214 0.583201 0.068284 0.027876
4 0.139447 0.583436 0.069626 0.028347
4 0.443449 0.778176 0.026016 0.026343
4 0.111346 0.891862 0.014073 0.030533
4 0.689181 0.149942 0.031668 0.027868
4 0.265214 0.621348 0.068284 0.030107
4 0.138635 0.621431 0.069065 0.030273
4 0.198660 0.581494 0.038602 0.028695
4 0.264416 0.660375 0.069879 0.029863
4 0.324415 0.622025 0.040003 0.029345
4 0.198296 0.622043 0.036054 0.029380
0 0.113274 0.305701 0.060177 0.030853
0 0.190265 0.305701 0.070206 0.033139
0 0.259882 0.304558 0.037168 0.030853
0 0.319764 0.306843 0.057817 0.033139
0 0.392920 0.305701 0.060177 0.030853
0 0.462832 0.306272 0.050147 0.031996
0 0.536283 0.305701 0.070796 0.035424
0 0.610029 0.306272 0.057817 0.031996
0 0.874336 0.025165 0.020059 0.041138
0 0.900885 0.027451 0.021239 0.041138
0 0.931563 0.028022 0.022419 0.035424
0 0.960177 0.026879 0.020649 0.037709