4 0.491279 0.201191 0.131011 0.030948
4 0.500879 0.283603 0.146301 0.031508
4 0.342920 0.283847 0.146264 0.031996
0 0.726928 0.893731 0.031886 0.025862
4 0.557409 0.548245 0.116307 0.041654
0 0.902726 0.079609 0.081656 0.027042
4 0.343891 0.202306 0.146976 0.033177
0 0.802656 0.080392 0.102043 0.029063
4 0.557138 0.589126 0.117217 0.043432
0 0.960111 0.078424 0.016509 0.026631
0 0.905052 0.155029 0.013569 0.028313
4 0.556513 0.628945 0.116079 0.042466
4 0.556088 0.708357 0.114472 0.042882
4 0.557393 0.668750 0.116597 0.043039
0 0.693157 0.893514 0.016315 0.024886
4 0.442299 0.829910 0.115923 0.043166
4 0.327279 0.788784 0.117303 0.044199
4 0.442324 0.788958 0.115875 0.044157
4 0.442279 0.748322 0.116173 0.043126
4 0.557202 0.747997 0.116873 0.042869
4 0.557290 0.788926 0.116566 0.044363
4 0.557329 0.509508 0.116556 0.040517
4 0.442138 0.708659 0.116600 0.043004
4 0.327130 0.830015 0.117099 0.043399
4 0.557348 0.829806 0.116923 0.043204
4 0.442382 0.668528 0.116176 0.042918
4 0.327213 0.748076 0.117418 0.043074
0 0.930023 0.154315 0.013763 0.028824
0 0.564139 0.200373 0.015409 0.028338
4 0.327281 0.708415 0.117070 0.043022
0 0.802721 0.153383 0.021362 0.028387
4 0.327293 0.668502 0.117547 0.043265
0 0.843677 0.153138 0.039910 0.029534
4 0.442295 0.628647 0.116033 0.042937
0 0.880067 0.154357 0.014150 0.028162
0 0.954539 0.154512 0.015234 0.031022
1 0.040017 0.244680 0.016122 0.029275
4 0.672171 0.788699 0.117168 0.044169
4 0.672663 0.829653 0.117390 0.043767
4 0.672723 0.708479 0.117578 0.042496
1 0.040252 0.203811 0.014996 0.029356
4 0.327675 0.508890 0.116455 0.036900
4 0.327339 0.628317 0.116487 0.042525
4 0.672587 0.668479 0.117171 0.043010
4 0.672604 0.748403 0.117699 0.042912
4 0.327425 0.548142 0.117492 0.044079
4 0.442538 0.588960 0.115890 0.043535
4 0.327429 0.589020 0.117394 0.043284
4 0.442429 0.548136 0.115933 0.044379
4 0.442322 0.509485 0.115557 0.035710
4 0.672630 0.549361 0.117515 0.039281
4 0.672884 0.510080 0.116813 0.039281
4 0.672562 0.628767 0.117493 0.042581
4 0.672777 0.590287 0.117386 0.040192
2 0.151515 0.024052 0.092518 0.035060
0 0.820260 0.025351 0.020783 0.040255
0 0.848083 0.024701 0.021453 0.033762
0 0.875570 0.024052 0.020113 0.037657
0 0.902722 0.025351 0.020783 0.035060
0 0.930544 0.027299 0.021453 0.036359
0 0.959372 0.024701 0.018772 0.036359
5 0.498402 0.499989 0.500246 0.842749