0 0.862037 0.078552 0.043115 0.028503
0 0.089938 0.238162 0.113084 0.218071
0 0.205171 0.536697 0.112092 0.218169
0 0.089938 0.537409 0.112092 0.217110
0 0.205290 0.237724 0.111525 0.215274
0 0.280592 0.078809 0.112870 0.026899
0 0.938354 0.178592 0.091355 0.028847
0 0.663269 0.538444 0.112084 0.216358
0 0.319945 0.537325 0.111503 0.218588
0 0.040654 0.079594 0.013537 0.025610
0 0.917680 0.336126 0.047828 0.027477
0 0.924049 0.373537 0.060517 0.030822
0 0.778239 0.537884 0.112855 0.216913
0 0.319603 0.758448 0.111973 0.216957
0 0.937894 0.139167 0.089706 0.028816
0 0.433692 0.537744 0.112423 0.216076
0 0.090082 0.759536 0.113287 0.219132
0 0.939924 0.296624 0.090093 0.025522
0 0.927751 0.216336 0.072529 0.025296
0 0.548833 0.537325 0.111310 0.219706
0 0.668151 0.079370 0.044407 0.029254
0 0.936782 0.092292 0.085001 0.031973
0 0.135924 0.079058 0.152199 0.027073
0 0.765153 0.079651 0.125870 0.030575
0 0.410933 0.078346 0.124466 0.028824
0 0.892968 0.538302 0.112855 0.216076
0 0.560182 0.080498 0.150441 0.033637
0 0.205099 0.759989 0.112423 0.215014
0 0.434629 0.758845 0.112855 0.216076
0 0.282041 0.795495 0.018588 0.040223
0 0.939079 0.258639 0.099862 0.035049
0 0.849179 0.028248 0.018608 0.027031
0 0.875637 0.025995 0.013374 0.031536
0 0.902677 0.024869 0.013956 0.029284
0 0.931170 0.027685 0.015119 0.030410
0 0.959082 0.028248 0.016282 0.031536
2 0.103772 0.026040 0.046355 0.039791