2 0.455179 0.704710 0.143396 0.033353
4 0.483796 0.234478 0.070386 0.030863
0 0.359198 0.233618 0.017841 0.026762
0 0.274828 0.276251 0.056750 0.031086
0 0.321200 0.276584 0.019198 0.031753
0 0.484575 0.466053 0.017823 0.029788
0 0.131689 0.276577 0.017442 0.031739
0 0.062054 0.275145 0.018550 0.032992
0 0.173076 0.277929 0.020157 0.029681
0 0.342906 0.277696 0.018989 0.029216
4 0.410990 0.551255 0.193908 0.031165
0 0.339864 0.234333 0.019396 0.025812
2 0.231125 0.590427 0.163365 0.030948
0 0.296341 0.231722 0.018155 0.030112
0 0.507170 0.277300 0.018660 0.030804
0 0.485755 0.278259 0.018483 0.027961
0 0.444896 0.277641 0.016593 0.029106
4 0.488889 0.667235 0.076562 0.029822
0 0.313012 0.079087 0.073088 0.027116
4 0.279697 0.667203 0.068981 0.027377
4 0.168993 0.744050 0.038121 0.031091
2 0.232465 0.628076 0.164371 0.030066
2 0.315660 0.233167 0.018876 0.028241
0 0.404013 0.277706 0.016894 0.029236
0 0.495394 0.079523 0.074425 0.027538
0 0.083344 0.275097 0.018517 0.033389
0 0.377337 0.233330 0.017205 0.030948
2 0.630387 0.078865 0.036658 0.026264
0 0.907208 0.966569 0.027025 0.030948
0 0.217509 0.277424 0.050308 0.028671
0 0.065297 0.080010 0.098826 0.028468
0 0.369825 0.276982 0.016710 0.030169
0 0.516878 0.548887 0.019274 0.033086
0 0.219324 0.079603 0.088776 0.027305
0 0.040298 0.274891 0.018498 0.033783
0 0.425581 0.079521 0.036858 0.024484
0 0.378041 0.079434 0.030466 0.025112
0 0.104827 0.275213 0.020224 0.034345
0 0.571138 0.079350 0.055100 0.027868
0 0.144867 0.079359 0.031716 0.026042
1 0.038124 0.356187 0.013452 0.025691
0 0.020235 0.464327 0.017803 0.030549
0 0.020000 0.232140 0.018250 0.030948
2 0.503445 0.465924 0.018266 0.029530
0 0.938891 0.963560 0.025322 0.025242
4 0.341916 0.666744 0.057142 0.028841
4 0.184716 0.666994 0.070462 0.029340
0 0.068712 0.505630 0.038871 0.028431
4 0.161550 0.550069 0.023507 0.028794
0 0.344937 0.150603 0.018090 0.029758
4 0.238054 0.149863 0.192526 0.030659
4 0.231969 0.706080 0.163560 0.028952
0 0.975366 0.963619 0.034647 0.026417
1 0.038371 0.386078 0.013705 0.024968
2 0.147183 0.277988 0.015039 0.029799
2 0.385081 0.276960 0.015515 0.030124
2 0.460203 0.277167 0.014778 0.030539
2 0.157940 0.232735 0.255654 0.032139
1 0.406069 0.626453 0.012542 0.024014
1 0.474713 0.626457 0.012362 0.023454
0 0.970303 0.079349 0.022349 0.027260
2 0.419720 0.276525 0.015732 0.031635
1 0.318940 0.626331 0.010844 0.026575
0 0.184943 0.505319 0.068905 0.029758
2 0.253196 0.467229 0.443707 0.029758
0 0.263518 0.503003 0.065393 0.022746
0 0.041175 0.026214 0.017207 0.040471
0 0.060841 0.357124 0.012291 0.030948
0 0.118609 0.508295 0.031957 0.028568
0 0.334931 0.505319 0.050393 0.029758
4 0.244285 0.549956 0.138274 0.030948
4 0.181293 0.356529 0.067601 0.032139
4 0.277778 0.357124 0.125369 0.030948
4 0.396694 0.356529 0.110005 0.032139
4 0.499017 0.357124 0.093412 0.030948
4 0.587820 0.357719 0.082965 0.029758
4 0.663717 0.357719 0.066372 0.024997
4 0.722099 0.356529 0.050393 0.029758
4 0.772493 0.358314 0.050393 0.028568
4 0.836099 0.358314 0.074361 0.028568
4 0.896940 0.359504 0.046091 0.028568
0 0.055198 0.187874 0.055868 0.034628
0 0.117771 0.191337 0.037991 0.024239
0 0.166264 0.191337 0.031286 0.029433
0 0.207607 0.191337 0.036203 0.031165
0 0.261911 0.190904 0.046483 0.025105
0 0.343703 0.188307 0.087602 0.025105
0 0.428623 0.188307 0.050952 0.028568
0 0.491195 0.188740 0.049164 0.025971
0 0.547734 0.190904 0.047823 0.023374
0 0.875596 0.025846 0.015317 0.038457
0 0.903392 0.024197 0.023258 0.037358
0 0.930054 0.025846 0.018720 0.027469
0 0.958986 0.025846 0.032335 0.042852