2 0.911291 0.063176 0.109086 0.033205
0 0.725569 0.110999 0.023220 0.037358
0 0.814843 0.064123 0.019267 0.033060
0 0.840362 0.064580 0.017215 0.033054
0 0.795480 0.112648 0.018676 0.040654
0 0.854100 0.496953 0.020227 0.038076
0 0.068046 0.967252 0.049334 0.025766
0 0.984051 0.010176 0.027913 0.020352
0 0.741786 0.824700 0.170379 0.104728
0 0.104549 0.932250 0.145902 0.025713
0 0.877890 0.936553 0.127518 0.024251
0 0.955368 0.311696 0.016081 0.026776
0 0.227149 0.843088 0.015084 0.037118
0 0.229015 0.655481 0.015638 0.023805
0 0.823817 0.552051 0.088897 0.164277
0 0.226231 0.765719 0.016462 0.034908
0 0.553176 0.824058 0.173273 0.103443
0 0.946447 0.009874 0.015242 0.019748
0 0.962492 0.010726 0.014366 0.021452
0 0.366357 0.824304 0.172936 0.101965
0 0.962586 0.009863 0.014659 0.019725
0 0.159035 0.044351 0.047212 0.025612
0 0.722432 0.553157 0.087815 0.164519
0 0.422643 0.550690 0.084427 0.163526
0 0.079177 0.895137 0.090858 0.024314
0 0.028990 0.145324 0.023395 0.036449
0 0.070186 0.147786 0.031533 0.037434
0 0.116214 0.147294 0.037127 0.040389
0 0.168345 0.144831 0.047808 0.037434
4 0.122063 0.765933 0.188180 0.036449
0 0.321687 0.550690 0.083918 0.163526
0 0.522327 0.548720 0.084427 0.165496
0 0.622521 0.552168 0.084427 0.162541
0 0.954633 0.402433 0.012206 0.030538
0 0.955905 0.553645 0.016784 0.053195
0 0.953616 0.703872 0.011189 0.026598
0 0.448151 0.317566 0.106649 0.028568
4 0.889872 0.146160 0.108161 0.035160
0 0.956717 0.144512 0.022124 0.036259
0 0.955015 0.825193 0.022124 0.061531
0 0.954447 0.938365 0.009644 0.026370
0 0.886799 0.199406 0.062684 0.032139
0 0.952249 0.196430 0.044862 0.035710