4 0.350533 0.376604 0.158414 0.031165
0 0.961724 0.965561 0.032841 0.028021
4 0.351430 0.450640 0.157136 0.031204
0 0.023984 0.965500 0.030908 0.029888
2 0.611089 0.451133 0.211183 0.032189
4 0.610083 0.714670 0.210512 0.032059
4 0.834004 0.713574 0.195763 0.029866
4 0.145481 0.714223 0.211853 0.031165
4 0.351013 0.305087 0.157970 0.030969
4 0.146152 0.377018 0.213194 0.031993
4 0.378117 0.715092 0.211853 0.032902
2 0.611001 0.305185 0.212249 0.031165
4 0.602033 0.377811 0.195773 0.030981
4 0.451337 0.305185 0.033234 0.031165
4 0.833669 0.305131 0.195093 0.033654
4 0.610754 0.785540 0.211853 0.030961
4 0.834674 0.786385 0.194422 0.034458
4 0.136095 0.450402 0.193081 0.033324
0 0.946665 0.101144 0.019858 0.035978
4 0.137772 0.306224 0.195093 0.030646
4 0.145817 0.787513 0.212523 0.032309
0 0.475735 0.305834 0.015683 0.029866
4 0.832328 0.376668 0.192411 0.028696
0 0.940121 0.713049 0.016551 0.029527
0 0.939872 0.303052 0.016871 0.030934
0 0.940358 0.784074 0.015596 0.030162
0 0.939125 0.375078 0.020189 0.029191
0 0.994298 0.964837 0.011404 0.031928
0 0.062625 0.074159 0.069097 0.025745
0 0.994104 0.078048 0.011669 0.026194
0 0.068000 0.201801 0.081194 0.037440
2 0.977973 0.195255 0.016297 0.026917
0 0.475542 0.448266 0.018659 0.031187
0 0.708148 0.376604 0.015589 0.028568
4 0.451193 0.448980 0.032180 0.030480
0 0.243539 0.306483 0.015332 0.033762
0 0.160566 0.201302 0.075758 0.038956
0 0.242357 0.197406 0.063690 0.036359
0 0.322473 0.198705 0.067042 0.033762
0 0.392532 0.201951 0.048941 0.035060
0 0.465272 0.201302 0.075087 0.044150
0 0.524269 0.200653 0.025476 0.037657
0 0.563154 0.201951 0.038884 0.035060
0 0.628520 0.200004 0.065031 0.028568
0 0.735452 0.199354 0.122017 0.040255
0 0.855122 0.196757 0.094529 0.032463
0 0.931885 0.200004 0.034862 0.033762
0 0.956020 0.200004 0.010727 0.031165
0 0.243028 0.449971 0.019442 0.029866
0 0.043130 0.026423 0.019219 0.028568
2 0.161571 0.026423 0.114865 0.025105
0 0.848530 0.025990 0.016537 0.031165
0 0.875123 0.025125 0.023241 0.029433
0 0.902163 0.026423 0.021007 0.033762
0 0.929650 0.025990 0.023241 0.036359
0 0.958702 0.022960 0.019666 0.035493