4 0.201755 0.631280 0.226196 0.034553
4 0.202337 0.567181 0.226655 0.033759
4 0.202005 0.598742 0.226398 0.035044
0 0.126101 0.779869 0.019966 0.032793
0 0.226387 0.782412 0.119583 0.032987
0 0.152020 0.780151 0.022303 0.033934
4 0.183645 0.156373 0.072162 0.029728
0 0.060454 0.779653 0.019116 0.032042
0 0.105588 0.779731 0.019688 0.032813
4 0.202112 0.662109 0.226004 0.032206
0 0.040517 0.779635 0.018690 0.032712
0 0.359619 0.782160 0.138935 0.035205
4 0.161853 0.378533 0.026452 0.030387
4 0.183663 0.196226 0.072342 0.030532
4 0.557207 0.537489 0.095026 0.028926
1 0.039645 0.629753 0.013623 0.026036
0 0.080150 0.779681 0.019961 0.032163
0 0.915497 0.974055 0.028808 0.032649
1 0.039714 0.597969 0.013961 0.026230
0 0.242786 0.195985 0.020746 0.030050
4 0.761046 0.378691 0.014641 0.030702
4 0.431429 0.664190 0.104974 0.033248
4 0.431078 0.599573 0.104271 0.032963
0 0.176261 0.081101 0.105257 0.026824
4 0.431240 0.632143 0.105352 0.032178
4 0.419223 0.156619 0.072889 0.032940
4 0.460946 0.379655 0.015038 0.030090
0 0.251325 0.080967 0.030528 0.023690
0 0.307683 0.081043 0.068083 0.024854
0 0.496545 0.783458 0.137687 0.032358
0 0.952210 0.969927 0.034737 0.028455
4 0.557819 0.600672 0.095292 0.032230
4 0.183676 0.337473 0.071345 0.031772
0 0.594601 0.781169 0.021321 0.031366
0 0.911185 0.083082 0.015901 0.026000
1 0.039665 0.661928 0.013603 0.025191
4 0.431381 0.537676 0.106392 0.032230
4 0.431370 0.569245 0.105611 0.029443
0 0.380089 0.080890 0.064013 0.025145
1 0.710695 0.598634 0.016807 0.028943
4 0.665608 0.570639 0.068830 0.030765
2 0.723300 0.081264 0.037298 0.026308
1 0.710647 0.567307 0.016438 0.028843
1 0.039712 0.567052 0.014159 0.025791
0 0.073987 0.081937 0.085234 0.027006
4 0.665608 0.601770 0.069586 0.031498
4 0.786191 0.567331 0.069470 0.032467
4 0.557636 0.567541 0.094925 0.034032
0 0.933700 0.083302 0.015625 0.026120
4 0.786438 0.598512 0.068452 0.033358
0 0.958906 0.081571 0.022180 0.024724
4 0.557499 0.665085 0.095408 0.030670
0 0.484326 0.081688 0.068308 0.025318
4 0.839255 0.569540 0.037114 0.031498
4 0.557068 0.633268 0.094547 0.031498
4 0.363384 0.598483 0.031445 0.032248
1 0.710549 0.630238 0.017270 0.029185
4 0.785304 0.661991 0.068452 0.032924
4 0.786060 0.630596 0.069208 0.033730
4 0.362901 0.568620 0.032209 0.028193
0 0.562546 0.081583 0.075824 0.025576
4 0.363453 0.662234 0.031043 0.032481
4 0.665419 0.633634 0.069208 0.030765
4 0.838871 0.631004 0.036955 0.032935
4 0.666175 0.663667 0.069964 0.029300
4 0.496779 0.664041 0.026998 0.032949
4 0.331273 0.598846 0.032821 0.031508
4 0.363289 0.630631 0.031472 0.032095
4 0.331298 0.662407 0.032633 0.032378
1 0.710583 0.535360 0.016583 0.030057
4 0.839270 0.600243 0.037752 0.029907
0 0.124895 0.276140 0.032191 0.031893
4 0.068118 0.661326 0.043353 0.031423
4 0.496949 0.602137 0.027171 0.033695
4 0.068430 0.630015 0.042562 0.032952
4 0.331208 0.567977 0.032592 0.029837
4 0.496929 0.632539 0.026930 0.028574
4 0.331281 0.630653 0.032773 0.032302
0 0.431510 0.081486 0.024543 0.023481
4 0.933677 0.663460 0.070780 0.034110
4 0.934032 0.631157 0.070167 0.032985
1 0.710714 0.662259 0.016484 0.029531
4 0.496923 0.568258 0.026512 0.032597
2 0.652405 0.081612 0.091391 0.027494
4 0.202320 0.537429 0.226930 0.030034
4 0.839282 0.663183 0.038361 0.033199
1 0.039648 0.535618 0.014530 0.027449
4 0.252439 0.337552 0.038197 0.030227
4 0.934065 0.567249 0.070346 0.032625
4 0.933799 0.598635 0.070164 0.033510
4 0.068605 0.597670 0.042512 0.031954
4 0.665040 0.539141 0.069964 0.032230
4 0.980865 0.566839 0.024401 0.032197
4 0.760884 0.337174 0.013561 0.029710
4 0.460844 0.336754 0.013837 0.031352
4 0.068773 0.566542 0.042146 0.030372
4 0.980943 0.630551 0.025343 0.032816
4 0.981037 0.598230 0.025415 0.033257
4 0.980849 0.663476 0.024872 0.034077
4 0.618107 0.600672 0.026969 0.032230
4 0.981003 0.535703 0.024052 0.032043
4 0.618235 0.633634 0.027091 0.032230
4 0.743703 0.630107 0.016262 0.032305
4 0.787085 0.536781 0.068989 0.030439
4 0.617895 0.567402 0.027034 0.030152
4 0.743703 0.661712 0.014749 0.032121
4 0.618194 0.663667 0.026814 0.029300
4 0.743892 0.598219 0.016640 0.032066
4 0.496810 0.536668 0.025557 0.030213
4 0.727547 0.632902 0.016806 0.030765
4 0.362787 0.538042 0.031726 0.031498
4 0.878737 0.568808 0.042045 0.030033
0 0.176328 0.273689 0.037131 0.028922
4 0.727765 0.662835 0.016370 0.029101
4 0.877999 0.631826 0.041143 0.031544
4 0.934064 0.536728 0.070044 0.030334
4 0.331454 0.538042 0.032177 0.032963
4 0.744443 0.536851 0.015538 0.027649
4 0.744146 0.567059 0.015376 0.031060
0 0.231157 0.273874 0.045054 0.027495
4 0.727649 0.602503 0.016602 0.030033
4 0.839647 0.538042 0.036372 0.030033
0 0.060402 0.275505 0.070235 0.028568
0 0.305169 0.274145 0.072342 0.034009
0 0.405254 0.278226 0.102542 0.036730
4 0.067425 0.535336 0.040736 0.025847
4 0.617200 0.537310 0.025717 0.031498
4 0.703237 0.722268 0.000378 0.000000
4 0.728008 0.569906 0.015884 0.030765
4 0.728387 0.537676 0.015884 0.032230
4 0.831064 0.747905 0.000378 0.000000
4 0.878527 0.538409 0.040088 0.029300
4 0.878716 0.599939 0.040466 0.032230
4 0.877770 0.664033 0.040088 0.028568
4 0.564254 0.782700 0.000000 0.000733
0 0.813556 0.027299 0.020783 0.038956
0 0.842049 0.026649 0.021453 0.037657
0 0.870542 0.028597 0.019442 0.041553
0 0.899705 0.027948 0.022794 0.037657
0 0.927527 0.027299 0.018101 0.038956
0 0.957026 0.027299 0.026146 0.044150
0 0.044248 0.027948 0.012068 0.035060