0 0.934114 0.973726 0.051703 0.027394
0 0.982491 0.974262 0.024381 0.024968
0 0.875483 0.973978 0.046699 0.025191
0 0.144178 0.169829 0.095914 0.027274
0 0.959858 0.029322 0.020883 0.036887
0 0.220361 0.087320 0.019887 0.027659
0 0.814799 0.974335 0.053993 0.025214
0 0.134543 0.974014 0.017176 0.025936
0 0.967354 0.402577 0.013674 0.025710
0 0.926809 0.350467 0.012885 0.023252
0 0.160113 0.972091 0.013289 0.024297
0 0.185012 0.973420 0.015654 0.026673
0 0.085222 0.974574 0.015541 0.028060
0 0.109392 0.974563 0.014952 0.027609
4 0.065669 0.129941 0.118696 0.025838
0 0.924246 0.910282 0.049646 0.027981
0 0.952511 0.350148 0.010975 0.022275
0 0.977619 0.349891 0.012869 0.023904
0 0.044018 0.029252 0.016790 0.032252
0 0.923854 0.861732 0.049336 0.027578
0 0.159856 0.128143 0.012947 0.028867
0 0.046667 0.169431 0.087872 0.028636
0 0.059556 0.974260 0.012943 0.026847
0 0.947122 0.403945 0.012321 0.027052
0 0.185367 0.128173 0.013746 0.028046
0 0.923468 0.778055 0.048538 0.027935
0 0.907643 0.351080 0.012304 0.022983
0 0.924036 0.544824 0.047803 0.025584
0 0.923731 0.739819 0.047874 0.026842
0 0.923664 0.816783 0.047909 0.025925
0 0.923126 0.583941 0.047286 0.025621
0 0.923774 0.622891 0.048174 0.027602
0 0.924158 0.501116 0.048387 0.028222
0 0.923652 0.662312 0.047188 0.025961
0 0.134148 0.129737 0.018261 0.028150
0 0.923550 0.704216 0.049656 0.023806
0 0.213274 0.351980 0.019469 0.020569
0 0.221829 0.403974 0.015339 0.023997
0 0.020059 0.086872 0.012979 0.027425
0 0.866236 0.032438 0.017018 0.031864
0 0.898854 0.032988 0.016451 0.026370
0 0.932607 0.032438 0.014749 0.025271
0 0.833050 0.032988 0.017586 0.026370
2 0.174722 0.031889 0.114590 0.030765