2 0.224879 0.795852 0.052343 0.033507
2 0.224950 0.827733 0.052263 0.033697
0 0.148495 0.934971 0.041817 0.036016
2 0.246821 0.234470 0.155797 0.032038
2 0.225037 0.765315 0.052023 0.031443
4 0.570330 0.858842 0.072905 0.031066
2 0.094390 0.077683 0.115545 0.033211
0 0.288052 0.934988 0.020195 0.034888
4 0.186501 0.501080 0.115563 0.032839
0 0.070740 0.935204 0.020272 0.033107
0 0.091807 0.935244 0.020181 0.033736
0 0.179608 0.934596 0.020786 0.036250
0 0.411653 0.076702 0.016879 0.027857
0 0.434489 0.076877 0.013774 0.025665
4 0.569479 0.765355 0.073153 0.032853
0 0.117461 0.935528 0.019168 0.033221
4 0.186673 0.433530 0.115066 0.031941
0 0.203679 0.078292 0.015136 0.025614
4 0.186737 0.467072 0.115504 0.032185
0 0.246885 0.181230 0.055253 0.023828
0 0.023619 0.934784 0.022066 0.036920
0 0.189580 0.180828 0.038276 0.024965
4 0.570019 0.827480 0.073674 0.031946
0 0.050155 0.935263 0.019729 0.034171
0 0.303537 0.180881 0.036678 0.025596
2 0.224907 0.858424 0.052152 0.031329
0 0.266977 0.934489 0.020314 0.034539
0 0.119520 0.182067 0.084304 0.026179
0 0.393340 0.077244 0.016811 0.027890
0 0.213332 0.934991 0.021434 0.035855
0 0.180279 0.077682 0.015208 0.026916
0 0.373248 0.181224 0.082126 0.025651
4 0.569528 0.796123 0.073609 0.032221
0 0.234168 0.934515 0.020427 0.035376
0 0.238389 0.078566 0.015205 0.025835
4 0.189791 0.333705 0.121590 0.032621
0 0.041788 0.181638 0.052002 0.024122
0 0.318166 0.076378 0.015203 0.025328
4 0.518199 0.859279 0.031986 0.031475
0 0.371186 0.076754 0.015079 0.026146
0 0.221189 0.078736 0.014918 0.025464
0 0.353344 0.076454 0.014462 0.024193
4 0.284312 0.467042 0.041730 0.031821
0 0.452413 0.075480 0.013425 0.024681
0 0.687827 0.466987 0.021945 0.035973
4 0.648756 0.858113 0.085864 0.030796
0 0.931048 0.015008 0.014549 0.025304
4 0.517967 0.827545 0.031868 0.031573
0 0.336284 0.076195 0.015530 0.024756
4 0.487142 0.859089 0.031768 0.030939
4 0.517971 0.796150 0.032020 0.031589
2 0.342279 0.501178 0.156594 0.030382
4 0.486983 0.827654 0.031793 0.031559
4 0.165720 0.400750 0.073859 0.031343
4 0.517852 0.765753 0.032045 0.031512
0 0.163413 0.077041 0.015732 0.027337
4 0.648547 0.827233 0.086281 0.032051
4 0.486868 0.796189 0.031797 0.031835
0 0.296787 0.076594 0.016665 0.027034
4 0.486740 0.765198 0.031873 0.032369
4 0.648374 0.765012 0.086627 0.033019
0 0.946290 0.015148 0.014724 0.025861
0 0.261431 0.077841 0.014671 0.025147
1 0.043006 0.858842 0.024355 0.028699
4 0.396472 0.366885 0.115839 0.033103
0 0.278463 0.077261 0.015184 0.025608
1 0.043149 0.827863 0.024412 0.030272
4 0.648407 0.796028 0.087434 0.032468
0 0.960371 0.014800 0.014214 0.025313
0 0.677203 0.567802 0.055491 0.035941
4 0.091231 0.828059 0.073994 0.032414
4 0.166509 0.366398 0.074641 0.032439
0 0.022219 0.077922 0.015076 0.027272
0 0.020786 0.732727 0.015242 0.025262
1 0.042854 0.764591 0.023523 0.030123
1 0.043068 0.796375 0.024204 0.030620
4 0.586180 0.233862 0.128847 0.032656
4 0.091155 0.858492 0.073540 0.030992
0 0.015511 0.028178 0.014193 0.020111
0 0.053135 0.033286 0.053601 0.024279
0 0.175541 0.032613 0.030519 0.021336
0 0.135939 0.032197 0.024237 0.022247
4 0.345369 0.332986 0.014305 0.032110
4 0.091453 0.796776 0.073854 0.032379
0 0.342673 0.033180 0.035311 0.021093
0 0.221931 0.032745 0.040250 0.022897
0 0.100859 0.033817 0.020236 0.025443
0 0.283948 0.032454 0.059745 0.020899
0 0.384325 0.032454 0.026981 0.026351
0 0.053329 0.267651 0.064859 0.030988
0 0.113432 0.266835 0.054482 0.029357
0 0.164454 0.266835 0.044969 0.029357
0 0.203586 0.267243 0.032430 0.028541
0 0.240988 0.267243 0.040645 0.030172
1 0.344475 0.467033 0.011242 0.020387
4 0.284700 0.532666 0.312910 0.032981
0 0.302172 0.267515 0.079128 0.030172
4 0.091596 0.765088 0.073940 0.030988
4 0.311252 0.765903 0.118909 0.032619
4 0.311252 0.796483 0.119773 0.030172
4 0.310748 0.827199 0.120206 0.031803
4 0.311396 0.858187 0.119773 0.030172
0 0.383174 0.764952 0.023782 0.030172
0 0.382742 0.796347 0.022917 0.029357
0 0.382958 0.827335 0.024214 0.030988
0 0.383390 0.859546 0.025079 0.026911
4 0.410631 0.765767 0.031132 0.033434
4 0.410847 0.797571 0.030700 0.031803
4 0.411280 0.828151 0.031565 0.030988
4 0.410631 0.859139 0.031132 0.029357
4 0.697958 0.764544 0.011675 0.030988
4 0.697525 0.795532 0.011675 0.030988
4 0.697525 0.828151 0.011675 0.032619
4 0.697741 0.858323 0.012107 0.029357
0 0.758481 0.982957 0.015487 0.027816
0 0.979720 0.980871 0.021386 0.029207
0 0.953171 0.979480 0.022861 0.031989