0 0.488169 0.111978 0.084289 0.035475
0 0.912374 0.970192 0.039277 0.044657
0 0.326607 0.114932 0.058771 0.040406
2 0.089027 0.112269 0.144934 0.043206
2 0.735149 0.110796 0.056768 0.034518
0 0.401468 0.112144 0.053951 0.034517
0 0.188608 0.113929 0.022147 0.035961
0 0.248338 0.112526 0.061902 0.035059
0 0.678130 0.112585 0.023171 0.033121
0 0.928870 0.113202 0.021647 0.035265
0 0.889240 0.112306 0.021870 0.033695
0 0.972304 0.111108 0.029495 0.032585
0 0.557918 0.110445 0.021228 0.034554
0 0.638641 0.112439 0.020541 0.025486
0 0.965602 0.969911 0.049349 0.038330
0 0.598107 0.111501 0.019244 0.026158
1 0.150805 0.364933 0.014228 0.025709