4 0.230824 0.536930 0.148605 0.037858
2 0.309176 0.164742 0.201987 0.036656
2 0.430764 0.537247 0.202247 0.036766
2 0.281267 0.888143 0.067625 0.032332
2 0.281185 0.922287 0.067275 0.034788
4 0.231428 0.413073 0.148605 0.036627
4 0.500321 0.329773 0.148152 0.035787
2 0.281042 0.854844 0.067507 0.032813
2 0.801448 0.088970 0.056659 0.028216
4 0.205357 0.329882 0.095322 0.035096
4 0.110661 0.855213 0.094796 0.034732
2 0.281661 0.821285 0.067326 0.033029
2 0.089568 0.088639 0.146145 0.034435
4 0.110596 0.822844 0.094101 0.033513
4 0.110986 0.888063 0.094747 0.034745
4 0.235813 0.289291 0.157165 0.034103
4 0.291867 0.454289 0.269482 0.036178
0 0.214957 0.089329 0.073051 0.028166
1 0.048781 0.888544 0.031463 0.030677
4 0.730235 0.164772 0.278428 0.036716
0 0.598112 0.089718 0.053398 0.028165
0 0.046168 0.207593 0.072412 0.033094
4 0.111226 0.921510 0.093796 0.035512
0 0.700382 0.089635 0.114169 0.030652
0 0.430106 0.089793 0.056965 0.028927
4 0.205589 0.370825 0.096717 0.034580
4 0.447770 0.922392 0.265816 0.035626
1 0.048699 0.855116 0.031116 0.031344
1 0.049073 0.922479 0.031445 0.033087
4 0.504852 0.454160 0.053008 0.035921
0 0.326996 0.089108 0.119160 0.029993
4 0.446854 0.888952 0.266109 0.034151
0 0.513753 0.088923 0.080260 0.028590
4 0.447970 0.855746 0.265943 0.035658
4 0.933163 0.855549 0.133674 0.035239
4 0.933368 0.822621 0.133263 0.035548
4 0.933212 0.888586 0.133576 0.035699
4 0.933208 0.922538 0.133584 0.036451
4 0.448210 0.823314 0.266012 0.033124
4 0.356583 0.578436 0.400590 0.036264
1 0.048714 0.822154 0.031062 0.030805
0 0.138155 0.206405 0.065851 0.030941
4 0.856506 0.822337 0.023509 0.034008
4 0.434929 0.289111 0.018576 0.036048
4 0.856824 0.922402 0.023206 0.035170
4 0.202002 0.855366 0.092556 0.034756
1 0.338679 0.495747 0.015049 0.020243
1 0.021920 0.856260 0.013950 0.019272
4 0.202139 0.888227 0.092647 0.034169
4 0.856840 0.888272 0.023316 0.032696
1 0.021920 0.889155 0.013950 0.021265
1 0.022385 0.923711 0.014880 0.021265
4 0.856762 0.855300 0.023465 0.032980
4 0.202113 0.822381 0.092506 0.033917
4 0.202033 0.922065 0.092223 0.035376
1 0.022152 0.823365 0.013485 0.021265
0 0.021614 0.782408 0.018334 0.029031
0 0.218652 0.206476 0.050554 0.028651
0 0.281097 0.206755 0.033866 0.030513
0 0.341836 0.208333 0.046382 0.037879
0 0.025811 0.022559 0.033923 0.040050