4 0.157950 0.296625 0.103437 0.023837
0 0.034253 0.132677 0.055876 0.023005
0 0.416476 0.974670 0.022871 0.036449
0 0.980770 0.012413 0.016390 0.022669
0 0.985193 0.132947 0.022988 0.024525
0 0.297981 0.974921 0.018236 0.029304
0 0.914359 0.010488 0.014994 0.017626
0 0.947715 0.011410 0.014110 0.020207
0 0.934144 0.055410 0.015976 0.027626
0 0.954114 0.055805 0.015088 0.025258
0 0.982515 0.054226 0.018639 0.025258
0 0.329061 0.975046 0.023609 0.038392
0 0.264306 0.975046 0.019562 0.033593
0 0.358404 0.976245 0.022934 0.040792
0 0.387071 0.975046 0.023609 0.047990
0 0.449129 0.974446 0.027656 0.049190
0 0.478808 0.973846 0.024958 0.045591
0 0.506127 0.976245 0.024283 0.045591
0 0.536144 0.972646 0.029005 0.043191
0 0.565486 0.971446 0.025632 0.045591
0 0.593817 0.971446 0.026981 0.045591
0 0.622822 0.969047 0.025632 0.045591
0 0.651827 0.971446 0.021585 0.045591
0 0.680495 0.972046 0.023609 0.037193
0 0.711523 0.972046 0.029005 0.039592
0 0.767173 0.972046 0.049916 0.044391
0 0.979202 0.975046 0.026981 0.043191
0 0.936369 0.974925 0.050590 0.050149
0 0.900956 0.973846 0.016189 0.031194
0 0.885441 0.975046 0.016189 0.028794
0 0.867566 0.976245 0.016863 0.035993
0 0.849354 0.976245 0.015514 0.031194
0 0.813266 0.975046 0.016189 0.031194
0 0.017656 0.973252 0.035024 0.053496
4 0.140673 0.973252 0.210144 0.053496
1 0.019855 0.237712 0.013615 0.024216
1 0.019571 0.265459 0.014182 0.029261