4 0.239628 0.358353 0.112004 0.041940
0 0.257992 0.096180 0.023483 0.041051
2 0.111833 0.091603 0.143817 0.040670
0 0.283151 0.096683 0.021019 0.040352
0 0.225346 0.095783 0.022820 0.043036
4 0.206093 0.397907 0.042766 0.037323
0 0.255867 0.026984 0.075089 0.029539
0 0.185472 0.027131 0.039187 0.026108
0 0.452050 0.096906 0.022918 0.040814
0 0.309055 0.096524 0.021115 0.040468
0 0.426619 0.096327 0.023009 0.040995
0 0.561080 0.097231 0.025518 0.043686
0 0.332041 0.027382 0.051500 0.026443
4 0.206031 0.441643 0.041758 0.040082
0 0.341800 0.097274 0.022350 0.040723
0 0.135058 0.026885 0.030906 0.025990
0 0.393431 0.027456 0.044936 0.026211
0 0.092324 0.026837 0.026606 0.027728
0 0.535359 0.097549 0.024763 0.042724
0 0.477944 0.097836 0.021461 0.040689
0 0.200242 0.094579 0.022860 0.041542
0 0.020307 0.095727 0.021603 0.039317
0 0.235480 0.441574 0.016474 0.038425
0 0.034373 0.024130 0.059810 0.032614
0 0.502435 0.098171 0.022216 0.041037
0 0.394281 0.096025 0.023561 0.043017
0 0.445655 0.028972 0.035456 0.032536
0 0.593318 0.095670 0.024647 0.040670
0 0.619046 0.096076 0.024214 0.044736