4 0.911298 0.929541 0.134738 0.041591
4 0.911499 0.851675 0.134929 0.041832
4 0.911397 0.890873 0.135120 0.041002
2 0.112495 0.092473 0.146005 0.044038
4 0.911766 0.968603 0.135343 0.041449
4 0.433696 0.930532 0.260484 0.042414
4 0.433970 0.891959 0.259968 0.041080
4 0.433082 0.969650 0.262026 0.043173
0 0.213634 0.026542 0.039561 0.025465
4 0.911592 0.812925 0.134282 0.040691
0 0.126676 0.277020 0.058972 0.040632
4 0.726418 0.524947 0.272093 0.042296
0 0.062540 0.027441 0.061039 0.027697
0 0.283435 0.097095 0.019751 0.039445
4 0.834080 0.969291 0.022631 0.040544
4 0.834101 0.929551 0.022775 0.040242
4 0.834038 0.890473 0.022793 0.039167
0 0.163206 0.027549 0.030651 0.025464
0 0.257584 0.096143 0.020644 0.038096
4 0.197954 0.399713 0.093334 0.038321
0 0.120473 0.027046 0.027062 0.027132
4 0.079217 0.889926 0.041666 0.041654
4 0.834057 0.852030 0.022528 0.041000
0 0.348382 0.027204 0.075969 0.026425
0 0.271499 0.027383 0.050837 0.025813
4 0.834175 0.812540 0.022917 0.040218
4 0.726976 0.401127 0.272298 0.039289
0 0.309161 0.096922 0.019648 0.039792
0 0.421722 0.027443 0.044470 0.024641
0 0.224993 0.095136 0.022119 0.040571
4 0.433834 0.852094 0.260889 0.043432
1 0.984266 0.813486 0.014144 0.025215
0 0.020261 0.096143 0.022134 0.039663
0 0.174408 0.922981 0.147618 0.027848
0 0.142798 0.989814 0.086658 0.020099
0 0.056216 0.278140 0.084471 0.037416
0 0.149240 0.958807 0.096033 0.029270
0 0.170054 0.886791 0.139777 0.027660
1 0.984852 0.851716 0.012107 0.023588
4 0.079477 0.929167 0.041115 0.041087
0 0.176388 0.849328 0.152231 0.030240
4 0.197837 0.441081 0.092122 0.040206
1 0.984206 0.931021 0.013399 0.024402
0 0.341419 0.095762 0.020956 0.036732
0 0.201939 0.094146 0.018646 0.040292
1 0.985068 0.970189 0.011675 0.026278
0 0.561047 0.097602 0.025278 0.043973
4 0.433251 0.812002 0.262078 0.042552
1 0.984205 0.891572 0.013400 0.026842
4 0.079847 0.967200 0.040292 0.040794
0 0.013781 0.022122 0.019583 0.028652
0 0.474246 0.028064 0.029289 0.033392
0 0.619878 0.096518 0.026183 0.043409
0 0.594139 0.094848 0.022632 0.040070
0 0.535233 0.097296 0.022917 0.043923
0 0.503524 0.096890 0.024647 0.043110
0 0.477364 0.098516 0.021620 0.044736
0 0.452213 0.098516 0.022917 0.043110
0 0.425837 0.097703 0.022917 0.039856
0 0.054410 0.213069 0.081723 0.042296
0 0.176057 0.212662 0.127557 0.041483
0 0.285957 0.211442 0.059671 0.040670
0 0.378274 0.212662 0.083452 0.036603
0 0.468644 0.210222 0.061832 0.041483
0 0.579986 0.213069 0.127124 0.039043
4 0.214180 0.482165 0.127124 0.038229
2 0.285957 0.482572 0.018161 0.037416
0 0.138727 0.520259 0.075669 0.029282
0 0.139159 0.558082 0.077399 0.030095
0 0.127701 0.593058 0.056211 0.026842
0 0.139375 0.630067 0.078696 0.027655
0 0.185642 0.666805 0.170364 0.030095
0 0.158185 0.704221 0.115449 0.030095
0 0.186290 0.740824 0.171661 0.031722
0 0.125539 0.777426 0.051023 0.030095
0 0.130079 0.813215 0.060103 0.028469
1 0.044251 0.813363 0.032002 0.041237
1 0.044032 0.852122 0.029835 0.039043
4 0.079272 0.811453 0.040645 0.039043
4 0.079489 0.850089 0.041078 0.038229
4 0.693562 0.811501 0.256843 0.042703
4 0.693562 0.851764 0.260734 0.042703
4 0.693886 0.891417 0.260086 0.036603
4 0.693562 0.928629 0.260734 0.037823
4 0.692913 0.968892 0.259437 0.040263