5 0.410850 0.371163 0.442190 0.164490
0 0.253372 0.861365 0.115135 0.045101
0 0.960360 0.972935 0.070882 0.044157
5 0.216397 0.683654 0.052706 0.042485
5 0.834599 0.636461 0.247562 0.046162
0 0.048655 0.105374 0.091545 0.046253
0 0.012557 0.971486 0.025114 0.043412
3 0.967281 0.104762 0.029429 0.040161
3 0.180683 0.104322 0.142575 0.035746
3 0.321755 0.103416 0.104283 0.034172
3 0.763924 0.684920 0.166000 0.044560
0 0.038626 0.252282 0.039964 0.039263
0 0.951632 0.635583 0.013261 0.035425
1 0.197251 0.736755 0.016863 0.034164