0 0.867955 0.973052 0.075928 0.043452
5 0.271082 0.713514 0.130147 0.039928
5 0.163258 0.184246 0.104921 0.039325
5 0.147107 0.231951 0.072363 0.038378
5 0.331402 0.471955 0.249352 0.038449
5 0.234551 0.615035 0.057293 0.038271
5 0.251283 0.425186 0.089292 0.042495
5 0.259026 0.182062 0.040831 0.040474
3 0.043785 0.095268 0.042880 0.032489
5 0.442507 0.423226 0.251870 0.037842
0 0.657354 0.421453 0.025860 0.043146
0 0.945144 0.973770 0.068016 0.044855
5 0.222603 0.663161 0.032944 0.042213
5 0.665978 0.229716 0.040951 0.039922
1 0.213171 0.518597 0.015218 0.033471
0 0.952438 0.098296 0.054295 0.040758
1 0.212572 0.568146 0.015486 0.034543
0 0.349768 0.329084 0.038297 0.039182