0 0.867118 0.972802 0.076569 0.039377
5 0.163264 0.181620 0.105095 0.039978
0 0.944449 0.973285 0.066687 0.037694
5 0.219159 0.565917 0.042769 0.042226
5 0.147072 0.230398 0.072184 0.038662
5 0.250931 0.711923 0.106006 0.040842
5 0.219473 0.517068 0.042650 0.041227
3 0.043756 0.092404 0.042744 0.032213
5 0.234246 0.615356 0.074211 0.038974
5 0.219429 0.469769 0.043032 0.041336
5 0.259028 0.179338 0.040839 0.040543
5 0.218931 0.421451 0.041426 0.042127
5 0.665646 0.228114 0.041871 0.040775
0 0.277778 0.326989 0.062023 0.037376
0 0.951803 0.095807 0.054748 0.040900