0 0.576569 0.223873 0.023731 0.040803
0 0.022511 0.323716 0.026123 0.042173
0 0.459045 0.223834 0.108247 0.045291
5 0.352847 0.373773 0.032299 0.044201
0 0.530311 0.223706 0.023564 0.040298
0 0.371315 0.875955 0.023425 0.043653
0 0.068980 0.875417 0.022961 0.043054
0 0.973676 0.971172 0.052187 0.035792
0 0.258014 0.223733 0.020825 0.040108
0 0.280828 0.223987 0.022689 0.041099
0 0.350630 0.223986 0.109309 0.043237
0 0.553563 0.223693 0.021128 0.039772
3 0.216366 0.103919 0.038622 0.031640
0 0.054997 0.104162 0.087042 0.034964
0 0.900741 0.971860 0.078926 0.041616
5 0.267599 0.374336 0.139271 0.045531
3 0.148485 0.103241 0.084963 0.033693
0 0.975708 0.104523 0.048155 0.034772
0 0.044897 0.223719 0.022945 0.042024
0 0.068366 0.223735 0.022649 0.041310
0 0.120671 0.325593 0.022058 0.042927
5 0.166673 0.224494 0.159615 0.044664
0 0.045341 0.875577 0.023184 0.042830
0 0.914827 0.104667 0.061096 0.034280
5 0.341012 0.876346 0.038847 0.046914