0 0.622185 0.224452 0.025027 0.041165
0 0.257790 0.224165 0.021304 0.040536
0 0.045674 0.876187 0.022839 0.039501
0 0.599213 0.224141 0.020943 0.039598
0 0.021941 0.324399 0.025632 0.044317
0 0.281225 0.224337 0.022518 0.041172
0 0.068769 0.875917 0.022422 0.040154
0 0.703243 0.971115 0.063428 0.042404
0 0.459893 0.223875 0.108807 0.044997
0 0.379701 0.375885 0.022939 0.040544
5 0.269233 0.526727 0.137492 0.043146
0 0.351674 0.223356 0.108338 0.043148
5 0.269234 0.675942 0.137237 0.046801
0 0.973925 0.968378 0.047657 0.033115
0 0.772646 0.971913 0.061979 0.033394
3 0.216339 0.103961 0.037909 0.031839
0 0.531249 0.225010 0.026201 0.044975
5 0.353575 0.526098 0.032823 0.041888
5 0.269861 0.427327 0.139715 0.042839
0 0.371113 0.876006 0.023819 0.041748
0 0.068675 0.224258 0.022664 0.042390
0 0.054822 0.104181 0.086921 0.034951
0 0.576186 0.224358 0.024149 0.041016
5 0.268968 0.625839 0.137648 0.042756
0 0.847144 0.970765 0.073400 0.032982
0 0.916873 0.969108 0.047840 0.031357
0 0.975276 0.104092 0.048108 0.036061
5 0.339930 0.876158 0.037402 0.042963
0 0.044786 0.224561 0.023568 0.043617
5 0.165803 0.224426 0.160169 0.043437
5 0.268904 0.376855 0.137800 0.043194
0 0.914552 0.103694 0.060853 0.036696
5 0.352891 0.626454 0.032187 0.040927
3 0.148543 0.103485 0.084012 0.034326
0 0.120197 0.328158 0.022679 0.040937
5 0.351970 0.376323 0.030268 0.041154