0 0.282489 0.222888 0.022631 0.040041
0 0.070745 0.873214 0.021735 0.038051
0 0.771346 0.971106 0.059964 0.034241
0 0.048626 0.873072 0.020294 0.038590
0 0.494379 0.472222 0.024178 0.041100
0 0.026540 0.320802 0.023620 0.041977
0 0.531113 0.222099 0.023649 0.040817
5 0.301814 0.623847 0.200013 0.044132
0 0.577884 0.221844 0.023645 0.041301
0 0.373200 0.873502 0.022808 0.043049
5 0.221232 0.674913 0.037218 0.042337
0 0.259451 0.222497 0.022016 0.039065
5 0.252071 0.572369 0.100463 0.044103
0 0.702695 0.968502 0.062343 0.040242
0 0.915419 0.970220 0.049026 0.032304
0 0.353337 0.221174 0.107255 0.042797
3 0.666877 0.373047 0.131715 0.043664
0 0.554828 0.221885 0.021350 0.040314
0 0.460158 0.221436 0.107355 0.045234
0 0.845314 0.970319 0.073580 0.036447
0 0.972181 0.970353 0.049334 0.033076
0 0.048214 0.221674 0.022767 0.040562
5 0.267671 0.522814 0.131215 0.041363
0 0.072226 0.222023 0.024193 0.040377
0 0.096091 0.874536 0.019220 0.036027
0 0.058799 0.101579 0.086798 0.033565
5 0.320512 0.472087 0.234423 0.046351
3 0.219560 0.101445 0.037009 0.031352
0 0.974005 0.102237 0.047945 0.034058
5 0.169124 0.223023 0.161850 0.044854
0 0.913534 0.101867 0.059238 0.033229
5 0.342225 0.876476 0.036294 0.042843
5 0.396109 0.725965 0.387858 0.045295
3 0.150886 0.102071 0.082970 0.033590
0 0.162690 0.325243 0.018032 0.037627
0 0.248011 0.674870 0.018220 0.040246
5 0.455597 0.519966 0.037744 0.043825
5 0.456228 0.471227 0.037678 0.039208
0 0.249105 0.372854 0.016863 0.044617
5 0.218299 0.371617 0.029920 0.041464
0 0.080773 0.322813 0.045984 0.037828
0 0.271034 0.374076 0.018093 0.044021
0 0.123406 0.322055 0.023218 0.035424