0 0.460688 0.900658 0.110183 0.049745
0 0.576664 0.900980 0.025849 0.045113
0 0.646343 0.200208 0.024715 0.045374
0 0.351369 0.901725 0.109309 0.048937
0 0.600664 0.900886 0.023877 0.043005
0 0.020544 0.308803 0.025552 0.048149
0 0.623764 0.901119 0.024522 0.044284
3 0.218053 0.106147 0.036939 0.034542
0 0.532940 0.900628 0.027175 0.050167
0 0.281202 0.900942 0.022597 0.043539
0 0.068126 0.901922 0.023670 0.042867
0 0.592918 0.200840 0.023519 0.045144
0 0.616943 0.200505 0.024213 0.044377
3 0.235432 0.200669 0.145910 0.047092
0 0.043697 0.900878 0.023378 0.043141
0 0.978086 0.106439 0.043827 0.035757
0 0.257854 0.901232 0.023736 0.042151
3 0.165993 0.468779 0.148321 0.047105
5 0.421829 0.200017 0.048077 0.045412
5 0.197431 0.416945 0.085120 0.044308
3 0.081786 0.200493 0.147158 0.047416
0 0.916961 0.107903 0.062377 0.038257
5 0.478960 0.415382 0.131208 0.047391
3 0.147950 0.106859 0.084786 0.037229
0 0.083553 0.307623 0.058159 0.046950
5 0.478318 0.360603 0.131350 0.045556
5 0.733951 0.418626 0.199831 0.048885
5 0.870177 0.199891 0.029577 0.044007
0 0.053608 0.106535 0.087565 0.036474
5 0.893170 0.200149 0.019721 0.043662
5 0.356312 0.199935 0.086250 0.047182
5 0.197521 0.363604 0.084003 0.045362
5 0.165306 0.901642 0.162311 0.048316
5 0.467529 0.683638 0.127014 0.050872
5 0.733881 0.362205 0.201134 0.046499
5 0.642620 0.683897 0.119489 0.052033
5 0.467418 0.811763 0.125540 0.045833
0 0.039592 0.474021 0.016345 0.032390
5 0.389555 0.810496 0.033660 0.040968
5 0.356390 0.810428 0.035296 0.040863
1 0.571163 0.686662 0.021319 0.039147
1 0.357469 0.685275 0.016863 0.031427
5 0.209044 0.769081 0.263630 0.042105
5 0.571166 0.810515 0.026131 0.039794
1 0.076276 0.471871 0.015458 0.032074
5 0.642432 0.729903 0.118176 0.039946
5 0.641348 0.811646 0.118132 0.046294
5 0.467031 0.768873 0.126383 0.048042
5 0.209146 0.727154 0.265300 0.041747
0 0.054720 0.683376 0.038221 0.038792
5 0.389359 0.770806 0.033976 0.041417
5 0.543778 0.810563 0.029808 0.039936
5 0.356258 0.770534 0.035215 0.042234
5 0.207739 0.809386 0.264367 0.048944
1 0.390669 0.684112 0.013702 0.031427
5 0.466818 0.725433 0.125949 0.041903
5 0.641600 0.768500 0.118571 0.044231