0 0.110196 0.907215 0.025319 0.031888
0 0.060284 0.906479 0.023966 0.032531
5 0.197841 0.300188 0.091341 0.032484
0 0.084862 0.906799 0.023908 0.030735
0 0.139111 0.907749 0.021899 0.032855
0 0.284268 0.077736 0.018375 0.028036
5 0.381202 0.299543 0.049718 0.033340
0 0.519548 0.075774 0.017740 0.026693
0 0.279593 0.906944 0.024532 0.034723
0 0.319414 0.907434 0.025038 0.034903
0 0.263315 0.078150 0.018009 0.027108
3 0.112169 0.078893 0.139414 0.031425
5 0.198396 0.334804 0.090532 0.033173
0 0.345130 0.907037 0.024557 0.037092
0 0.254905 0.906157 0.024737 0.035750
5 0.221203 0.368960 0.136910 0.031183
0 0.380449 0.074903 0.019044 0.026631
0 0.214357 0.075734 0.018319 0.027041
0 0.027963 0.907261 0.028105 0.037962
0 0.310769 0.076425 0.022533 0.029389
0 0.468811 0.076715 0.020201 0.027981
0 0.242229 0.077507 0.018697 0.027734
0 0.214766 0.907108 0.024489 0.031867
0 0.222979 0.180995 0.046118 0.026445
0 0.139817 0.182226 0.095499 0.026223
5 0.259529 0.402991 0.214926 0.033959
5 0.880765 0.793217 0.129186 0.034671
0 0.492235 0.076356 0.021163 0.027711
5 0.882239 0.762179 0.127925 0.034977
5 0.109043 0.761891 0.089232 0.034405
1 0.952002 0.701105 0.013524 0.021069
1 0.951970 0.733108 0.014452 0.021955
3 0.269923 0.794238 0.062913 0.036964
5 0.220929 0.436217 0.136110 0.031271
5 0.880525 0.826241 0.129102 0.033901
0 0.353905 0.075686 0.020046 0.029077
0 0.444331 0.076127 0.019822 0.027520
0 0.442875 0.181416 0.087320 0.025537
5 0.108716 0.793554 0.088816 0.032781
0 0.288702 0.181288 0.064707 0.024992
0 0.540797 0.075121 0.016314 0.025587
0 0.069119 0.236131 0.074483 0.031915
0 0.047871 0.180750 0.064126 0.027592
0 0.332481 0.076255 0.018642 0.029377
0 0.597251 0.975962 0.033743 0.028095
0 0.177286 0.908275 0.050470 0.033331
0 0.135921 0.235440 0.055048 0.031206
1 0.951972 0.796702 0.014448 0.022903
0 0.401353 0.075543 0.020323 0.026266
5 0.882167 0.731385 0.128744 0.033216
5 0.109035 0.668919 0.086888 0.034006
5 0.881555 0.669106 0.126556 0.035485
5 0.109648 0.825700 0.087679 0.033434
1 0.952401 0.669307 0.014456 0.023339
0 0.352713 0.180949 0.040315 0.028339
5 0.881796 0.700472 0.127038 0.032961
0 0.422284 0.075824 0.018655 0.026346
5 0.109048 0.700165 0.088291 0.031754
5 0.109015 0.731187 0.088207 0.032653
1 0.951884 0.827144 0.013760 0.023412
1 0.951789 0.765354 0.013950 0.021955
0 0.026583 0.077187 0.018904 0.028396
0 0.194439 0.076439 0.019970 0.025320
5 0.705324 0.436222 0.262084 0.034623
3 0.268458 0.763068 0.062517 0.030620
3 0.268950 0.826690 0.063562 0.033811
0 0.989932 0.665379 0.015678 0.021632
3 0.269292 0.730522 0.062250 0.030731
5 0.425936 0.795161 0.250411 0.033180
5 0.704028 0.335564 0.266450 0.037004
5 0.423963 0.699843 0.254248 0.033961
5 0.425350 0.827455 0.251832 0.031903
5 0.808567 0.826975 0.020747 0.030855
0 0.984586 0.978676 0.028825 0.028250
3 0.271229 0.668516 0.062931 0.030902
5 0.808101 0.794288 0.020664 0.029311
3 0.268059 0.699826 0.059994 0.031420
5 0.425332 0.670512 0.251797 0.030874
5 0.808159 0.764268 0.021200 0.034402
5 0.808159 0.731012 0.022163 0.032109
5 0.807677 0.700815 0.022163 0.032873
5 0.807677 0.668706 0.021200 0.032873
1 0.052230 0.669900 0.028106 0.031217
1 0.051599 0.826187 0.028538 0.028816
1 0.052248 0.796685 0.028970 0.032932
1 0.051167 0.763410 0.028538 0.030874
1 0.051599 0.732536 0.028538 0.029502
1 0.051383 0.699947 0.028970 0.031560
5 0.424612 0.731746 0.249060 0.033961
5 0.425585 0.763649 0.249708 0.033961