0 0.967514 0.958391 0.035996 0.033885
0 0.935496 0.656339 0.034273 0.033293
0 0.900377 0.655926 0.029573 0.034600
0 0.494994 0.576368 0.068744 0.040469
0 0.083020 0.135513 0.046116 0.044228
0 0.377033 0.213673 0.015040 0.029489
0 0.607944 0.214798 0.015892 0.032505
3 0.958369 0.127876 0.020695 0.035237
0 0.723726 0.212387 0.016348 0.033059
0 0.262162 0.215047 0.015655 0.035103
0 0.261844 0.713224 0.016150 0.032879
0 0.634467 0.355174 0.021152 0.039165
0 0.377337 0.711885 0.016337 0.029938
0 0.492746 0.215291 0.015918 0.032426
0 0.146254 0.711933 0.017446 0.033800
4 0.094789 0.654105 0.123961 0.039640
0 0.441111 0.821025 0.113606 0.219204
0 0.146281 0.216678 0.014314 0.034292
3 0.928584 0.129179 0.016700 0.035191