0 0.938117 0.088484 0.014920 0.029214
0 0.164007 0.087223 0.017174 0.030756
0 0.915302 0.088359 0.015649 0.029163
0 0.977037 0.087599 0.044631 0.031044
0 0.187773 0.086937 0.017489 0.031313
0 0.258956 0.087070 0.016755 0.030314
0 0.235512 0.086738 0.016647 0.030054
0 0.392540 0.087624 0.076091 0.029954
0 0.891568 0.088394 0.016240 0.029262
0 0.141110 0.088057 0.015932 0.028109
0 0.310134 0.087507 0.071481 0.030607
0 0.211983 0.086263 0.014607 0.030586
0 0.473814 0.087401 0.070402 0.030380
0 0.117479 0.089266 0.015874 0.025400
3 0.624218 0.086626 0.034605 0.028351
0 0.093397 0.088440 0.015862 0.024987
0 0.558814 0.087536 0.082980 0.029392
1 0.025872 0.634185 0.013404 0.029679
0 0.069864 0.088086 0.013818 0.026723
0 0.046796 0.087785 0.015871 0.027323
1 0.025962 0.595493 0.014450 0.027902
1 0.026144 0.751206 0.013085 0.029702
1 0.026520 0.362374 0.012972 0.027902
1 0.025872 0.479384 0.011675 0.026102
1 0.025655 0.869116 0.012972 0.026102
1 0.026088 0.905569 0.013837 0.028802