5 0.460968 0.796437 0.066162 0.053139
5 0.461071 0.973511 0.065707 0.047466
5 0.458150 0.736437 0.058122 0.049308
5 0.458003 0.915022 0.057585 0.053056
0 0.922017 0.259668 0.027353 0.053284
0 0.151642 0.803376 0.066649 0.055105
5 0.458063 0.857004 0.057414 0.049132
5 0.457632 0.676560 0.057176 0.050198
0 0.427287 0.378634 0.024541 0.051697
0 0.056584 0.804711 0.113168 0.058401
0 0.381180 0.502627 0.044575 0.042742
5 0.081365 0.504087 0.159001 0.050362
5 0.080889 0.550794 0.158703 0.048309
0 0.511072 0.125601 0.118076 0.041932
0 0.974169 0.125994 0.050731 0.041847
0 0.382250 0.126184 0.126360 0.043528
5 0.080481 0.458197 0.158791 0.052745
0 0.628545 0.126165 0.104590 0.043292
0 0.167219 0.199959 0.023765 0.045501
5 0.753414 0.259832 0.299971 0.055059
0 0.400229 0.378124 0.025433 0.052597
0 0.400364 0.319492 0.024279 0.050512
5 0.080953 0.692739 0.158142 0.056345
0 0.139631 0.199300 0.023380 0.046178
0 0.227045 0.125792 0.167289 0.043642
5 0.081819 0.598193 0.160488 0.052483
5 0.080019 0.645787 0.159908 0.044830
5 0.205435 0.597005 0.091658 0.049827
5 0.080303 0.409510 0.160606 0.048897
5 0.205168 0.409835 0.091437 0.048245
0 0.078794 0.123409 0.103964 0.040988
5 0.205129 0.454664 0.090929 0.051091
0 0.010786 0.199450 0.021572 0.050043
0 0.746981 0.125693 0.119145 0.042583
3 0.836002 0.124806 0.040638 0.039168
5 0.205660 0.364054 0.092432 0.048953
3 0.787014 0.676767 0.137411 0.051274
5 0.204464 0.549954 0.090761 0.048420
3 0.052034 0.198937 0.035860 0.048490
0 0.111701 0.198615 0.023963 0.047594
3 0.546258 0.559364 0.248743 0.051618
5 0.204902 0.503587 0.091013 0.048955
0 0.084178 0.197973 0.023379 0.049384
3 0.786938 0.738967 0.137408 0.050317
3 0.787023 0.918071 0.137722 0.052112
5 0.205203 0.643418 0.089760 0.048420
5 0.205321 0.691176 0.088838 0.052500
3 0.786545 0.976118 0.137491 0.047763
5 0.081090 0.365135 0.162180 0.048399
3 0.786854 0.858000 0.136873 0.052412
5 0.080613 0.943589 0.157379 0.051884
5 0.205067 0.946123 0.091315 0.054919
3 0.787202 0.797807 0.137602 0.052469
5 0.491208 0.259389 0.202520 0.055549
0 0.306169 0.500766 0.067658 0.041043
1 0.683743 0.558748 0.018846 0.040590
3 0.215135 0.198318 0.071126 0.048326