1 0.030469 0.393393 0.011820 0.021643
1 0.030528 0.731507 0.011798 0.020547
1 0.030449 0.705681 0.012170 0.020393
1 0.030341 0.653492 0.012317 0.020424
1 0.939799 0.395067 0.010228 0.018770
1 0.519560 0.367573 0.011359 0.020934
1 0.030335 0.679496 0.012317 0.020703
1 0.920085 0.732086 0.011258 0.018764
1 0.920151 0.367297 0.011221 0.019516
1 0.519778 0.393848 0.010548 0.020159
1 0.939914 0.367100 0.010350 0.018169
1 0.030398 0.419600 0.011225 0.020476
1 0.030506 0.315671 0.012433 0.022750
1 0.920330 0.393922 0.010896 0.019506
1 0.519414 0.732597 0.010650 0.019233
1 0.030557 0.366539 0.012221 0.021347
5 0.431721 0.419258 0.071116 0.028389
1 0.920202 0.679868 0.010724 0.018726
1 0.939867 0.420096 0.010190 0.019088
5 0.805831 0.471172 0.042581 0.027363
1 0.030711 0.341463 0.012198 0.020438
5 0.805918 0.419421 0.042860 0.027265
1 0.519772 0.419316 0.010356 0.020730
1 0.030633 0.757997 0.011484 0.019695
5 0.431574 0.393580 0.071461 0.026909
0 0.065285 0.218585 0.087355 0.029389
5 0.805813 0.367964 0.043645 0.027449
1 0.519452 0.706139 0.010655 0.019350
1 0.920198 0.705494 0.010945 0.018861
1 0.920213 0.419241 0.010327 0.018851
1 0.940542 0.732253 0.010835 0.018478
1 0.920040 0.783888 0.010476 0.020685
5 0.805998 0.393702 0.042959 0.025695
5 0.557813 0.418653 0.058612 0.027918
1 0.920105 0.627491 0.009573 0.019500
1 0.030517 0.783371 0.011166 0.020427
5 0.431620 0.368073 0.071153 0.028460
1 0.940479 0.679552 0.010892 0.018674
5 0.805825 0.445561 0.042830 0.025486
5 0.613826 0.419735 0.056297 0.028150
0 0.103733 0.059343 0.056021 0.021437
1 0.920044 0.757345 0.010917 0.019057
0 0.148560 0.059644 0.025625 0.021063
5 0.432163 0.471331 0.070692 0.028053
1 0.940595 0.706730 0.010858 0.018232
1 0.939976 0.445808 0.010093 0.021526
5 0.757187 0.419497 0.057497 0.027145
5 0.431834 0.445963 0.071114 0.027015
1 0.519459 0.757968 0.010356 0.020317
5 0.858826 0.419113 0.065191 0.028464
1 0.519683 0.445654 0.010072 0.022616
5 0.557178 0.367359 0.057246 0.027067
0 0.180502 0.059639 0.027707 0.021593
1 0.519638 0.679885 0.010465 0.019318
1 0.030352 0.628341 0.012444 0.020417
5 0.613546 0.368756 0.055554 0.027416
5 0.806318 0.575595 0.042495 0.027565
5 0.757169 0.471261 0.057568 0.027537
5 0.557654 0.392885 0.058355 0.026052
1 0.030794 0.575083 0.012850 0.022381
1 0.497436 0.367431 0.013757 0.021553
5 0.757010 0.394040 0.057390 0.026347
0 0.047531 0.059691 0.048972 0.021475
5 0.154882 0.419816 0.144088 0.029332
1 0.030301 0.446002 0.011155 0.022362
5 0.613709 0.393896 0.056193 0.026377
1 0.718371 0.394871 0.011878 0.020778
0 0.220628 0.059505 0.043338 0.021201
5 0.806268 0.601128 0.042369 0.027679
5 0.155437 0.368433 0.143424 0.029836
1 0.920205 0.341898 0.011010 0.017970
5 0.155007 0.393922 0.141675 0.028803
5 0.431838 0.732558 0.070760 0.026043
5 0.557791 0.445623 0.058577 0.026695
5 0.756610 0.367884 0.056945 0.028066
5 0.858889 0.393627 0.065337 0.026607
1 0.518942 0.342223 0.012608 0.019649
5 0.805999 0.757782 0.042737 0.028429
5 0.557702 0.471218 0.058798 0.027704
1 0.030772 0.526984 0.012944 0.022240
1 0.030614 0.601016 0.012493 0.020782
1 0.497205 0.731937 0.012741 0.018858
5 0.757290 0.445749 0.057699 0.025977
5 0.805825 0.524915 0.042883 0.026727
5 0.805775 0.809345 0.042414 0.028559
5 0.805461 0.341715 0.043655 0.026868
0 0.278143 0.059049 0.063845 0.021375
0 0.344412 0.059427 0.059471 0.021657
5 0.613885 0.472027 0.056547 0.027021
1 0.030429 0.497954 0.012837 0.023949
5 0.154418 0.446336 0.142273 0.027835
1 0.940496 0.757659 0.010820 0.019153
5 0.432078 0.757988 0.071860 0.029749
5 0.806096 0.732433 0.042392 0.025486
1 0.497097 0.393866 0.013062 0.020764
1 0.519387 0.784737 0.010383 0.022238
1 0.717937 0.369230 0.012143 0.021845
5 0.805560 0.628358 0.042147 0.028757
5 0.858966 0.368324 0.065090 0.028240
1 0.920260 0.445456 0.009822 0.021007
1 0.519362 0.472189 0.010374 0.023172
0 0.186080 0.220359 0.145509 0.028131
1 0.939773 0.494332 0.010631 0.020580
5 0.431914 0.601541 0.070411 0.028091
5 0.155492 0.733000 0.140871 0.028216
1 0.497324 0.680729 0.012904 0.019086
5 0.757784 0.601191 0.057247 0.027855
1 0.920175 0.655134 0.010028 0.016880
5 0.613587 0.628584 0.055445 0.030774
5 0.806056 0.706126 0.042463 0.028258
5 0.613815 0.446316 0.056697 0.026443
1 0.717858 0.708125 0.011833 0.020391
5 0.155600 0.758439 0.141086 0.030188
1 0.939977 0.470809 0.010320 0.020240
5 0.432198 0.575700 0.070112 0.028095
5 0.757743 0.575690 0.057301 0.027710
1 0.519455 0.498008 0.011030 0.024711
1 0.940173 0.523601 0.010877 0.019647
5 0.154782 0.471792 0.143889 0.028221
1 0.030457 0.835270 0.011910 0.022180
5 0.432057 0.706219 0.071446 0.029240
5 0.557923 0.628335 0.058043 0.031060
5 0.805780 0.498281 0.042975 0.028896
1 0.030285 0.472304 0.011870 0.022581
5 0.757783 0.628349 0.057328 0.029089
5 0.431816 0.628932 0.070664 0.029515
5 0.676116 0.419385 0.071396 0.028841
1 0.919829 0.811040 0.010650 0.022147
1 0.940488 0.783558 0.010822 0.020772
1 0.497147 0.418973 0.013099 0.021132
5 0.613680 0.575867 0.054889 0.028894
5 0.806185 0.549256 0.042518 0.027111
1 0.718682 0.420010 0.011407 0.021460
3 0.489118 0.059616 0.029245 0.021680
1 0.920187 0.600773 0.009881 0.020329
5 0.613311 0.600776 0.055514 0.028610
1 0.030432 0.810545 0.011366 0.022197
5 0.858947 0.628414 0.064737 0.029880
5 0.154729 0.628752 0.142895 0.031398
5 0.859004 0.471658 0.064529 0.027770
5 0.189877 0.121729 0.168942 0.026849
5 0.858858 0.446324 0.064990 0.027422
5 0.675745 0.393557 0.071333 0.027394
1 0.497187 0.706046 0.012503 0.020451
5 0.613016 0.342497 0.054859 0.028066
1 0.718076 0.734206 0.011585 0.019581
1 0.030791 0.549385 0.012968 0.022846
0 0.407754 0.059756 0.057792 0.021671
5 0.757584 0.524858 0.057863 0.026695
1 0.519738 0.627909 0.009623 0.020389
5 0.477119 0.471517 0.020902 0.026636
5 0.312524 0.758129 0.170142 0.031275
5 0.858846 0.757974 0.064997 0.028864
5 0.155772 0.576622 0.144359 0.027293
5 0.154577 0.706799 0.142591 0.030434
5 0.858810 0.601314 0.064894 0.027971
1 0.940515 0.861012 0.013590 0.021165
1 0.920007 0.472076 0.010085 0.021387
1 0.940486 0.656746 0.011187 0.017513
5 0.558008 0.600789 0.057925 0.028276
5 0.310488 0.628371 0.173971 0.033221
1 0.519511 0.600639 0.009733 0.021016
1 0.940440 0.853814 0.012475 0.020499
5 0.757392 0.549565 0.057198 0.026945
5 0.432413 0.523967 0.070354 0.028194
5 0.432162 0.809634 0.070400 0.029234
1 0.718461 0.758880 0.011347 0.021233
5 0.153810 0.342443 0.142642 0.029498
1 0.519132 0.526476 0.011720 0.021955
5 0.310772 0.575340 0.170741 0.030267
5 0.757247 0.732610 0.058031 0.026080
5 0.613714 0.524981 0.055985 0.027257
5 0.613431 0.757768 0.055537 0.029797
5 0.557704 0.809829 0.058970 0.028767
5 0.557945 0.757450 0.059417 0.028091
5 0.431537 0.344341 0.071003 0.026934
5 0.805839 0.785386 0.042574 0.026355
5 0.858886 0.575563 0.064928 0.027860
1 0.519617 0.655182 0.010318 0.018820
5 0.757402 0.758169 0.058561 0.027762
1 0.497634 0.340708 0.014500 0.021179
1 0.718244 0.628227 0.011626 0.021506
5 0.858789 0.733338 0.065038 0.025519
1 0.519449 0.810727 0.010477 0.023001
5 0.155678 0.601254 0.144548 0.029987
5 0.558432 0.576107 0.057374 0.028586
5 0.310635 0.600992 0.170126 0.031293
5 0.477183 0.419171 0.021942 0.025913
5 0.613401 0.707622 0.055512 0.031858
5 0.154743 0.524994 0.142868 0.027624
1 0.717793 0.680737 0.012038 0.019979
1 0.940537 0.628169 0.011161 0.018927
5 0.432058 0.498560 0.071979 0.028800
5 0.806197 0.860206 0.041890 0.026771
5 0.859035 0.810119 0.064527 0.028817
1 0.939728 0.528260 0.011375 0.019437
5 0.757211 0.810212 0.058150 0.026873
1 0.718360 0.600771 0.011479 0.021982
5 0.557245 0.340306 0.057746 0.026304
5 0.675175 0.367969 0.070942 0.028078
5 0.858742 0.706689 0.065372 0.029609
5 0.858975 0.344189 0.064844 0.027953
5 0.432145 0.549583 0.071580 0.027594
1 0.718712 0.445697 0.011196 0.022429
5 0.613568 0.549180 0.055445 0.028127
1 0.940064 0.340829 0.010881 0.017852
5 0.675778 0.471114 0.070297 0.028226
1 0.940138 0.551627 0.011771 0.021356
5 0.558008 0.705712 0.058731 0.027831
5 0.757370 0.706214 0.058564 0.028068
5 0.859187 0.525051 0.063547 0.027255
5 0.676257 0.446409 0.070962 0.027826
1 0.940572 0.811066 0.012392 0.021493
1 0.940249 0.574355 0.011225 0.019888
5 0.311780 0.525198 0.173855 0.031098
1 0.718614 0.784719 0.011217 0.022019
5 0.613826 0.809218 0.056153 0.030661
5 0.431601 0.657464 0.071064 0.030935
5 0.477229 0.393370 0.022812 0.025023
5 0.478022 0.600167 0.022966 0.025982
5 0.557663 0.525367 0.058400 0.027481
1 0.497541 0.654073 0.013697 0.020202
5 0.478019 0.575093 0.023053 0.025617
5 0.477224 0.368729 0.022924 0.024175
5 0.557703 0.498079 0.058990 0.027886
5 0.756530 0.861724 0.057847 0.031015
5 0.155721 0.498820 0.145388 0.029566
5 0.154905 0.811647 0.143431 0.025584
5 0.431806 0.315067 0.070505 0.026596
1 0.497053 0.758199 0.012596 0.021392
5 0.805412 0.655298 0.042114 0.028619
5 0.859212 0.315670 0.064708 0.027865
5 0.756892 0.498455 0.058287 0.028598
1 0.940312 0.601191 0.011969 0.020081
5 0.676019 0.628508 0.072264 0.030739
5 0.432172 0.863901 0.071000 0.027039
5 0.431822 0.681126 0.070640 0.027855
5 0.477137 0.445761 0.021631 0.025166
5 0.155284 0.549719 0.143560 0.028322
5 0.756765 0.343596 0.057038 0.027128
5 0.154180 0.683086 0.141627 0.026099
5 0.613468 0.732872 0.055476 0.025791
5 0.756493 0.315205 0.056264 0.026588
5 0.311986 0.419829 0.169243 0.030530
5 0.757376 0.785222 0.058241 0.026046
5 0.676072 0.757849 0.070998 0.030267
1 0.940239 0.579088 0.012303 0.018599
5 0.613095 0.498468 0.056414 0.028266
1 0.518383 0.318653 0.013792 0.020568
5 0.310917 0.549882 0.170451 0.029195
5 0.858795 0.655599 0.065024 0.028208
5 0.858891 0.786005 0.065031 0.027708
5 0.675675 0.575940 0.071874 0.028449
1 0.519537 0.855457 0.012141 0.024035
5 0.558024 0.732110 0.058903 0.025094
5 0.613415 0.657241 0.055654 0.030163
5 0.558327 0.859066 0.058342 0.028245
5 0.311089 0.707834 0.174543 0.029220
1 0.497028 0.784511 0.013002 0.022013
5 0.613559 0.680534 0.055113 0.028932
1 0.497191 0.445809 0.013074 0.022561
5 0.311861 0.447011 0.169298 0.028306
5 0.858840 0.681502 0.064685 0.027548
5 0.557845 0.785092 0.059101 0.026415
5 0.477834 0.524794 0.022992 0.025744
5 0.901225 0.472258 0.020303 0.025509
5 0.477875 0.627292 0.023032 0.026479
1 0.030407 0.864504 0.012290 0.022158
1 0.497440 0.599376 0.015054 0.023677
5 0.675697 0.601027 0.072126 0.028353
1 0.497685 0.316483 0.015081 0.019182
5 0.859137 0.549426 0.064019 0.027706
5 0.312037 0.472247 0.168976 0.028365
5 0.859408 0.860513 0.064837 0.026194
1 0.920564 0.316075 0.011213 0.017255
1 0.497120 0.810519 0.013492 0.022993
5 0.477139 0.810743 0.020848 0.026705
1 0.519019 0.549610 0.011252 0.022275
5 0.901222 0.419044 0.020797 0.025307
5 0.675754 0.525202 0.070536 0.027405
5 0.901161 0.811108 0.020777 0.026162
5 0.557755 0.549622 0.058347 0.027491
1 0.497304 0.471843 0.013511 0.023123
1 0.497528 0.851563 0.014587 0.022587
5 0.311473 0.498838 0.172001 0.030315
5 0.312232 0.394178 0.169397 0.028668
5 0.431712 0.786857 0.071049 0.028180
1 0.519183 0.575880 0.010438 0.020525
5 0.312480 0.733372 0.170638 0.027911
1 0.717923 0.656334 0.012073 0.018970
5 0.154503 0.318268 0.143775 0.032218
5 0.154993 0.785661 0.141648 0.027499
5 0.805988 0.679544 0.042404 0.028522
5 0.154551 0.656726 0.142538 0.032047
5 0.900832 0.367791 0.021521 0.024930
5 0.154507 0.840506 0.140676 0.028340
5 0.155173 0.865840 0.142008 0.027481
5 0.155395 0.887309 0.142451 0.022328
5 0.431792 0.836641 0.069229 0.025764
5 0.431348 0.887309 0.069229 0.022328
5 0.478373 0.345764 0.020755 0.028450
5 0.476860 0.320243 0.020323 0.025940