5 0.163821 0.463499 0.021407 0.036677
5 0.170304 0.721870 0.030702 0.037380
5 0.376157 0.464122 0.025402 0.039322
5 0.396719 0.549821 0.067605 0.036883
5 0.378698 0.593312 0.030614 0.037890
0 0.958842 0.976737 0.057272 0.036848
5 0.399879 0.851366 0.025732 0.037754
5 0.163836 0.550963 0.019442 0.035180
5 0.420231 0.422814 0.113758 0.040591
5 0.209442 0.894242 0.110395 0.035899
5 0.212069 0.248951 0.246800 0.038504
0 0.227638 0.086212 0.082079 0.029648
0 0.495858 0.247575 0.024865 0.037381
5 0.210915 0.508301 0.116387 0.039063
5 0.211597 0.422803 0.116376 0.040554
5 0.209601 0.852677 0.108089 0.040975
0 0.470258 0.247204 0.023124 0.035859
0 0.471016 0.205944 0.024172 0.036813
0 0.392997 0.087185 0.049759 0.028696
0 0.317903 0.085876 0.087131 0.029253
5 0.394132 0.378127 0.060671 0.038777
3 0.511568 0.087202 0.032601 0.028632
0 0.049187 0.086223 0.052361 0.029812
5 0.167864 0.378900 0.025430 0.037962
0 0.130066 0.086274 0.098915 0.030375
5 0.211930 0.205061 0.246329 0.034616
0 0.967100 0.086066 0.040217 0.035168
0 0.086062 0.161209 0.090947 0.040553
3 0.457010 0.087820 0.067143 0.029437
1 0.162292 0.594281 0.011242 0.029130