0 0.975183 0.975815 0.028033 0.036216
5 0.163666 0.291308 0.079602 0.039992
0 0.061334 0.085449 0.076220 0.030566
4 0.431481 0.293800 0.123330 0.029138
0 0.145894 0.085140 0.081617 0.029995
4 0.430180 0.360464 0.120582 0.026787
0 0.607394 0.945067 0.068946 0.033199
3 0.252586 0.084760 0.031262 0.026929
5 0.234008 0.206190 0.219496 0.044691
4 0.427707 0.428644 0.116583 0.024676
0 0.506992 0.944485 0.037694 0.028922
0 0.968013 0.084466 0.038717 0.032881
4 0.426765 0.462610 0.120495 0.024702
0 0.439662 0.943994 0.085706 0.031763
4 0.398561 0.563226 0.060230 0.023136
0 0.211059 0.085195 0.036157 0.027137
4 0.426057 0.395739 0.113603 0.026357
0 0.560033 0.944327 0.014566 0.026882
1 0.362220 0.697397 0.012430 0.024120
4 0.399557 0.594294 0.064231 0.021764
4 0.400361 0.631817 0.065703 0.025069
4 0.409159 0.495174 0.080705 0.023728
0 0.539225 0.944507 0.015690 0.026981
4 0.396862 0.528824 0.056992 0.023694
1 0.361720 0.292388 0.013477 0.025942
1 0.361533 0.361649 0.014195 0.025246
1 0.362310 0.663900 0.011745 0.027140
1 0.358901 0.830504 0.012030 0.026108
4 0.406968 0.259762 0.074288 0.026320
0 0.656792 0.111999 0.018321 0.036733
1 0.362370 0.730366 0.011865 0.026433
1 0.362275 0.764665 0.013404 0.029163
1 0.361534 0.326849 0.013396 0.027085
1 0.362099 0.629975 0.012188 0.023263
1 0.361624 0.460700 0.013026 0.023814
1 0.361423 0.495180 0.013072 0.026011
1 0.361700 0.258966 0.013550 0.026386
1 0.361663 0.429191 0.012604 0.023803
4 0.406190 0.293893 0.074328 0.026925
1 0.361572 0.395502 0.012802 0.025161
1 0.362217 0.595913 0.011558 0.023374
4 0.409190 0.227073 0.076102 0.029079
1 0.361410 0.228042 0.012539 0.027140
1 0.362275 0.528523 0.011675 0.023263
1 0.362059 0.563094 0.011242 0.029079