0 0.959458 0.977353 0.058590 0.039554
0 0.588093 0.638521 0.051787 0.037336
0 0.550108 0.636943 0.017312 0.035348
5 0.208452 0.890575 0.109316 0.039823
0 0.421075 0.718904 0.067734 0.043260
5 0.400081 0.848504 0.025750 0.040194
0 0.967887 0.091714 0.042091 0.036806
3 0.458599 0.668136 0.144644 0.041202
3 0.270999 0.670873 0.217910 0.044321
5 0.209018 0.848890 0.109196 0.042124
0 0.611147 0.419936 0.018468 0.037444
4 0.079505 0.184088 0.061386 0.027177
4 0.077256 0.143550 0.067037 0.028006
0 0.588990 0.420489 0.015951 0.034882
0 0.495539 0.720101 0.067807 0.043892
4 0.069421 0.104602 0.056548 0.026962
4 0.069661 0.223634 0.054728 0.027713
0 0.166971 0.038539 0.028994 0.030212
0 0.960882 0.163889 0.031835 0.039193
4 0.062625 0.274340 0.053669 0.031776
4 0.062241 0.329827 0.056496 0.033405
4 0.087068 0.064003 0.098827 0.032217
4 0.212142 0.088496 0.120742 0.033150
4 0.211804 0.125413 0.117369 0.037670