0 0.135146 0.716886 0.021521 0.037735
0 0.156887 0.717618 0.021476 0.035680
0 0.901942 0.976179 0.066254 0.037645
0 0.023357 0.718287 0.024280 0.037018
0 0.190567 0.716437 0.021670 0.036838
0 0.211362 0.717079 0.020139 0.034602
0 0.101109 0.717191 0.023075 0.038346
5 0.145742 0.306258 0.029165 0.039241
0 0.058706 0.716715 0.021996 0.037394
5 0.446561 0.718359 0.042870 0.035402
5 0.501472 0.718208 0.043741 0.036860
0 0.969858 0.976371 0.060034 0.037796
0 0.233185 0.716690 0.022745 0.037343
0 0.044457 0.086782 0.076177 0.028196
0 0.079856 0.716134 0.020124 0.037991
5 0.274704 0.219293 0.287898 0.037168
1 0.022291 0.559074 0.015226 0.031470
1 0.022367 0.595257 0.015357 0.031643
0 0.159377 0.088057 0.136898 0.030037
0 0.976568 0.089147 0.046450 0.036877
0 0.302364 0.087137 0.140979 0.029696
3 0.395850 0.087957 0.035445 0.027534
1 0.022352 0.629855 0.015486 0.030607
1 0.022286 0.525026 0.016378 0.031082
1 0.408902 0.490387 0.012107 0.024634