0 0.367295 0.719562 0.147257 0.039489
0 0.118922 0.720111 0.146386 0.038745
0 0.119252 0.765661 0.147603 0.035851
5 0.152938 0.174759 0.064660 0.040723
0 0.367240 0.763898 0.145325 0.037962
0 0.896792 0.980040 0.063550 0.039920
5 0.180903 0.356733 0.035928 0.039807
1 0.024773 0.765405 0.014566 0.029700
5 0.525501 0.174330 0.049787 0.035507
0 0.969356 0.092556 0.045537 0.032299
5 0.304443 0.629769 0.284948 0.042179
0 0.054168 0.092998 0.081724 0.028605
5 0.228719 0.221263 0.215578 0.041341
0 0.965497 0.977382 0.058987 0.038966
5 0.304416 0.584074 0.284168 0.039109
0 0.470280 0.582226 0.034331 0.040813
0 0.119580 0.808884 0.147232 0.038776
5 0.304377 0.673459 0.284855 0.039360
0 0.366356 0.811753 0.146830 0.037835
0 0.135212 0.091751 0.062694 0.026579
3 0.274214 0.092085 0.035454 0.027342
3 0.280822 0.492883 0.235646 0.040258
5 0.319799 0.173821 0.034434 0.037722
1 0.024726 0.721736 0.014660 0.026924
3 0.484025 0.493429 0.160734 0.043228
1 0.273487 0.765409 0.013284 0.029626
5 0.172906 0.538006 0.022670 0.038218
1 0.024763 0.810687 0.014585 0.030066
1 0.273089 0.812060 0.012897 0.029055
3 0.211061 0.092517 0.075014 0.027618
1 0.273473 0.720677 0.013041 0.024805
0 0.040420 0.445094 0.061844 0.043151
1 0.397435 0.356342 0.014798 0.027832