5 0.367456 0.416154 0.378490 0.267016
5 0.224125 0.775126 0.096856 0.035428
3 0.237185 0.817878 0.123842 0.036047
5 0.792899 0.736694 0.195348 0.036972
5 0.212961 0.653963 0.072337 0.033996
5 0.244138 0.693426 0.134208 0.035743
0 0.964345 0.974793 0.057959 0.033457
3 0.235671 0.082356 0.100621 0.029485
3 0.578639 0.082672 0.087282 0.028705
3 0.970456 0.082066 0.026564 0.027390
3 0.346377 0.082559 0.096733 0.029906
0 0.012465 0.973381 0.023478 0.032587
5 0.798706 0.775977 0.208847 0.032350
3 0.466098 0.082873 0.111995 0.029785
3 0.761081 0.614352 0.132033 0.034451
0 0.049397 0.083547 0.080346 0.027944
5 0.731036 0.653937 0.073507 0.034169
5 0.273822 0.613106 0.194553 0.036439
0 0.136290 0.082715 0.071029 0.028804
0 0.242146 0.654751 0.014450 0.032136
0 0.742884 0.899061 0.092014 0.036972
0 0.895423 0.774940 0.012661 0.027385
5 0.715396 0.858392 0.042228 0.033274
0 0.932665 0.158212 0.013353 0.027128
5 0.208108 0.936260 0.062562 0.027026