0 0.266414 0.911724 0.020028 0.034150
0 0.022940 0.912961 0.021877 0.036624
5 0.164827 0.302624 0.075662 0.028955
0 0.432718 0.075259 0.015942 0.029782
5 0.317350 0.303038 0.042892 0.034746
0 0.410633 0.075453 0.016347 0.027740
0 0.259106 0.075728 0.017381 0.027727
0 0.287633 0.913048 0.021172 0.038194
0 0.220751 0.075366 0.016765 0.026721
0 0.117451 0.912606 0.021299 0.033587
0 0.294790 0.074805 0.016568 0.027102
0 0.071018 0.912894 0.019329 0.031838
3 0.093903 0.077938 0.117514 0.034569
0 0.091828 0.912154 0.021122 0.033839
0 0.202001 0.074530 0.016826 0.026222
5 0.164675 0.371289 0.075497 0.032264
0 0.212009 0.912206 0.021728 0.035115
5 0.588412 0.337587 0.219224 0.034569
0 0.050653 0.912381 0.021313 0.033266
0 0.233150 0.911504 0.021167 0.035453
0 0.148047 0.912575 0.040243 0.033527
0 0.178873 0.911815 0.022207 0.035517
0 0.369400 0.075951 0.018033 0.030052
0 0.179825 0.076669 0.017171 0.032499
0 0.393336 0.075990 0.017298 0.028319
5 0.164994 0.334762 0.076028 0.028703
5 0.624828 0.438989 0.146393 0.034569
0 0.277428 0.075144 0.015407 0.027056
0 0.040727 0.179518 0.048159 0.025576
0 0.238380 0.075952 0.014372 0.028764
0 0.165779 0.236403 0.059840 0.030532
5 0.215765 0.438373 0.177570 0.030757
5 0.515432 0.438989 0.073263 0.034569
0 0.451131 0.074735 0.015462 0.030831
0 0.333881 0.075126 0.016286 0.030049
0 0.117445 0.178842 0.082652 0.029743
3 0.224681 0.766291 0.052527 0.031740
3 0.224345 0.671853 0.052744 0.030520
1 0.042690 0.829613 0.025886 0.031494
1 0.041847 0.734914 0.023693 0.031923
1 0.042372 0.798809 0.025120 0.029975
1 0.042106 0.767801 0.024166 0.031420
3 0.224761 0.737331 0.052092 0.028932
3 0.225311 0.830993 0.052680 0.029648
0 0.316262 0.075296 0.016214 0.031363
1 0.794454 0.800787 0.012107 0.021509
1 0.794454 0.768937 0.012972 0.023991
0 0.353396 0.075835 0.015824 0.030285
1 0.794812 0.705351 0.012824 0.022567
0 0.929757 0.015155 0.014485 0.030310
0 0.058995 0.235922 0.058256 0.032615
3 0.225198 0.800473 0.051969 0.033136
1 0.794670 0.832439 0.012539 0.020284
3 0.224895 0.705257 0.051068 0.036959
1 0.794569 0.673151 0.013202 0.022695
5 0.185724 0.404380 0.116870 0.032264
0 0.113553 0.236855 0.046260 0.031437
1 0.041746 0.703171 0.023506 0.029459
1 0.794454 0.736673 0.012972 0.020682
1 0.042536 0.672444 0.023704 0.028174