0 0.035328 0.235808 0.024222 0.044731
0 0.896651 0.975217 0.069797 0.041779
0 0.119516 0.236337 0.023238 0.040157
0 0.180053 0.177586 0.022250 0.044606
0 0.379856 0.235246 0.022476 0.043750
0 0.206597 0.178381 0.021538 0.043249
0 0.261307 0.236248 0.020965 0.042609
3 0.348643 0.234910 0.017054 0.042465
5 0.063434 0.377496 0.052208 0.038574
0 0.405515 0.235043 0.023544 0.044407
0 0.600562 0.179230 0.021293 0.045305
0 0.128351 0.178863 0.021798 0.045473
0 0.145038 0.236440 0.022960 0.041567
5 0.063871 0.535527 0.051352 0.039678
0 0.969371 0.976189 0.061258 0.035765
0 0.173938 0.102480 0.108865 0.033172
0 0.154838 0.178115 0.024305 0.043894
0 0.067684 0.235934 0.023495 0.044149
0 0.029498 0.177167 0.022131 0.042074
0 0.169888 0.237015 0.020684 0.041365
3 0.236683 0.235059 0.017648 0.042893
1 0.029115 0.341928 0.012972 0.028054
5 0.063838 0.417615 0.051287 0.040064
0 0.066136 0.101055 0.092976 0.033715
0 0.094359 0.236061 0.023141 0.043203
3 0.188085 0.236173 0.019797 0.042459
0 0.054741 0.179036 0.022083 0.042651
5 0.197740 0.378637 0.035474 0.040333
5 0.101704 0.417098 0.026914 0.039364
0 0.079728 0.178518 0.019949 0.044126
5 0.102622 0.536091 0.026808 0.038104
3 0.098134 0.179274 0.018246 0.045036
1 0.029331 0.381294 0.014269 0.028959
0 0.975134 0.102467 0.048621 0.036142
0 0.331047 0.235331 0.021074 0.043145
5 0.101696 0.575721 0.026686 0.039412
5 0.063452 0.575744 0.052244 0.040054
0 0.466335 0.179600 0.119246 0.046105
1 0.029547 0.421112 0.013837 0.028959
5 0.198316 0.535735 0.036263 0.041922
5 0.101658 0.377914 0.025913 0.036816
5 0.101716 0.496621 0.026727 0.038582
5 0.197996 0.416745 0.036940 0.039698
5 0.102189 0.457190 0.027673 0.039576
0 0.218537 0.235893 0.021156 0.042580
5 0.064325 0.456223 0.050531 0.042107
0 0.376979 0.178482 0.050812 0.043481
5 0.063916 0.498101 0.051442 0.038142
1 0.029115 0.499392 0.013837 0.028054
1 0.029136 0.460026 0.015610 0.028959
1 0.029115 0.539210 0.012972 0.028054
5 0.919495 0.536964 0.161009 0.039850
3 0.618629 0.179247 0.017319 0.046889
0 0.553174 0.180290 0.048025 0.046289
5 0.527260 0.380133 0.142061 0.040526
5 0.919495 0.379698 0.161009 0.040416
3 0.300018 0.235901 0.034043 0.043824
5 0.197321 0.340210 0.035964 0.039153
5 0.526941 0.536154 0.139241 0.042564
3 0.255370 0.101997 0.039080 0.032569
5 0.198368 0.456305 0.037128 0.043222
5 0.526666 0.418598 0.140655 0.043554
5 0.919249 0.574704 0.161502 0.043863
1 0.029115 0.578124 0.012972 0.028054
5 0.674104 0.535872 0.153356 0.042226
5 0.198199 0.573985 0.036496 0.039906
5 0.919683 0.497046 0.160634 0.044517
5 0.101686 0.340895 0.026039 0.038791
5 0.674317 0.379387 0.153174 0.040242
5 0.527259 0.574320 0.141199 0.041113
5 0.063551 0.340743 0.051578 0.038353
5 0.919325 0.418544 0.161350 0.042869
5 0.197698 0.496221 0.036220 0.040007
0 0.288323 0.179508 0.119359 0.043924
5 0.526945 0.458188 0.140096 0.041817
5 0.674651 0.576493 0.153127 0.045794
5 0.919686 0.457795 0.160628 0.040726
5 0.794406 0.536067 0.087036 0.041238
5 0.526513 0.497951 0.140096 0.044132
5 0.920144 0.338846 0.159712 0.041458
1 0.148338 0.539658 0.014072 0.028949
1 0.148281 0.578997 0.015198 0.029800
5 0.794959 0.378981 0.087198 0.040374
5 0.674580 0.418841 0.152578 0.043054
5 0.674078 0.458928 0.150673 0.044525
1 0.148229 0.500297 0.014289 0.028054
5 0.675401 0.340338 0.152491 0.042094
1 0.148206 0.460056 0.013471 0.030830
5 0.674501 0.497366 0.152420 0.043482
5 0.527310 0.340570 0.141962 0.038009
1 0.148196 0.342380 0.014182 0.030769
5 0.795833 0.575322 0.087924 0.042707
5 0.794815 0.458252 0.087760 0.042787
1 0.148023 0.381294 0.013837 0.028959
1 0.148239 0.420660 0.012539 0.028054
5 0.794454 0.499392 0.089073 0.038914
5 0.795319 0.419302 0.087344 0.039818
5 0.796183 0.339213 0.088209 0.038914