5 0.679737 0.865620 0.031964 0.041712
5 0.415048 0.866443 0.137462 0.040119
0 0.046929 0.102138 0.062319 0.031754
5 0.361800 0.906382 0.031130 0.026232
0 0.975466 0.101517 0.048584 0.034058
0 0.117714 0.101862 0.062348 0.029937
5 0.449432 0.209949 0.311960 0.046003
5 0.358453 0.814930 0.024131 0.040195
5 0.312658 0.360612 0.039845 0.042066
0 0.851652 0.123389 0.019318 0.039445
0 0.212599 0.567790 0.032826 0.041108
5 0.365449 0.664361 0.038334 0.040028
5 0.312889 0.410993 0.039924 0.041928
0 0.384705 0.310721 0.018251 0.037959
5 0.313304 0.461183 0.039116 0.041388
5 0.679474 0.906990 0.032548 0.026715
0 0.826882 0.947459 0.028443 0.025831
5 0.335078 0.311296 0.082387 0.042904
0 0.964197 0.191439 0.037379 0.042122