0 0.046169 0.372721 0.022688 0.049413
5 0.810903 0.947689 0.033765 0.045012
0 0.014680 0.374515 0.029359 0.051494
0 0.071891 0.372141 0.024293 0.052785
5 0.813479 0.894876 0.038482 0.050407
0 0.218538 0.112925 0.031016 0.030450
0 0.104046 0.371267 0.024993 0.049211
5 0.814372 0.782228 0.035924 0.045904
5 0.772551 0.179483 0.218429 0.055531
5 0.814028 0.835411 0.037126 0.054013
5 0.141383 0.495412 0.254184 0.055012
0 0.332364 0.562862 0.019664 0.040204
0 0.357593 0.567629 0.023382 0.048874
0 0.760333 0.670671 0.026763 0.050280
0 0.745659 0.670802 0.039669 0.050611
0 0.280910 0.111350 0.074901 0.029696
5 0.813960 0.844143 0.037429 0.039862
0 0.379498 0.561624 0.018451 0.039604
0 0.737106 0.669745 0.022463 0.047592
0 0.280957 0.670253 0.024773 0.052688
5 0.982835 0.178910 0.033778 0.049253
5 0.446551 0.782669 0.038526 0.040818
0 0.976134 0.112570 0.046704 0.043728
0 0.303921 0.562441 0.021562 0.045410
0 0.408954 0.562635 0.016619 0.037774
5 0.139609 0.581895 0.253493 0.051864
5 0.139947 0.753983 0.247033 0.056788
1 0.921086 0.838820 0.017600 0.036574
5 0.143416 0.666721 0.260634 0.052215
5 0.140567 0.541256 0.253253 0.046484
0 0.373966 0.112655 0.082545 0.030675
0 0.579743 0.562049 0.022062 0.039359
0 0.604476 0.564362 0.017402 0.038297
0 0.135340 0.370597 0.019458 0.050156
3 0.155446 0.372848 0.018161 0.051865
0 0.934946 0.115992 0.013620 0.037047
0 0.484715 0.110064 0.115449 0.040010
0 0.576599 0.110064 0.049293 0.037047
0 0.623297 0.110805 0.023349 0.032601
0 0.700696 0.109323 0.110261 0.041492
3 0.807173 0.109323 0.081074 0.038528
3 0.874303 0.110805 0.035024 0.032601
3 0.551849 0.673032 0.312340 0.056955
3 0.379549 0.179980 0.161302 0.056955
1 0.301831 0.396074 0.013197 0.033503
1 0.302197 0.437952 0.016863 0.036853
1 0.302197 0.483181 0.018330 0.033503
1 0.323826 0.394399 0.020529 0.040204
1 0.324559 0.437952 0.019063 0.040204
1 0.324193 0.482344 0.021263 0.038528