5 0.795752 0.699312 0.157976 0.037017
5 0.211761 0.747563 0.089710 0.036964
5 0.760948 0.747097 0.089115 0.037567
5 0.219844 0.443325 0.066869 0.036786
5 0.830341 0.653728 0.043764 0.037470
5 0.761277 0.652343 0.087635 0.036797
5 0.221302 0.492176 0.070885 0.038082
5 0.208110 0.698732 0.079746 0.036600
5 0.713114 0.443493 0.044337 0.038118
1 0.020652 0.905232 0.015540 0.029502
0 0.108421 0.097121 0.068844 0.027932
5 0.761149 0.697902 0.089261 0.036404
5 0.786716 0.654248 0.135470 0.038886
5 0.738599 0.605674 0.040653 0.034397
5 0.190071 0.653733 0.046072 0.043948
0 0.023577 0.961614 0.030556 0.042538
0 0.036732 0.097813 0.034479 0.025641
3 0.962498 0.098330 0.032887 0.030592
5 0.190044 0.605486 0.046126 0.041082
5 0.204235 0.398947 0.040753 0.041957
3 0.376850 0.099379 0.143339 0.025716
3 0.523351 0.101409 0.106099 0.029776