0 0.314600 0.307442 0.135140 0.043120
5 0.337311 0.811823 0.031088 0.034642
0 0.105569 0.089950 0.080376 0.026876
5 0.337359 0.703600 0.030366 0.033744
5 0.164257 0.217906 0.030767 0.036797
5 0.337781 0.737679 0.030623 0.034104
5 0.195244 0.261342 0.092658 0.039923
5 0.337355 0.879979 0.030124 0.032993
5 0.302739 0.704343 0.041565 0.033604
5 0.302804 0.812606 0.041985 0.034811
5 0.337587 0.845784 0.029683 0.034251
5 0.302915 0.738792 0.041971 0.035011
5 0.303025 0.632340 0.042229 0.034694
5 0.364234 0.846062 0.027705 0.034849
5 0.337221 0.631562 0.030510 0.035298
1 0.790034 0.739969 0.010186 0.026267
5 0.302381 0.880535 0.040918 0.032673
5 0.302750 0.846150 0.042040 0.034080
1 0.790946 0.812327 0.009415 0.031089
1 0.790518 0.670345 0.010288 0.021668
5 0.365090 0.880568 0.028976 0.034120
5 0.218577 0.704125 0.135184 0.039506
5 0.364254 0.738331 0.028316 0.033404
5 0.303172 0.666948 0.042267 0.037470
5 0.364746 0.811272 0.028878 0.034500
1 0.790475 0.704808 0.009338 0.027641
5 0.495933 0.880284 0.084993 0.038754
0 0.385400 0.171040 0.021661 0.041695
5 0.217804 0.631763 0.134207 0.038400
5 0.401731 0.880590 0.048380 0.036599
1 0.790579 0.635767 0.010410 0.029454
5 0.402909 0.845704 0.053267 0.035927
1 0.822776 0.632844 0.014269 0.025356
5 0.217631 0.172244 0.137178 0.043331
5 0.217759 0.666734 0.134068 0.038901
5 0.494804 0.845921 0.084156 0.036551
5 0.365111 0.704134 0.028733 0.035109
5 0.083336 0.631526 0.140140 0.038112
5 0.401836 0.737728 0.049290 0.036348
1 0.439452 0.632174 0.016374 0.033672
1 0.439641 0.562059 0.016287 0.031180
5 0.338179 0.666816 0.030133 0.036506
1 0.822992 0.669670 0.012107 0.025563
5 0.402804 0.812028 0.050911 0.036001
0 0.470643 0.170915 0.022718 0.042073
5 0.302573 0.775527 0.041859 0.037933
5 0.303004 0.597121 0.042314 0.036043
1 0.622137 0.849083 0.014254 0.026494
5 0.217511 0.739058 0.134411 0.035785
1 0.822776 0.563045 0.012539 0.025651
1 0.621803 0.812946 0.013587 0.031162
5 0.337488 0.774721 0.029738 0.039338
1 0.439587 0.667654 0.016765 0.028755
1 0.822992 0.741206 0.012107 0.025244
5 0.084117 0.703505 0.138147 0.040055
1 0.590363 0.633864 0.014701 0.027979
5 0.190030 0.308193 0.081519 0.038498
0 0.427820 0.171947 0.020591 0.038671
5 0.083635 0.666226 0.139638 0.039360
1 0.621622 0.599182 0.014090 0.027979
1 0.822560 0.847931 0.013837 0.025356
5 0.495521 0.812513 0.084807 0.036703
1 0.011957 0.489707 0.016362 0.033717
1 0.590363 0.812229 0.012972 0.026230
5 0.085268 0.596056 0.136393 0.039194
5 0.403930 0.915564 0.052377 0.038557
1 0.823424 0.813832 0.012107 0.027104
5 0.401147 0.703990 0.047534 0.037184
1 0.621615 0.634593 0.012346 0.023607
0 0.448584 0.171845 0.020764 0.038636
5 0.218101 0.596421 0.134359 0.038734
5 0.364855 0.630958 0.027710 0.035718
1 0.590580 0.741443 0.013404 0.026300
1 0.621838 0.563575 0.013657 0.027878
5 0.495359 0.703907 0.083888 0.039111
1 0.790315 0.849334 0.011612 0.021167
1 0.823208 0.704694 0.010810 0.025665
1 0.439790 0.811751 0.017285 0.032426
5 0.364407 0.667547 0.028045 0.036779
5 0.402496 0.774167 0.051392 0.039797
0 0.406509 0.172514 0.021293 0.042069
1 0.439787 0.739801 0.016845 0.030023
5 0.494883 0.774623 0.085116 0.040584
1 0.011608 0.917571 0.016163 0.031393
1 0.590147 0.562896 0.013404 0.030018
5 0.337796 0.915694 0.030270 0.036936
5 0.082185 0.738470 0.140713 0.035333
1 0.621712 0.777547 0.013404 0.027979
1 0.011857 0.630546 0.015219 0.033950
1 0.439399 0.704099 0.015969 0.032169
5 0.337334 0.596218 0.028688 0.037547
1 0.622574 0.670562 0.013399 0.023850
1 0.012109 0.667423 0.015573 0.030117
1 0.590580 0.600472 0.014269 0.026478
5 0.364766 0.774123 0.029082 0.041192
5 0.217743 0.775074 0.134868 0.040892
5 0.216729 0.812074 0.136486 0.036293
0 0.030021 0.090787 0.053731 0.029531
1 0.822560 0.777547 0.012972 0.024481
5 0.494828 0.738659 0.083487 0.036473
1 0.590580 0.705560 0.013404 0.026230
1 0.790575 0.527823 0.011268 0.025155
5 0.149540 0.738645 0.269946 0.036969
1 0.822127 0.599326 0.011242 0.024770
0 0.977581 0.089818 0.044592 0.034291
1 0.013295 0.563453 0.012433 0.026560
1 0.011987 0.703175 0.014701 0.030951
1 0.621842 0.741624 0.012800 0.026080
5 0.401960 0.632247 0.049378 0.036685
1 0.822127 0.884073 0.013837 0.024195
1 0.791006 0.777588 0.011265 0.022815
1 0.011936 0.810368 0.014951 0.032229
1 0.439831 0.524762 0.016786 0.033206
5 0.401966 0.666772 0.050861 0.038160
1 0.012286 0.846183 0.014717 0.031126
5 0.364468 0.914851 0.027786 0.035243
1 0.590147 0.670391 0.011675 0.024091
1 0.590580 0.848467 0.012539 0.025261
1 0.439386 0.488446 0.016776 0.032748
1 0.622657 0.528037 0.015294 0.023251
5 0.302719 0.917580 0.041831 0.039898
1 0.791322 0.599351 0.011897 0.024819
1 0.621986 0.705507 0.013953 0.023792
5 0.082085 0.845994 0.140539 0.037011
1 0.011672 0.525876 0.015683 0.030429
1 0.759179 0.667710 0.014135 0.027245
1 0.822992 0.528361 0.012972 0.026230
1 0.790383 0.885091 0.010884 0.026230
5 0.402005 0.595978 0.050453 0.036594
5 0.086300 0.525225 0.133907 0.040393
5 0.217150 0.846233 0.137166 0.036549
1 0.590147 0.527851 0.015999 0.026376
1 0.440291 0.596802 0.016320 0.029604
1 0.011706 0.880150 0.015338 0.030586
1 0.439341 0.880608 0.016206 0.031908
5 0.303574 0.525355 0.040167 0.037558
1 0.590580 0.777693 0.012539 0.025356
5 0.081816 0.811444 0.140762 0.036592
5 0.303687 0.562766 0.043028 0.035507
1 0.012148 0.739503 0.014735 0.030618
5 0.554073 0.845872 0.042314 0.035887
1 0.439978 0.845474 0.017220 0.028997
5 0.554232 0.915587 0.043452 0.040411
5 0.216907 0.561451 0.135535 0.037394
5 0.364875 0.595420 0.028699 0.037644
1 0.759452 0.848800 0.013792 0.024179
5 0.401220 0.560366 0.047757 0.036611
5 0.553986 0.879614 0.042739 0.035218
5 0.554143 0.737669 0.043410 0.035710
5 0.495153 0.665979 0.083705 0.039038
5 0.554066 0.703594 0.042883 0.035537
5 0.336709 0.561816 0.029362 0.035695
5 0.363960 0.561446 0.028700 0.034058
5 0.674434 0.845434 0.080243 0.037933
1 0.823766 0.493254 0.014521 0.024216
0 0.197052 0.092127 0.089938 0.030310
1 0.791088 0.918155 0.009700 0.020663
5 0.495238 0.631861 0.084027 0.036659
1 0.010605 0.883704 0.015569 0.029682
5 0.495060 0.596310 0.085069 0.038002
5 0.554423 0.811938 0.043917 0.035722
1 0.759994 0.777534 0.014964 0.023290
5 0.494593 0.917006 0.083141 0.041109
1 0.759477 0.632108 0.013397 0.033312
1 0.440275 0.775109 0.017113 0.032211
1 0.759862 0.811792 0.014701 0.023607
5 0.554427 0.666033 0.043176 0.037858
1 0.759458 0.741819 0.012164 0.019475
5 0.554414 0.774386 0.043269 0.039818
1 0.790692 0.493560 0.010637 0.019582
5 0.149580 0.918500 0.273363 0.044621
5 0.554311 0.631463 0.043182 0.035848
1 0.728275 0.740049 0.012462 0.025278
5 0.218179 0.879731 0.134727 0.039484
1 0.822992 0.918309 0.012972 0.022720
1 0.439828 0.916771 0.017192 0.028932
5 0.081969 0.879156 0.140234 0.038688
5 0.217596 0.525642 0.136149 0.040699
5 0.337081 0.525238 0.027210 0.036473
1 0.621594 0.881764 0.014898 0.025405
5 0.086320 0.488120 0.132982 0.037091
5 0.085150 0.562400 0.132409 0.036689
5 0.554549 0.596468 0.042959 0.037035
5 0.674383 0.737530 0.079766 0.036715
3 0.285291 0.091146 0.082638 0.029001
1 0.010451 0.776743 0.015704 0.027819
5 0.674482 0.879312 0.079264 0.038296
1 0.621435 0.490883 0.015445 0.029382
1 0.728081 0.563292 0.013404 0.026146
1 0.589282 0.491846 0.015134 0.026062
5 0.554117 0.524163 0.041839 0.039493
1 0.012296 0.596290 0.016115 0.030492
5 0.674291 0.811431 0.080630 0.037068
5 0.673777 0.916475 0.079634 0.042566
5 0.553868 0.486523 0.041852 0.035902
1 0.010208 0.489472 0.018249 0.040459
1 0.441180 0.563857 0.015697 0.037429
1 0.759518 0.704131 0.013148 0.024538
5 0.218923 0.488335 0.132570 0.038341
1 0.590363 0.883488 0.013837 0.025356
1 0.790995 0.562023 0.012972 0.025356
5 0.673630 0.773972 0.082552 0.041535
1 0.760001 0.563718 0.013249 0.023500
1 0.758847 0.599539 0.013273 0.025196
1 0.010416 0.830688 0.016300 0.030509
5 0.081253 0.918652 0.142098 0.044235
1 0.010476 0.735315 0.015851 0.031796
1 0.727263 0.634481 0.013497 0.027463
5 0.674488 0.702784 0.079322 0.039078
1 0.590363 0.920938 0.012972 0.024481
1 0.621928 0.920064 0.011242 0.022733
1 0.727865 0.492950 0.011242 0.023607
1 0.726784 0.529672 0.011675 0.023607
1 0.728081 0.599619 0.012539 0.027104
1 0.727649 0.671461 0.011675 0.024481
1 0.727865 0.705851 0.012107 0.027979
1 0.727433 0.779441 0.012107 0.025356
1 0.727216 0.813978 0.011675 0.026230
1 0.727865 0.847640 0.012107 0.025356
1 0.727865 0.883051 0.011242 0.024481
1 0.727433 0.919773 0.011242 0.020984
1 0.758997 0.885674 0.012972 0.026230
1 0.759430 0.921084 0.012107 0.027104
1 0.759646 0.491638 0.011675 0.026230
1 0.759430 0.528361 0.013837 0.022733
3 0.349291 0.090232 0.034664 0.026522