0 0.197023 0.168885 0.020185 0.036249
0 0.060423 0.168367 0.021518 0.040836
0 0.084836 0.169052 0.021063 0.038744
0 0.219675 0.168736 0.018699 0.036059
0 0.170133 0.169461 0.016562 0.036012
0 0.107119 0.169321 0.020402 0.036497
0 0.928671 0.086627 0.034338 0.035713
1 0.024455 0.261573 0.015722 0.032771
0 0.973334 0.088906 0.043046 0.032114
0 0.130632 0.168687 0.021103 0.037052
1 0.024898 0.295193 0.015450 0.028427
0 0.030160 0.168007 0.023233 0.043396
0 0.257844 0.167656 0.020563 0.037366
0 0.152985 0.169469 0.018235 0.035662
1 0.934331 0.262046 0.016351 0.032099
0 0.237932 0.168528 0.018559 0.037626
0 0.167642 0.168626 0.024348 0.037872
1 0.024778 0.322544 0.014607 0.027634
1 0.934049 0.292594 0.014001 0.025493
3 0.034396 0.084913 0.029712 0.025530