0 0.046744 0.351665 0.020446 0.045015
5 0.677677 0.475516 0.330425 0.047467
1 0.901913 0.831505 0.018287 0.041376
5 0.644144 0.374920 0.385299 0.051780
1 0.902568 0.871530 0.018887 0.037050
3 0.015374 0.349838 0.030562 0.048056
5 0.464661 0.472975 0.098422 0.039611
5 0.766781 0.170096 0.209410 0.048430
0 0.104047 0.349814 0.023766 0.048864
5 0.434487 0.373261 0.035162 0.043986
1 0.321102 0.831448 0.020342 0.038132
1 0.321633 0.871281 0.020185 0.036438
0 0.073299 0.351355 0.024463 0.045896
5 0.494794 0.169452 0.082633 0.046113
3 0.493972 0.731925 0.172531 0.046904
0 0.928401 0.107128 0.014078 0.032947
0 0.217985 0.106143 0.028951 0.028557
0 0.134770 0.350275 0.020886 0.050441
5 0.428608 0.270794 0.024594 0.047094
1 0.902836 0.912490 0.019505 0.038944
0 0.494584 0.732362 0.171394 0.048557
4 0.055874 0.664838 0.088035 0.029686
0 0.903481 0.107714 0.016567 0.034153
5 0.977716 0.169504 0.039868 0.042224
1 0.321882 0.913536 0.020288 0.039978
0 0.279771 0.730275 0.021055 0.042912
0 0.413319 0.105793 0.046884 0.028073
5 0.396006 0.872061 0.043870 0.042239
0 0.642420 0.106421 0.025147 0.027833
4 0.052963 0.714459 0.084157 0.029740
0 0.969497 0.106586 0.047846 0.034710
0 0.597050 0.107622 0.049445 0.029775
5 0.963460 0.871774 0.065892 0.044785
4 0.081667 0.615044 0.140823 0.027462
0 0.056718 0.464704 0.097975 0.039720
5 0.355154 0.871881 0.045326 0.042004
0 0.356302 0.105920 0.046736 0.028474
0 0.888122 0.984601 0.068061 0.028754
0 0.283549 0.107994 0.083611 0.030046
5 0.533335 0.834171 0.138751 0.041636
5 0.644201 0.271368 0.385198 0.051288
5 0.800941 0.872476 0.124765 0.044559
1 0.299513 0.912927 0.015177 0.033915
5 0.867882 0.731215 0.252388 0.048932
5 0.353317 0.831751 0.042966 0.041168
1 0.299794 0.830551 0.012366 0.029075
3 0.377074 0.170268 0.157218 0.044890
3 0.804171 0.105109 0.035367 0.032282
5 0.963720 0.831015 0.064682 0.046529
5 0.801886 0.830812 0.122889 0.046001
0 0.504510 0.107058 0.117412 0.031720
0 0.279722 0.220134 0.021643 0.041155
1 0.300075 0.872708 0.014053 0.031011
0 0.377257 0.169989 0.156044 0.044919
0 0.076776 0.819970 0.133921 0.040814
4 0.083763 0.768380 0.144958 0.034148
3 0.968469 0.104893 0.047200 0.035481
0 0.111523 0.107928 0.169983 0.034890
0 0.721019 0.105374 0.115449 0.034480
3 0.153925 0.350204 0.016301 0.044824
5 0.354038 0.913798 0.044407 0.045347
5 0.395641 0.830235 0.043240 0.037276
5 0.395641 0.912708 0.043240 0.043799
5 0.533359 0.873413 0.141393 0.042867
5 0.533792 0.913484 0.142258 0.041004
5 0.801877 0.913950 0.123233 0.041935
5 0.671942 0.831788 0.140961 0.042867
5 0.672158 0.874655 0.138799 0.042867
5 0.672374 0.914727 0.138366 0.044731
5 0.964097 0.914261 0.063994 0.041935
0 0.962583 0.986949 0.059238 0.023297