0 0.038026 0.292335 0.019510 0.036704
0 0.898402 0.976792 0.065474 0.039061
3 0.012721 0.292511 0.025211 0.036857
1 0.285124 0.846757 0.016119 0.028219
0 0.061222 0.293064 0.021391 0.036986
1 0.284489 0.812968 0.015383 0.026874
0 0.118484 0.292820 0.017243 0.037725
0 0.162576 0.292755 0.020826 0.038334
3 0.133615 0.292677 0.015844 0.037397
1 0.266521 0.814297 0.013014 0.025006
1 0.285824 0.917012 0.016697 0.032183
0 0.090530 0.292605 0.020494 0.039008
1 0.285438 0.744967 0.017702 0.029793
1 0.266845 0.746893 0.011934 0.022389
1 0.266499 0.883312 0.013837 0.025557
1 0.284994 0.712808 0.017338 0.030646
0 0.964694 0.978106 0.056076 0.032750
2 0.894716 0.146902 0.072870 0.037143
1 0.266533 0.711463 0.012175 0.027320
5 0.122551 0.902812 0.224846 0.041576
1 0.266296 0.916877 0.013430 0.020424
5 0.123286 0.495627 0.228626 0.039250
5 0.122976 0.597341 0.227502 0.040344
5 0.123119 0.561987 0.227674 0.042426
0 0.970473 0.091916 0.042774 0.028497
0 0.932609 0.092751 0.014166 0.029675
1 0.266408 0.778460 0.013654 0.023835
5 0.122832 0.663767 0.225363 0.042674
0 0.201595 0.090590 0.026086 0.026715
5 0.124150 0.528116 0.227733 0.039753
5 0.123272 0.628134 0.225028 0.039383
5 0.684444 0.147093 0.191946 0.042077
1 0.285281 0.883062 0.016054 0.029581
0 0.327133 0.090284 0.040406 0.026258
5 0.123124 0.868117 0.224850 0.041400
0 0.261669 0.090642 0.073932 0.028448
3 0.646249 0.407936 0.110428 0.035515
0 0.247053 0.624444 0.019726 0.034349
0 0.629213 0.090895 0.043636 0.026369
5 0.893082 0.743722 0.092762 0.037198
5 0.893215 0.878932 0.092682 0.037729
5 0.893592 0.845408 0.092920 0.035265
0 0.672736 0.091046 0.021696 0.026216
1 0.285861 0.781045 0.016624 0.029159
5 0.810609 0.845423 0.072208 0.032791
0 0.247745 0.190865 0.019651 0.033215
5 0.122530 0.833249 0.224006 0.028641
0 0.377686 0.090569 0.041996 0.026145
5 0.988263 0.745851 0.023207 0.034803
5 0.988361 0.778750 0.022914 0.032982
5 0.988390 0.846606 0.023220 0.034542
0 0.006231 0.392786 0.012280 0.030976
5 0.988404 0.712446 0.021915 0.036314
5 0.892525 0.778133 0.094665 0.037496
1 0.266283 0.847620 0.011675 0.021151
5 0.442199 0.146028 0.073726 0.037185
5 0.893408 0.814830 0.093289 0.037785
5 0.810746 0.878572 0.071783 0.036631
5 0.122213 0.699780 0.223426 0.036661
3 0.334748 0.148076 0.142520 0.040224
5 0.988299 0.815167 0.023121 0.037792
5 0.811288 0.813993 0.072466 0.037926
5 0.122653 0.461668 0.221922 0.030245
5 0.122653 0.429361 0.223272 0.039869
0 0.105115 0.094829 0.157167 0.031620
0 0.446448 0.092073 0.079128 0.022913
0 0.548349 0.092073 0.105072 0.029963
0 0.741413 0.090310 0.102910 0.033488
3 0.815137 0.091632 0.031565 0.027320
0 0.911993 0.095598 0.015134 0.026438
5 0.679869 0.712491 0.108964 0.037014
5 0.680085 0.913862 0.109396 0.034370
5 0.679869 0.881255 0.110693 0.036132
5 0.679437 0.847767 0.108964 0.034370
5 0.680013 0.815013 0.109252 0.037601
5 0.679653 0.745539 0.109396 0.039657
5 0.680302 0.780790 0.109828 0.036132
5 0.796716 0.299470 0.406568 0.178395
5 0.812089 0.916335 0.072413 0.038413
5 0.893926 0.917346 0.093245 0.038413
5 0.988956 0.879943 0.022088 0.034370
5 0.988956 0.914313 0.022088 0.034370
5 0.812328 0.744506 0.070560 0.034370
5 0.812106 0.779780 0.071891 0.037988
5 0.747907 0.747672 0.026626 0.033465
5 0.769208 0.746315 0.015088 0.036179
5 0.122728 0.735295 0.220349 0.034370
5 0.121885 0.767946 0.219786 0.035515
5 0.122728 0.801743 0.224845 0.038952
5 0.748260 0.781818 0.028106 0.033488
5 0.768582 0.780496 0.016863 0.036132
5 0.747611 0.817510 0.026808 0.034370
5 0.768798 0.816188 0.016431 0.035251
5 0.767934 0.917094 0.014701 0.036132
5 0.768150 0.882283 0.015134 0.033488
5 0.768150 0.848795 0.014269 0.033488
5 0.747179 0.850117 0.026808 0.032607
5 0.748260 0.882724 0.026376 0.034370
5 0.747179 0.917094 0.026808 0.036132
5 0.812182 0.711903 0.071778 0.031726
5 0.893905 0.711903 0.094262 0.033488
5 0.438953 0.712344 0.123233 0.032607
5 0.439169 0.884193 0.124530 0.036132
5 0.439602 0.918122 0.125395 0.035251
5 0.439818 0.747154 0.124097 0.035251
5 0.440034 0.779762 0.124530 0.035251
5 0.439602 0.815013 0.125395 0.035251
5 0.440034 0.848061 0.125395 0.036132
5 0.314784 0.711903 0.038916 0.035251
5 0.314351 0.745833 0.039780 0.034370
5 0.315000 0.781965 0.039348 0.036132
5 0.314567 0.814131 0.039348 0.035251
5 0.314351 0.848061 0.039780 0.036132
5 0.314351 0.882871 0.039780 0.037014
5 0.314784 0.917241 0.040645 0.031726
5 0.367536 0.711022 0.023349 0.035251
5 0.367320 0.746273 0.022052 0.038776
5 0.366455 0.780643 0.020323 0.033488
5 0.366022 0.814572 0.022052 0.036132
5 0.366455 0.848501 0.022917 0.037014
5 0.366239 0.883312 0.021620 0.032607
5 0.366455 0.915478 0.021187 0.031726