1 0.318026 0.832631 0.019747 0.041500
5 0.642832 0.273541 0.387181 0.052065
1 0.318841 0.911812 0.019940 0.040404
1 0.902781 0.831731 0.019400 0.043301
1 0.318818 0.869350 0.020901 0.037207
5 0.677327 0.474394 0.331236 0.048114
3 0.013615 0.350425 0.027084 0.045423
0 0.067080 0.349429 0.025825 0.044097
0 0.041566 0.349159 0.020562 0.043505
0 0.099921 0.349837 0.024113 0.046743
5 0.432975 0.373284 0.037751 0.043214
1 0.902982 0.872495 0.019460 0.042589
1 0.297494 0.873040 0.013797 0.030579
5 0.462395 0.475939 0.099611 0.047824
1 0.297239 0.833177 0.014308 0.031671
1 0.297750 0.913448 0.013286 0.028395
5 0.642769 0.373512 0.382815 0.048959
5 0.491373 0.170573 0.086273 0.042017
0 0.132156 0.349232 0.019555 0.047114
5 0.425228 0.270868 0.025171 0.046635
0 0.181239 0.349371 0.022446 0.049420
0 0.280092 0.106284 0.083917 0.027319
0 0.353812 0.105025 0.047154 0.026245
0 0.927480 0.106176 0.014792 0.031542
0 0.969182 0.105287 0.047457 0.033605
0 0.213912 0.104318 0.030613 0.028454
1 0.902998 0.911268 0.019050 0.041492
0 0.593258 0.108380 0.049445 0.028652
1 0.006003 0.784149 0.011885 0.035667
3 0.492360 0.729827 0.172886 0.048125
0 0.410876 0.104985 0.046855 0.025826
0 0.640416 0.106643 0.025222 0.028204
0 0.902449 0.106820 0.017116 0.031768
5 0.765827 0.171550 0.212774 0.047644
0 0.275256 0.220269 0.024341 0.041932
1 0.006284 0.862804 0.012502 0.032537
1 0.005809 0.705537 0.011431 0.038310
1 0.005670 0.744575 0.011019 0.035779
1 0.006113 0.544685 0.011432 0.041014
0 0.501989 0.108314 0.117929 0.027998
1 0.005660 0.665536 0.010993 0.036855
1 0.005765 0.625923 0.010939 0.039467
1 0.005746 0.585820 0.010979 0.037380
5 0.351389 0.867849 0.044033 0.040265
0 0.887895 0.982878 0.069074 0.032990
1 0.005945 0.822984 0.011568 0.034346
0 0.275240 0.728875 0.024783 0.044280
0 0.105018 0.105123 0.169612 0.032222
3 0.029871 0.466187 0.034552 0.037858
5 0.532260 0.830234 0.140635 0.041322
0 0.717770 0.105287 0.112424 0.029169
3 0.800752 0.105616 0.036249 0.030195
5 0.425528 0.871478 0.027495 0.046224
5 0.532422 0.871488 0.140961 0.046205
1 0.005711 0.504552 0.011039 0.036800
5 0.393183 0.827904 0.041974 0.039918
3 0.151630 0.349710 0.017707 0.050456
3 0.373324 0.168600 0.159480 0.047367
5 0.979820 0.170447 0.040360 0.050456
0 0.960788 0.985665 0.060810 0.028670
5 0.392975 0.871950 0.042807 0.045281
5 0.870490 0.732411 0.259019 0.045281