5 0.250266 0.508882 0.249080 0.046273
5 0.250752 0.291506 0.251299 0.040055
5 0.163979 0.379961 0.078999 0.041554
0 0.144839 0.088225 0.082610 0.030415
5 0.247442 0.212117 0.248194 0.049606
0 0.060748 0.088734 0.075684 0.031317
0 0.971480 0.976259 0.027201 0.034497
5 0.158735 0.683191 0.067890 0.039115
0 0.210321 0.088125 0.036223 0.027758
0 0.251572 0.089165 0.031111 0.027457
0 0.967065 0.088831 0.043078 0.036296
3 0.251821 0.088975 0.030720 0.027939
3 0.249614 0.292689 0.246218 0.040322
4 0.966695 0.088900 0.043294 0.037073
5 0.247239 0.253118 0.247511 0.048028
5 0.249211 0.725891 0.252311 0.046284
3 0.248418 0.251890 0.250231 0.035426