0 0.763017 0.811989 0.038723 0.037886
5 0.412510 0.362844 0.096551 0.033707
5 0.403609 0.580716 0.086048 0.037750
5 0.384238 0.451278 0.042881 0.039780
5 0.383623 0.536801 0.044678 0.037650
5 0.377861 0.671179 0.031999 0.039149
0 0.698130 0.811004 0.083882 0.040968
5 0.383505 0.405814 0.043955 0.039780
5 0.384291 0.712793 0.043780 0.036093
5 0.373638 0.493553 0.021109 0.034974
0 0.623861 0.809550 0.055965 0.035535
5 0.387160 0.626347 0.051779 0.040412
0 0.971732 0.974804 0.047836 0.038487
0 0.203355 0.082454 0.087949 0.028829
0 0.082270 0.084274 0.133269 0.032589
0 0.466407 0.363915 0.016011 0.034872
0 0.973913 0.082894 0.046193 0.030739
0 0.452239 0.082861 0.077084 0.027284
3 0.514024 0.082864 0.033999 0.025650
0 0.331647 0.087267 0.145639 0.034097
0 0.787063 0.246224 0.014365 0.022732