0 0.292659 0.261574 0.121121 0.043484
5 0.231574 0.171270 0.215222 0.039890
0 0.975601 0.089379 0.043537 0.031812
5 0.168540 0.262568 0.092533 0.043410
0 0.058690 0.356373 0.052889 0.039267
0 0.458414 0.170287 0.020303 0.036451
0 0.395280 0.170151 0.022248 0.037983
5 0.168224 0.215482 0.091264 0.043295
3 0.155086 0.088940 0.035406 0.029722
0 0.417311 0.170405 0.019503 0.036062
0 0.480576 0.170326 0.021352 0.037769
0 0.437217 0.170319 0.019973 0.036333
0 0.072312 0.088326 0.117412 0.029808
0 0.936426 0.090551 0.016951 0.032793
0 0.345545 0.170576 0.016862 0.036363