0 0.287641 0.258527 0.119355 0.042441
0 0.433810 0.167096 0.020282 0.040935
5 0.163825 0.258637 0.090469 0.040963
0 0.391767 0.167053 0.022768 0.043433
0 0.412950 0.166708 0.020322 0.041678
0 0.454846 0.167664 0.020248 0.040215
5 0.163896 0.214913 0.091585 0.041757
0 0.475854 0.167121 0.022103 0.042808
0 0.971594 0.086862 0.046326 0.033443
0 0.066745 0.087317 0.118718 0.031526
5 0.226467 0.168397 0.217279 0.041539
0 0.055318 0.352411 0.052795 0.040346
0 0.932909 0.087846 0.017607 0.032473
0 0.341129 0.169848 0.016699 0.036025
0 0.169948 0.086846 0.075922 0.032161
0 0.233822 0.086434 0.034188 0.029629
3 0.233915 0.087150 0.033800 0.029815