0 0.699433 0.755319 0.085457 0.040770
1 0.016124 0.594812 0.012426 0.024341
1 0.016346 0.773314 0.012869 0.024341
1 0.016736 0.842950 0.013651 0.026581
1 0.016575 0.665938 0.012972 0.027231
1 0.016143 0.737092 0.012972 0.026652
0 0.903300 0.977118 0.065926 0.037957
1 0.016568 0.559766 0.013313 0.026370
0 0.766336 0.754410 0.038004 0.035620
0 0.109153 0.091788 0.079681 0.027949
5 0.398160 0.565939 0.086688 0.039622
1 0.016124 0.523141 0.012426 0.023440
0 0.428362 0.171217 0.020853 0.039698
0 0.449299 0.170920 0.019789 0.039117
1 0.015902 0.487982 0.011982 0.025243
5 0.467139 0.431306 0.227474 0.039852
5 0.467469 0.474369 0.228340 0.039691
0 0.033644 0.092858 0.053743 0.029005
0 0.407835 0.171036 0.020559 0.040426
0 0.386526 0.171102 0.021591 0.040275
0 0.971095 0.977335 0.057810 0.031842
5 0.377364 0.655291 0.045755 0.037546
0 0.624416 0.755975 0.057829 0.037756
0 0.977721 0.092281 0.044075 0.030926
5 0.376896 0.612801 0.045241 0.038769
1 0.016791 0.702245 0.012539 0.027231
1 0.016124 0.916063 0.013313 0.026158
0 0.470855 0.171191 0.022163 0.040595
5 0.167237 0.217267 0.030676 0.037987
1 0.016054 0.808475 0.012285 0.027950
0 0.200150 0.092032 0.087109 0.030470
1 0.016143 0.630801 0.012972 0.027231
5 0.370646 0.518857 0.032714 0.038098
0 0.291521 0.387291 0.100697 0.039877
0 0.287672 0.093126 0.073638 0.029614
5 0.200242 0.260835 0.090722 0.038070
5 0.175228 0.307833 0.045539 0.037973
5 0.090635 0.630400 0.132553 0.040155
5 0.220194 0.172671 0.136639 0.041680
5 0.090157 0.807687 0.132463 0.039601
3 0.351660 0.091867 0.031263 0.026779
1 0.789527 0.879150 0.011858 0.024410
1 0.726936 0.878183 0.012881 0.024854
5 0.089529 0.594640 0.132935 0.040407
1 0.790065 0.913286 0.012731 0.028267
5 0.089927 0.844257 0.132002 0.041343
5 0.089866 0.487351 0.133610 0.041917
0 0.792554 0.309451 0.015314 0.028694
5 0.090316 0.666639 0.132780 0.041441
1 0.821876 0.843104 0.013350 0.022287
1 0.726792 0.842704 0.012974 0.024714
1 0.726853 0.914766 0.014337 0.030983
1 0.016346 0.880896 0.013757 0.024341