3 0.402549 0.390866 0.143280 0.051679
0 0.750601 0.896897 0.021735 0.044010
0 0.130153 0.193558 0.024157 0.051965
3 0.729150 0.108829 0.039373 0.034174
0 0.725012 0.896432 0.023095 0.046351
0 0.977766 0.111553 0.044467 0.034707
0 0.775603 0.897463 0.022862 0.046259
0 0.257242 0.391273 0.024603 0.048118
0 0.008855 0.194025 0.017710 0.046869
3 0.051075 0.193162 0.015700 0.051792
0 0.286572 0.390482 0.025327 0.048029
0 0.699161 0.896524 0.021441 0.044646
0 0.421135 0.973200 0.020914 0.035358
0 0.193077 0.111993 0.152005 0.037119
0 0.397563 0.974217 0.021936 0.037364
0 0.079363 0.193807 0.019600 0.052588
0 0.269783 0.972997 0.022006 0.041870
0 0.314708 0.389778 0.026041 0.048291
0 0.375871 0.974130 0.021875 0.038305
0 0.801978 0.897019 0.022616 0.046927
0 0.228344 0.391244 0.026318 0.050510
1 0.220825 0.625105 0.017354 0.036440
0 0.293206 0.971877 0.020984 0.041577
0 0.328062 0.109696 0.096851 0.034702
0 0.246687 0.972385 0.020937 0.041752
1 0.220796 0.667559 0.017807 0.036501
3 0.657953 0.109543 0.084932 0.036039
0 0.063480 0.109204 0.086705 0.033752
0 0.437812 0.110212 0.107233 0.037783
1 0.220776 0.708531 0.017049 0.036902
0 0.553501 0.111006 0.107461 0.037542
0 0.031448 0.193351 0.023553 0.047929
1 0.220602 0.584339 0.018322 0.037055
0 0.069694 0.038946 0.028414 0.036714
3 0.098758 0.193007 0.018026 0.048908
0 0.820319 0.243356 0.013931 0.038947