0 0.852697 0.967610 0.085925 0.046383
3 0.821696 0.104344 0.046140 0.034151
0 0.018858 0.386812 0.028588 0.048599
0 0.939504 0.964376 0.070616 0.038505
0 0.263144 0.105031 0.035949 0.029695
0 0.593940 0.386666 0.029587 0.049581
0 0.564817 0.386498 0.027666 0.047858
3 0.134526 0.174537 0.197497 0.050138
5 0.278905 0.173231 0.101268 0.049911
0 0.359608 0.105069 0.134772 0.032958
0 0.132008 0.106268 0.204313 0.034926
0 0.464168 0.105268 0.058985 0.032394
0 0.517759 0.105267 0.032023 0.031615
0 0.613865 0.106080 0.134554 0.036582
0 0.017591 0.282449 0.026968 0.042602
0 0.018798 0.228899 0.028034 0.045197
1 0.380327 0.173443 0.019716 0.033427
0 0.949065 0.105711 0.056508 0.040345
3 0.740401 0.105516 0.100088 0.034506
3 0.342158 0.388505 0.372062 0.057032
0 0.901903 0.107209 0.021427 0.038547