0 0.903329 0.970987 0.064560 0.035551
3 0.115117 0.162601 0.149351 0.040222
0 0.373399 0.084205 0.023010 0.026673
0 0.026253 0.206001 0.021740 0.033582
5 0.746868 0.318224 0.501771 0.186291
3 0.601323 0.085029 0.034755 0.029582
3 0.553775 0.423388 0.111151 0.037265
0 0.462660 0.729402 0.021419 0.036940
0 0.441432 0.729603 0.021190 0.036079
5 0.224839 0.161696 0.073158 0.040384
0 0.026342 0.727963 0.022864 0.040276
0 0.178936 0.084065 0.028146 0.025645
0 0.969875 0.975499 0.055827 0.032228
0 0.332200 0.083621 0.044335 0.028232
0 0.026638 0.642238 0.022383 0.039460
0 0.087332 0.083927 0.140650 0.029583
0 0.251837 0.083809 0.102387 0.028546
1 0.300600 0.165116 0.014474 0.022894
0 0.443410 0.084796 0.103809 0.029421
0 0.938722 0.085367 0.015080 0.029429
0 0.975758 0.083630 0.043703 0.029568
3 0.540033 0.084426 0.077436 0.034108
5 0.087057 0.359540 0.104236 0.036989
5 0.087453 0.396717 0.104797 0.046542
3 0.269491 0.728695 0.286256 0.045543
5 0.153733 0.358578 0.029337 0.032757
5 0.153586 0.325520 0.029675 0.033638
0 0.051602 0.209147 0.027369 0.033923
5 0.104127 0.324397 0.072271 0.032050
5 0.155173 0.393236 0.029289 0.039201