1 0.153652 0.441998 0.015693 0.036546
1 0.153663 0.640477 0.015143 0.030815
1 0.153563 0.282785 0.014757 0.034324
1 0.153508 0.201861 0.016399 0.033027
1 0.045083 0.281083 0.015021 0.031572
1 0.153845 0.362115 0.015969 0.030822
1 0.044969 0.361871 0.015088 0.033430
1 0.153408 0.481419 0.014181 0.029580
1 0.153118 0.402067 0.014951 0.031620
1 0.045550 0.442206 0.015363 0.032522
1 0.045309 0.322893 0.014584 0.031618
1 0.153821 0.560459 0.014975 0.031159
1 0.045186 0.481631 0.015522 0.031631
1 0.153664 0.601751 0.014733 0.034033
1 0.044820 0.402265 0.016565 0.028787
1 0.153099 0.721661 0.013911 0.027465
1 0.044747 0.721239 0.015532 0.031572
1 0.045617 0.640451 0.014608 0.031572
0 0.214336 0.827494 0.023297 0.040673
1 0.153288 0.243261 0.015399 0.033009
1 0.044303 0.681774 0.014645 0.030644
1 0.045565 0.202752 0.015098 0.030915
1 0.044873 0.243412 0.015487 0.034232
1 0.045191 0.521281 0.014645 0.027858
1 0.153789 0.521745 0.014306 0.030644
0 0.893841 0.983440 0.071179 0.033120
1 0.045413 0.601605 0.014201 0.030644
0 0.084847 0.827347 0.022688 0.042268
1 0.153844 0.322386 0.014605 0.032907
1 0.045070 0.563215 0.015291 0.028152
0 0.114659 0.827792 0.022121 0.041096
0 0.320951 0.829659 0.149077 0.045660
0 0.168292 0.827999 0.022940 0.041157
1 0.153398 0.681464 0.015976 0.028787
0 0.061723 0.827448 0.019810 0.038867
1 0.045635 0.760240 0.014645 0.029715
0 0.139279 0.828239 0.023537 0.041050
0 0.038967 0.827462 0.022539 0.038677
0 0.191074 0.827924 0.021573 0.040576
5 0.215787 0.559059 0.096321 0.038752
5 0.216437 0.401097 0.094718 0.041303
5 0.215935 0.480776 0.096571 0.038379
5 0.486415 0.282775 0.447297 0.046011
5 0.216540 0.719798 0.094719 0.040168
5 0.216287 0.520098 0.094690 0.043141
5 0.216406 0.441654 0.094656 0.042502
5 0.216519 0.641670 0.097054 0.040477
5 0.216737 0.360599 0.093543 0.042963
5 0.217236 0.599058 0.093453 0.045144
0 0.254193 0.105218 0.085596 0.032344
1 0.153339 0.162616 0.016309 0.033343
3 0.763009 0.104825 0.038939 0.030253
5 0.216482 0.321290 0.093920 0.041850
0 0.466126 0.105502 0.089855 0.031622
0 0.083408 0.105837 0.158409 0.034254
0 0.933165 0.105916 0.017034 0.031415
0 0.386842 0.105742 0.050438 0.031349
0 0.674864 0.106289 0.053525 0.032177
5 0.216512 0.281561 0.093685 0.042352
1 0.153620 0.760859 0.015532 0.029715
0 0.329650 0.105229 0.052286 0.030565
5 0.216439 0.680224 0.097176 0.041327
5 0.485888 0.360767 0.446820 0.048457
5 0.215403 0.759338 0.097194 0.044432
0 0.187428 0.105583 0.030985 0.030472
5 0.485657 0.480672 0.444380 0.048224
0 0.579393 0.106221 0.119691 0.033807
0 0.974513 0.105824 0.049825 0.032032
5 0.486342 0.521255 0.444801 0.048259
5 0.769408 0.519999 0.130787 0.043233
5 0.770084 0.440918 0.129989 0.044193
0 0.721148 0.106001 0.025039 0.031215
5 0.216983 0.242940 0.092852 0.040552
5 0.771709 0.480270 0.127529 0.041255
5 0.743190 0.827276 0.047013 0.044171
1 0.045057 0.163990 0.015855 0.031393
5 0.483876 0.640616 0.441409 0.046046
5 0.769647 0.282155 0.130617 0.042778
5 0.770039 0.639847 0.130196 0.041644
5 0.770215 0.401229 0.129693 0.041452
5 0.769335 0.360717 0.130680 0.043034
5 0.769963 0.560018 0.129432 0.039944
5 0.770135 0.598577 0.129626 0.045189
5 0.770339 0.719467 0.128417 0.041716
5 0.769402 0.321596 0.131119 0.042182
5 0.484456 0.320566 0.445257 0.046184
0 0.966125 0.985699 0.059875 0.028601
5 0.770328 0.678826 0.128942 0.043289
5 0.485981 0.559629 0.442520 0.040679
5 0.771277 0.243470 0.130813 0.041015
0 0.906622 0.106073 0.017125 0.033004
5 0.484951 0.242778 0.447136 0.041735
5 0.486546 0.599280 0.442923 0.045746
5 0.218048 0.200633 0.095869 0.044154
5 0.486338 0.678884 0.439762 0.039232
5 0.772173 0.201082 0.127007 0.046981
0 0.016486 0.984325 0.017206 0.030045
5 0.486173 0.441759 0.440604 0.044615
5 0.485717 0.401519 0.444581 0.042267
5 0.217059 0.160566 0.094779 0.043081
5 0.484695 0.162313 0.444581 0.043306
5 0.484312 0.200808 0.443814 0.049722
5 0.484695 0.720218 0.444581 0.051326
5 0.484951 0.762722 0.443048 0.043306
5 0.771756 0.763524 0.128009 0.044910