1 0.039421 0.436600 0.018882 0.036759
0 0.861409 0.552307 0.080926 0.046337
1 0.060811 0.436089 0.018656 0.037269
1 0.045733 0.847275 0.016030 0.032951
1 0.061467 0.476056 0.019541 0.035296
1 0.046043 0.886649 0.015406 0.034766
1 0.039145 0.397202 0.018776 0.035886
1 0.038609 0.475961 0.018598 0.034930
0 0.040900 0.550227 0.025523 0.045046
0 0.897353 0.983450 0.072968 0.033100
0 0.936999 0.103336 0.015528 0.034112
0 0.018102 0.653869 0.023761 0.046525
0 0.934462 0.550865 0.023271 0.045685
1 0.045492 0.807788 0.015093 0.033337
0 0.071044 0.550375 0.024503 0.043172
1 0.156549 0.884781 0.016088 0.031967
0 0.094138 0.550326 0.021217 0.042786
0 0.147375 0.550808 0.023243 0.041792
1 0.060649 0.397049 0.018290 0.036250
0 0.017955 0.296026 0.022999 0.043551
0 0.117472 0.550602 0.022314 0.043964
1 0.156192 0.847800 0.016043 0.032579
1 0.045708 0.929258 0.016377 0.036857
0 0.084524 0.104520 0.158852 0.035114
1 0.156932 0.807055 0.016065 0.035664
0 0.765992 0.263401 0.023425 0.041792
0 0.976979 0.103157 0.045427 0.034023
0 0.171371 0.550944 0.024752 0.042796
1 0.155750 0.930232 0.015772 0.034636
0 0.684575 0.961542 0.016822 0.036019
0 0.450401 0.420521 0.035504 0.037775
0 0.765574 0.211887 0.024642 0.049065
0 0.658370 0.961902 0.018082 0.036757
0 0.910953 0.103822 0.016345 0.033679
0 0.737636 0.961430 0.068140 0.039704
0 0.969316 0.986321 0.060067 0.027358
0 0.370351 0.622050 0.020881 0.040837
1 0.652373 0.215583 0.015863 0.031369
0 0.807548 0.124154 0.019381 0.044586
0 0.018222 0.245321 0.023407 0.043400
0 0.073109 0.710343 0.042396 0.038092
0 0.019134 0.193012 0.026260 0.054732
0 0.055499 0.029532 0.027078 0.039362
5 0.351401 0.623288 0.022163 0.044472