1 0.032192 0.583852 0.016442 0.033389
1 0.031941 0.622017 0.016474 0.031914
1 0.032276 0.699230 0.016074 0.031370
1 0.032233 0.509663 0.016665 0.030604
0 0.871831 0.975066 0.075476 0.040313
5 0.443171 0.182989 0.330137 0.046074
1 0.031758 0.469828 0.016296 0.032085
1 0.032102 0.660144 0.016071 0.034233
1 0.032299 0.546800 0.016892 0.032388
0 0.951631 0.974884 0.069816 0.037056
1 0.032424 0.735779 0.016800 0.030524
0 0.620363 0.182174 0.026793 0.043084
0 0.128537 0.097911 0.113128 0.034025
5 0.552396 0.231384 0.207909 0.045287
0 0.285528 0.097406 0.189995 0.038572
0 0.617419 0.097480 0.130288 0.035805
5 0.587384 0.585243 0.283686 0.041801
0 0.065150 0.374636 0.088824 0.043552
0 0.424437 0.098406 0.069009 0.030307
0 0.419273 0.374473 0.089967 0.042331
0 0.435375 0.231146 0.023262 0.037710
0 0.667869 0.231105 0.026854 0.040814
5 0.587819 0.471397 0.285089 0.045159
0 0.668887 0.182242 0.027044 0.043299
0 0.781120 0.375548 0.088944 0.043041
0 0.519788 0.374801 0.112662 0.042810
0 0.506509 0.097085 0.077178 0.032735
5 0.265304 0.231887 0.316464 0.046753
5 0.909419 0.625376 0.044568 0.040653
0 0.331017 0.374519 0.088366 0.041879
5 0.910022 0.663245 0.045772 0.039445
0 0.041363 0.097205 0.040931 0.032772
5 0.128890 0.182428 0.039465 0.038594
5 0.587589 0.623029 0.281305 0.042182
0 0.635264 0.375277 0.023298 0.040176
5 0.393797 0.696010 0.059616 0.036949
5 0.393643 0.658928 0.060476 0.039571
5 0.908817 0.699070 0.045772 0.035552
5 0.908586 0.509629 0.045029 0.044041
0 0.154216 0.375020 0.088250 0.041071
5 0.393962 0.732642 0.059084 0.038666
5 0.587255 0.659722 0.283054 0.043404
0 0.610738 0.375223 0.022557 0.039619
5 0.393612 0.470390 0.058656 0.040372
5 0.393460 0.507428 0.058804 0.037759
5 0.394237 0.585351 0.059223 0.037463
5 0.587711 0.696501 0.283685 0.044084
5 0.908817 0.586617 0.043363 0.039124
5 0.588492 0.508630 0.279694 0.041468
5 0.393088 0.545766 0.060159 0.040518
5 0.393560 0.621078 0.060043 0.040007
0 0.242918 0.375072 0.089387 0.043529
0 0.586986 0.374905 0.023493 0.040259
5 0.909524 0.549433 0.045562 0.041221
0 0.757064 0.097962 0.138395 0.035587
0 0.692492 0.375190 0.089986 0.043666
0 0.743587 0.469454 0.028868 0.040324
5 0.588011 0.546774 0.284269 0.043979
5 0.204455 0.182280 0.103545 0.044838
5 0.909220 0.468601 0.043984 0.041197
5 0.908972 0.732392 0.044313 0.037984
0 0.956712 0.097389 0.051366 0.039509
3 0.855055 0.098126 0.045290 0.036223
0 0.035118 0.974172 0.016067 0.026212
5 0.587141 0.737172 0.282529 0.040653