1 0.041586 0.538329 0.015668 0.032447
1 0.041605 0.709705 0.015659 0.031480
1 0.041337 0.606750 0.015386 0.030359
1 0.041266 0.642229 0.015183 0.031791
1 0.041419 0.470230 0.015408 0.033165
1 0.041274 0.676185 0.014951 0.030062
1 0.041662 0.435147 0.015877 0.030434
1 0.041491 0.744860 0.015990 0.032549
1 0.041502 0.505190 0.015278 0.032407
1 0.041314 0.573972 0.015554 0.031187
5 0.471587 0.435239 0.035669 0.034533
0 0.904267 0.974009 0.066988 0.036547
3 0.111277 0.168316 0.144704 0.039844
0 0.350865 0.347036 0.021457 0.038023
5 0.329506 0.677671 0.150803 0.038402
5 0.512787 0.435904 0.051337 0.034830
0 0.487918 0.346594 0.022150 0.039824
0 0.022325 0.341690 0.022508 0.040229
5 0.136544 0.607028 0.031686 0.034188
5 0.513146 0.505850 0.051597 0.036725
5 0.100602 0.607814 0.040925 0.035371
5 0.513635 0.676507 0.052556 0.036750
5 0.219579 0.608049 0.073599 0.035480
5 0.219728 0.505691 0.073535 0.036652
5 0.593779 0.676777 0.074573 0.037414
5 0.471162 0.505792 0.036038 0.036117
5 0.100567 0.505787 0.042991 0.036150
0 0.517052 0.346702 0.021363 0.039220
5 0.471047 0.607620 0.036019 0.034619
5 0.219541 0.676529 0.073821 0.036866
5 0.167333 0.572139 0.033257 0.035167
5 0.428858 0.436106 0.052112 0.036065
5 0.100710 0.642025 0.042787 0.036428
5 0.217604 0.710488 0.075168 0.034432
5 0.100685 0.676228 0.042633 0.035841
5 0.428669 0.505887 0.052440 0.036700
5 0.513029 0.607797 0.051949 0.035037
5 0.100711 0.572560 0.042270 0.035881
5 0.167640 0.538215 0.032261 0.033990
5 0.136618 0.505576 0.032057 0.035340
5 0.136594 0.435134 0.032020 0.034064
5 0.167035 0.505453 0.031932 0.035538
5 0.136496 0.708981 0.031919 0.033835
5 0.217959 0.642497 0.074428 0.037263
5 0.593214 0.608558 0.075173 0.036227
5 0.742449 0.573677 0.080547 0.038560
5 0.665513 0.676995 0.072952 0.038173
5 0.218907 0.538804 0.072950 0.035454
5 0.100388 0.538412 0.042910 0.034643
5 0.329388 0.642654 0.151433 0.039210
5 0.950624 0.677048 0.067596 0.037594
5 0.513593 0.709988 0.051805 0.035275
5 0.167268 0.606875 0.032561 0.035101
5 0.471301 0.676940 0.036041 0.035485
5 0.429048 0.470346 0.051785 0.037048
5 0.218711 0.573231 0.073020 0.037107
5 0.136294 0.744618 0.031184 0.036443
5 0.101168 0.709255 0.041460 0.034599
5 0.428599 0.608178 0.051899 0.035357
5 0.167330 0.642236 0.033648 0.036787
5 0.513372 0.744383 0.052214 0.037136
0 0.145041 0.346908 0.020638 0.039488
0 0.047465 0.344580 0.021118 0.038948
5 0.594417 0.709969 0.076091 0.035139
5 0.100744 0.744733 0.042276 0.036501
5 0.100742 0.470250 0.042390 0.036967
5 0.664862 0.505841 0.072309 0.037026
5 0.513547 0.642002 0.051206 0.037255
5 0.428461 0.676721 0.053032 0.037192
5 0.593821 0.505629 0.074924 0.036564
0 0.022821 0.212074 0.021881 0.034262
5 0.136485 0.470434 0.031387 0.036698
0 0.696882 0.346750 0.020955 0.037753
5 0.135738 0.538118 0.031564 0.033972
5 0.167375 0.470041 0.032757 0.036897
5 0.136372 0.642218 0.031667 0.036563
0 0.192220 0.347520 0.021357 0.040547
0 0.215671 0.347559 0.020761 0.037766
5 0.741515 0.677049 0.082316 0.037388
5 0.471086 0.709594 0.036151 0.034448
5 0.470990 0.642145 0.036453 0.036866
5 0.136601 0.676368 0.031597 0.034678
5 0.136421 0.572625 0.031525 0.035774
5 0.471363 0.470355 0.035857 0.036432
5 0.167570 0.709183 0.032449 0.034442
5 0.471043 0.572461 0.036380 0.036078
5 0.664998 0.608845 0.074049 0.035414
5 0.513050 0.538444 0.051890 0.035036
5 0.592481 0.435811 0.073317 0.035744
5 0.428895 0.538562 0.052038 0.035783
0 0.168082 0.347064 0.020243 0.040169
5 0.221866 0.168210 0.076596 0.037859
5 0.428649 0.744465 0.052034 0.037543
5 0.665422 0.744615 0.072199 0.037439
5 0.218670 0.745024 0.074020 0.036586
5 0.167327 0.744085 0.033169 0.036646
5 0.665801 0.573583 0.073295 0.038407
5 0.814654 0.677078 0.067543 0.037564
5 0.513468 0.572514 0.051660 0.036967
5 0.428901 0.710086 0.052065 0.034808
5 0.593298 0.745134 0.075341 0.036569
5 0.167233 0.676561 0.032293 0.034994
5 0.470963 0.538498 0.036609 0.034859
5 0.665472 0.710336 0.072446 0.034545
5 0.513584 0.470440 0.051571 0.036837
5 0.219030 0.470190 0.072969 0.037326
0 0.970407 0.976096 0.058503 0.035501
5 0.428520 0.642002 0.052055 0.037413
5 0.593513 0.538568 0.073837 0.035987
5 0.330196 0.505685 0.150454 0.036613
0 0.540630 0.346677 0.020354 0.036646
5 0.950271 0.709863 0.068720 0.035713
5 0.593731 0.642556 0.073612 0.037137
5 0.664877 0.435543 0.073716 0.036927
5 0.100963 0.437785 0.042136 0.033772
5 0.950438 0.744787 0.068207 0.036405
5 0.814065 0.709853 0.068596 0.034902
5 0.471197 0.744494 0.036283 0.036805
5 0.428692 0.573003 0.052089 0.038035
5 0.167339 0.435274 0.033294 0.035068
0 0.634398 0.347586 0.098892 0.040299
5 0.329557 0.539194 0.151771 0.038503
5 0.665002 0.642382 0.073136 0.037541
5 0.593101 0.573254 0.074832 0.037486
0 0.564029 0.346944 0.021023 0.037353
0 0.084900 0.092256 0.140884 0.033181
5 0.329280 0.745190 0.149487 0.037447
0 0.330026 0.090341 0.044548 0.029642
5 0.329615 0.608405 0.151021 0.035754
0 0.281689 0.347555 0.018181 0.038600
5 0.329240 0.711046 0.151136 0.035706
5 0.665014 0.538582 0.073513 0.035708
5 0.741360 0.710738 0.083268 0.034922
5 0.219858 0.435706 0.073870 0.035926
5 0.593186 0.470475 0.074248 0.036915
5 0.814520 0.744785 0.067644 0.036772
3 0.601300 0.090696 0.035206 0.028762
5 0.741628 0.744975 0.082473 0.036573
5 0.950422 0.608274 0.068951 0.035608
5 0.741474 0.505733 0.082799 0.036494
0 0.371696 0.090507 0.023322 0.027433
0 0.077412 0.346936 0.020697 0.037427
5 0.741944 0.642971 0.082368 0.036954
5 0.742273 0.609167 0.082263 0.035954
5 0.329645 0.436469 0.147623 0.037433
0 0.252175 0.090280 0.096763 0.031978
5 0.665151 0.470890 0.072511 0.034459
5 0.742049 0.436335 0.083908 0.036587
5 0.866584 0.744490 0.041349 0.036177
5 0.901481 0.709308 0.033308 0.033641
5 0.950584 0.642579 0.069564 0.037115
5 0.866539 0.709548 0.040947 0.034147
5 0.742308 0.470843 0.080913 0.035946
5 0.950732 0.436571 0.068072 0.036106
5 0.815352 0.608114 0.067293 0.035617
5 0.742560 0.538676 0.079997 0.034406
5 0.950723 0.573620 0.069115 0.033021
5 0.814421 0.505608 0.067591 0.036457
5 0.813895 0.642082 0.069047 0.037485
5 0.866648 0.676607 0.039925 0.035417
0 0.939786 0.090622 0.015003 0.028470
0 0.441553 0.091372 0.105514 0.033006
5 0.950913 0.539628 0.068810 0.034266
5 0.814201 0.436054 0.065243 0.036790
0 0.379474 0.346858 0.030633 0.038615
0 0.441469 0.346509 0.018889 0.036089
5 0.901602 0.676695 0.032467 0.035137
5 0.901739 0.744239 0.032131 0.036666
5 0.901603 0.642129 0.033066 0.035844
5 0.950475 0.505773 0.068744 0.036453
5 0.814634 0.539586 0.068694 0.033785
5 0.866631 0.642009 0.040869 0.036229
5 0.950383 0.470858 0.068945 0.033800
0 0.175861 0.091157 0.027651 0.029911
5 0.901764 0.573681 0.034175 0.032823
5 0.814545 0.470859 0.067174 0.036522
0 0.237879 0.347497 0.017196 0.037437
5 0.901631 0.607892 0.033244 0.033704
5 0.900956 0.436889 0.033608 0.036011
0 0.099232 0.346781 0.017145 0.037080
5 0.814661 0.572901 0.067833 0.037180
5 0.548032 0.435953 0.020333 0.033851
5 0.548392 0.470816 0.020216 0.035660
5 0.866848 0.607959 0.040142 0.034444
5 0.330054 0.470370 0.150777 0.036854
5 0.866616 0.505718 0.040246 0.035656
5 0.548885 0.538187 0.019422 0.034872
5 0.866370 0.435913 0.040496 0.034895
5 0.866490 0.538411 0.040933 0.034253
5 0.548368 0.572637 0.020163 0.035340
5 0.866313 0.470583 0.040511 0.036691
5 0.866187 0.572499 0.041267 0.035976
3 0.977357 0.089665 0.041772 0.028406
5 0.901601 0.538471 0.033370 0.033523
5 0.548910 0.607799 0.020265 0.033429
5 0.548615 0.505665 0.019936 0.034608
5 0.901607 0.470946 0.034670 0.034084
5 0.548693 0.642388 0.019953 0.036210
5 0.549436 0.709340 0.020081 0.034434
1 0.298930 0.166683 0.015581 0.031388
5 0.901714 0.505591 0.032795 0.034940
5 0.548368 0.744862 0.019707 0.035533
5 0.548501 0.676648 0.019543 0.033893
5 0.991996 0.709182 0.015998 0.033687
5 0.991786 0.744845 0.016428 0.035816
5 0.992027 0.641618 0.015946 0.036602
5 0.329084 0.572800 0.150122 0.036741
5 0.991901 0.469176 0.016198 0.038382
5 0.991935 0.435396 0.016130 0.034011
5 0.991827 0.607766 0.016290 0.034385
0 0.023122 0.168895 0.024794 0.043327
5 0.991447 0.677955 0.017106 0.033944
5 0.992167 0.538077 0.015666 0.034695
3 0.538557 0.090661 0.076957 0.030205
5 0.991994 0.573626 0.016012 0.038682
5 0.991777 0.505717 0.016445 0.036963
3 0.459126 0.347193 0.016863 0.039511
3 0.297418 0.346594 0.016261 0.040709
3 0.413956 0.347792 0.030113 0.038314
3 0.253453 0.346594 0.016261 0.040709
3 0.116739 0.346594 0.017466 0.035919