0 0.367938 0.805529 0.147745 0.036325
0 0.118204 0.808083 0.147434 0.041433
0 0.976350 0.085571 0.046843 0.038355
0 0.971347 0.974849 0.057305 0.043204
0 0.053220 0.084554 0.081718 0.031203
0 0.904148 0.973794 0.067640 0.040460
5 0.181673 0.351336 0.035914 0.039460
0 0.117941 0.714448 0.147871 0.039624
5 0.306671 0.581983 0.287608 0.046461
1 0.023667 0.758349 0.014603 0.033025
5 0.173959 0.530838 0.021720 0.037656
0 0.369943 0.714934 0.149434 0.036650
0 0.134386 0.085130 0.062858 0.029552
5 0.303817 0.625771 0.287420 0.045475
0 0.472975 0.577317 0.035968 0.037634
5 0.305622 0.669458 0.291029 0.036455
1 0.023943 0.803775 0.015645 0.031413
3 0.487428 0.487369 0.162693 0.041884
1 0.273854 0.758439 0.014160 0.031433
3 0.192631 0.084781 0.036029 0.029757
3 0.281577 0.487737 0.240711 0.046207
0 0.118511 0.761365 0.149974 0.040728
1 0.274153 0.804228 0.014898 0.029791
1 0.023245 0.714134 0.015430 0.032933
0 0.369062 0.757376 0.147510 0.042492
1 0.273950 0.714061 0.014714 0.032304
0 0.205921 0.350595 0.015693 0.040942
1 0.399101 0.352323 0.013491 0.029595