3 0.183181 0.102980 0.142945 0.035335
0 0.960993 0.973730 0.071397 0.038930
3 0.323433 0.102475 0.104197 0.034147
0 0.014422 0.972399 0.026830 0.042496
3 0.968910 0.103534 0.032489 0.040423
5 0.411620 0.891457 0.441515 0.101178
5 0.049836 0.646515 0.062821 0.037710
5 0.176719 0.607777 0.195610 0.045556
5 0.049237 0.605518 0.063167 0.040443
0 0.074840 0.764706 0.105694 0.042139
0 0.983242 0.384121 0.019231 0.051849
0 0.089289 0.381038 0.023054 0.046905
0 0.050814 0.102017 0.086776 0.033098
5 0.843688 0.606975 0.084778 0.042057
5 0.009755 0.565501 0.016493 0.032636
5 0.177832 0.565942 0.193385 0.045267
5 0.049672 0.567250 0.062951 0.038811
5 0.008203 0.486536 0.014766 0.032861
5 0.049696 0.529088 0.062909 0.041396
5 0.843420 0.528021 0.083575 0.039863
5 0.009419 0.606717 0.017201 0.033235
5 0.844219 0.646560 0.084487 0.041012
5 0.843207 0.565387 0.084194 0.043723
5 0.009824 0.646052 0.017241 0.033390
5 0.177901 0.528744 0.194157 0.039423
5 0.777816 0.610732 0.052924 0.043266
5 0.009951 0.530379 0.014129 0.031050
5 0.178129 0.649243 0.194613 0.041724
5 0.778023 0.530644 0.051023 0.041425
5 0.777807 0.569767 0.051455 0.042346
5 0.778023 0.648015 0.051023 0.040505
5 0.727577 0.531104 0.052752 0.040505
5 0.727144 0.571148 0.052752 0.041425
5 0.727144 0.609812 0.051887 0.043266
5 0.726712 0.649856 0.052752 0.040505
5 0.660988 0.528803 0.080425 0.039584
5 0.660555 0.568847 0.081290 0.040505
5 0.660772 0.609352 0.080858 0.042346
5 0.661204 0.648475 0.080858 0.041425
5 0.590291 0.529723 0.062697 0.041425
5 0.590075 0.569767 0.063130 0.042346
5 0.589859 0.609812 0.061832 0.041425
5 0.590291 0.647555 0.061832 0.041425
5 0.345340 0.529723 0.142690 0.039584
5 0.345556 0.568847 0.142258 0.044187
5 0.345556 0.611193 0.142258 0.040505
5 0.345772 0.650777 0.141826 0.042346
3 0.487597 0.530183 0.142690 0.040505
3 0.487165 0.570228 0.143555 0.039584
3 0.487597 0.610272 0.143555 0.042346
3 0.488030 0.648936 0.142690 0.038664