0 0.303875 0.915624 0.023775 0.040831
0 0.486617 0.916749 0.148527 0.047100
0 0.250338 0.915415 0.024370 0.040836
0 0.871141 0.978040 0.072680 0.041037
5 0.348417 0.476811 0.039000 0.039511
5 0.425865 0.619535 0.196045 0.042877
0 0.333678 0.915951 0.023197 0.040954
0 0.380582 0.915679 0.023555 0.040455
0 0.356914 0.916015 0.022274 0.039762
5 0.371710 0.522480 0.087572 0.040725
0 0.133461 0.171539 0.024924 0.046299
0 0.225976 0.915286 0.022262 0.039718
0 0.280111 0.914978 0.023665 0.042009
5 0.379837 0.570174 0.102786 0.041590
0 0.946116 0.978376 0.059713 0.037825
0 0.487655 0.204271 0.024139 0.040759
5 0.388422 0.203984 0.086376 0.041947
5 0.693770 0.619190 0.100454 0.040465
0 0.203499 0.915389 0.022883 0.040370
5 0.503602 0.251386 0.317659 0.044505
5 0.662988 0.427659 0.039108 0.039624
0 0.196179 0.097429 0.156094 0.032889
0 0.065663 0.096339 0.086994 0.030669
0 0.334934 0.095901 0.102750 0.031581
5 0.371863 0.429104 0.085989 0.042174
0 0.564409 0.096308 0.112292 0.032363
5 0.388276 0.156662 0.086684 0.041706
5 0.453560 0.203771 0.046202 0.042603
0 0.447424 0.096243 0.105315 0.030094
0 0.651842 0.096786 0.042533 0.028755
0 0.008462 0.171532 0.016923 0.044086
0 0.750284 0.097173 0.136390 0.033588
0 0.354079 0.719235 0.016571 0.025453
3 0.845837 0.096391 0.040464 0.031494
5 0.762387 0.618698 0.038809 0.040089
3 0.952827 0.097534 0.049064 0.031892
3 0.032429 0.171270 0.021120 0.042872
3 0.101167 0.171685 0.016747 0.043027
0 0.463087 0.716623 0.178081 0.039725
0 0.953105 0.097039 0.048078 0.032391
1 0.209741 0.846565 0.016370 0.029064
1 0.318378 0.810072 0.014112 0.025955
0 0.662489 0.717352 0.204112 0.039850
0 0.799610 0.346503 0.018532 0.036118
0 0.069961 0.028727 0.027893 0.036716
1 0.811688 0.155314 0.017862 0.033397
5 0.913574 0.915057 0.047179 0.043038
0 0.082532 0.172371 0.020305 0.043139
0 0.032397 0.171327 0.020871 0.044401
1 0.211604 0.807293 0.014162 0.033806
3 0.050951 0.171194 0.017728 0.044241