0 0.254073 0.615641 0.124899 0.041595
5 0.335412 0.400877 0.020828 0.036722
0 0.517539 0.915236 0.023731 0.039218
5 0.652279 0.357017 0.030553 0.039449
0 0.469901 0.914998 0.023320 0.038989
5 0.356201 0.443695 0.061809 0.037743
0 0.252510 0.272896 0.128583 0.038865
0 0.493781 0.914965 0.020839 0.038568
0 0.435843 0.088939 0.028014 0.027247
3 0.416008 0.532066 0.181111 0.040856
5 0.356419 0.358466 0.061612 0.039551
0 0.551902 0.088496 0.050869 0.028318
5 0.550511 0.144712 0.246033 0.038840
0 0.253331 0.701576 0.126375 0.039436
0 0.125168 0.088430 0.071465 0.030797
0 0.008620 0.157353 0.017240 0.041145
0 0.487160 0.090325 0.063164 0.029725
0 0.239134 0.088660 0.142702 0.034614
0 0.252835 0.785940 0.127586 0.040375
3 0.388954 0.187509 0.151953 0.038985
0 0.971779 0.089391 0.039412 0.035623
3 0.416475 0.486716 0.181168 0.040655
0 0.365382 0.089739 0.098845 0.031253
5 0.369740 0.144211 0.113863 0.039407
3 0.733614 0.088520 0.031285 0.029655
5 0.326676 0.229533 0.024971 0.035699
0 0.055132 0.089341 0.054262 0.029763
0 0.253644 0.659519 0.126546 0.040604
0 0.610670 0.089083 0.057196 0.029981
0 0.253177 0.743870 0.126491 0.039456
0 0.034254 0.157711 0.017395 0.042679
0 0.937768 0.089234 0.016633 0.033147
3 0.383885 0.916669 0.102186 0.042294
0 0.252264 0.830889 0.127443 0.038446
1 0.516458 0.229345 0.013892 0.028905
4 0.102062 0.760890 0.152457 0.028776
3 0.049608 0.158273 0.014525 0.041560
5 0.642989 0.402137 0.013910 0.037867
0 0.073219 0.159064 0.018161 0.039061
3 0.093773 0.157551 0.016579 0.040060
3 0.677287 0.088901 0.065752 0.030445
4 0.103026 0.591253 0.150531 0.026337
4 0.101598 0.796160 0.151656 0.027059
4 0.102322 0.627221 0.150603 0.028202
4 0.102932 0.693939 0.150593 0.028533
4 0.102990 0.524788 0.150602 0.028110
0 0.108109 0.157327 0.015709 0.040156
4 0.101948 0.458009 0.149944 0.028865
4 0.077044 0.320623 0.101397 0.026680
4 0.102442 0.658863 0.151697 0.025733
4 0.095112 0.355963 0.133870 0.028126
4 0.101692 0.489876 0.149739 0.025414
4 0.102457 0.421640 0.149938 0.028188
4 0.049221 0.257509 0.042807 0.024275
4 0.101325 0.291008 0.146150 0.027188
4 0.103487 0.392477 0.147879 0.026217
4 0.103054 0.558031 0.148744 0.021362
4 0.103703 0.728440 0.150906 0.024275
4 0.103054 0.828938 0.148744 0.031072
4 0.103054 0.862923 0.147014 0.025246
1 0.516712 0.189539 0.012107 0.028159