0 0.165121 0.418927 0.211847 0.229213
0 0.441344 0.145485 0.100158 0.077535
0 0.384433 0.417891 0.211320 0.230102
5 0.267379 0.657709 0.125913 0.052121
5 0.223312 0.145485 0.317509 0.074089
5 0.267379 0.726887 0.125913 0.052121
5 0.499429 0.229987 0.088235 0.072517
0 0.793423 0.495186 0.352445 0.098556
0 0.793142 0.268479 0.352445 0.099504
5 0.379239 0.794328 0.347386 0.051173
0 0.793049 0.608078 0.353195 0.097521
4 0.098473 0.236528 0.191495 0.047541
0 0.793564 0.381950 0.353288 0.099008
5 0.337779 0.231922 0.224164 0.075812
1 0.351696 0.866350 0.016863 0.026534