5 0.302644 0.179123 0.342069 0.030765
3 0.837588 0.449181 0.225210 0.032490
0 0.741892 0.635983 0.021918 0.034650
3 0.731451 0.180221 0.201272 0.028568
0 0.741883 0.567354 0.021917 0.036440
0 0.378360 0.636290 0.022618 0.035583
0 0.480685 0.179358 0.016256 0.030294
0 0.923544 0.567106 0.021554 0.034584
0 0.927480 0.062222 0.013139 0.024684
0 0.923448 0.636497 0.021941 0.035235
0 0.560440 0.636492 0.022527 0.034934
0 0.196556 0.695973 0.022444 0.034516
0 0.956099 0.061556 0.014946 0.023627
0 0.196791 0.636264 0.022766 0.035915
0 0.560360 0.696321 0.020816 0.033304
0 0.378781 0.567692 0.023196 0.037417
0 0.560048 0.566980 0.022205 0.035644
0 0.956692 0.015866 0.011177 0.020669
0 0.197043 0.567472 0.022692 0.035865
0 0.984986 0.015614 0.012921 0.022293
0 0.923328 0.696226 0.020657 0.032560
0 0.742001 0.695721 0.021322 0.032528
0 0.378739 0.696232 0.021810 0.034925
0 0.099541 0.063434 0.013983 0.024396
0 0.960971 0.447769 0.020422 0.031864
0 0.986499 0.447578 0.017018 0.038090
0 0.790426 0.975878 0.095200 0.029866
0 0.908420 0.977825 0.120676 0.033762
0 0.985519 0.975228 0.016090 0.033762