5 0.616479 0.622051 0.075341 0.042030
5 0.616479 0.581416 0.074544 0.041726
5 0.616280 0.702613 0.074942 0.041261
5 0.692412 0.702764 0.076164 0.041735
5 0.692319 0.621923 0.075938 0.042361
5 0.691820 0.662078 0.076138 0.042053
5 0.616679 0.541494 0.074145 0.042297
5 0.615881 0.662099 0.075739 0.042544
5 0.691723 0.581347 0.074738 0.041666
5 0.692219 0.503824 0.076138 0.037853
5 0.616311 0.502788 0.074881 0.038871
5 0.692008 0.541043 0.075762 0.041175
0 0.807732 0.181939 0.022844 0.030296
1 0.191723 0.502341 0.015398 0.030859
5 0.710954 0.274499 0.198916 0.031656
1 0.191650 0.622579 0.014600 0.029332
5 0.710755 0.311946 0.199314 0.030884
5 0.710755 0.352096 0.197720 0.029340
5 0.769021 0.663638 0.076669 0.039377
1 0.191760 0.702639 0.015832 0.030603
1 0.191739 0.542104 0.015128 0.030111
1 0.191648 0.662533 0.014754 0.029442
5 0.768158 0.583726 0.077735 0.038605
5 0.768241 0.702621 0.078164 0.041710
1 0.191645 0.461999 0.016211 0.033965
1 0.191686 0.582783 0.014764 0.030025
5 0.768735 0.623785 0.076894 0.038425
5 0.768132 0.543963 0.077166 0.037833
5 0.711353 0.235508 0.198916 0.030884
5 0.768010 0.504200 0.076566 0.038605
5 0.386477 0.236597 0.200498 0.030353
0 0.220196 0.113903 0.081558 0.040644
5 0.386246 0.275431 0.198193 0.029460
0 0.958554 0.079198 0.023485 0.022629
5 0.386246 0.313550 0.199115 0.032494
0 0.783549 0.939173 0.021281 0.031478
5 0.386016 0.352975 0.198654 0.032782
5 0.541216 0.662416 0.073592 0.042170
5 0.540836 0.702377 0.075148 0.040526
1 0.191658 0.742946 0.017524 0.032187
5 0.541271 0.622293 0.073481 0.042252
0 0.808432 0.874352 0.015329 0.028925
0 0.994531 0.079909 0.010911 0.027197
5 0.541012 0.543176 0.076392 0.039347
5 0.541012 0.581865 0.076392 0.041608
5 0.692074 0.743969 0.076116 0.041672
5 0.767555 0.744014 0.077595 0.042548
0 0.322640 0.112059 0.094027 0.045530
5 0.616280 0.744709 0.073348 0.042466
0 0.818373 0.941122 0.032027 0.035914
5 0.238798 0.504728 0.074449 0.035370
5 0.239149 0.543498 0.076556 0.042171
5 0.239883 0.583629 0.078024 0.038090
5 0.239851 0.623816 0.076556 0.042284
5 0.239851 0.665251 0.075151 0.040811
5 0.238798 0.706062 0.074449 0.043532
5 0.238446 0.745513 0.075151 0.040811
5 0.315353 0.505402 0.077258 0.036719
5 0.315704 0.543498 0.076556 0.042171
5 0.316407 0.584989 0.075151 0.040811
5 0.316279 0.625120 0.076300 0.039451
5 0.315002 0.665251 0.075151 0.038090
5 0.314651 0.705382 0.075853 0.039451
5 0.316056 0.746873 0.078663 0.038090
5 0.391558 0.504042 0.075151 0.039440
5 0.391558 0.544178 0.073746 0.040811
5 0.391558 0.585669 0.075151 0.039451
5 0.391558 0.624440 0.073746 0.038090
5 0.391207 0.661850 0.075853 0.039451
5 0.389802 0.703341 0.075853 0.043532
5 0.392611 0.746193 0.073044 0.042171
5 0.466709 0.504284 0.073746 0.038956
5 0.541509 0.504047 0.073044 0.039451
5 0.466006 0.545539 0.073746 0.040811
5 0.466326 0.583629 0.072980 0.038090
5 0.466006 0.623760 0.073746 0.036730
5 0.467762 0.661850 0.075853 0.039451
5 0.465304 0.701981 0.076556 0.040811
5 0.465304 0.745513 0.070937 0.043532
5 0.540104 0.744152 0.077258 0.043532
3 0.227496 0.833245 0.097435 0.032031
0 0.221239 0.874799 0.031286 0.025105
0 0.813444 0.736721 0.011621 0.029433
0 0.813221 0.512940 0.010280 0.023374
0 0.741262 0.183978 0.098775 0.032031