0 0.759073 0.558997 0.021186 0.030472
0 0.936531 0.079855 0.065752 0.031378
0 0.934118 0.560902 0.021759 0.032377
0 0.955380 0.557378 0.019534 0.031044
5 0.392576 0.185229 0.223697 0.031411
3 0.101524 0.558521 0.112586 0.031425
0 0.948549 0.183489 0.023255 0.031741
0 0.858947 0.556474 0.014796 0.027402
0 0.883996 0.556004 0.016001 0.029259
0 0.834130 0.556864 0.014988 0.026614
5 0.140118 0.184598 0.221239 0.032054
0 0.909373 0.556653 0.015761 0.028747
0 0.500141 0.518081 0.015918 0.026725
0 0.945551 0.974796 0.042836 0.025706
0 0.808855 0.556872 0.014252 0.026503
0 0.985583 0.973878 0.016127 0.026849
0 0.783499 0.557143 0.015294 0.028188
0 0.035790 0.974844 0.059196 0.029475
0 0.897018 0.185942 0.071422 0.029029
0 0.733785 0.556740 0.013548 0.028121
0 0.039487 0.221361 0.012576 0.026884
0 0.708797 0.556956 0.012654 0.025628
0 0.512472 0.183807 0.016571 0.030472
0 0.953979 0.223817 0.016119 0.026831
0 0.260816 0.184760 0.018191 0.030472