5 0.263821 0.887904 0.081359 0.030369
0 0.451042 0.421855 0.143686 0.030869
5 0.413974 0.539271 0.069379 0.029788
5 0.257453 0.539105 0.069573 0.029455
5 0.407508 0.306075 0.056618 0.029696
5 0.395770 0.267020 0.031240 0.028994
0 0.969838 0.965334 0.039580 0.032254
5 0.263584 0.694602 0.081835 0.030812
0 0.451285 0.654761 0.144151 0.030382
5 0.419850 0.693979 0.081416 0.031409
5 0.266914 0.227633 0.087544 0.029473
5 0.395138 0.188356 0.030926 0.030172
5 0.251368 0.304439 0.055501 0.030110
5 0.237706 0.189858 0.030821 0.031332
0 0.511363 0.265424 0.026491 0.029489
5 0.238367 0.265734 0.030450 0.030108
5 0.263792 0.850149 0.082252 0.030425
0 0.451280 0.383720 0.143211 0.030167
5 0.367304 0.810943 0.288324 0.031267
0 0.236600 0.078865 0.076208 0.026268
0 0.511277 0.305286 0.026123 0.031804
0 0.511258 0.189390 0.025847 0.028553
0 0.144290 0.079552 0.082021 0.026464
0 0.511337 0.694235 0.025259 0.030079
0 0.052285 0.079682 0.072390 0.027407
3 0.305240 0.079493 0.036648 0.025847
0 0.450969 0.345138 0.142880 0.030411
0 0.511382 0.228112 0.026112 0.028587
1 0.230713 0.420431 0.012770 0.023341
1 0.230851 0.381752 0.013194 0.025003
0 0.970169 0.079812 0.022887 0.028482
1 0.230570 0.344677 0.014309 0.027646
1 0.230537 0.652654 0.013071 0.025539
1 0.230567 0.924315 0.012106 0.022727
0 0.294978 0.266921 0.031334 0.028796
0 0.041631 0.025363 0.016652 0.037783
5 0.423684 0.228563 0.087068 0.029489