5 0.166225 0.299490 0.075174 0.032656
5 0.369137 0.265837 0.034459 0.031136
5 0.166317 0.265589 0.075523 0.030982
5 0.559319 0.300154 0.021277 0.033002
5 0.149253 0.366185 0.040532 0.030981
5 0.389013 0.299914 0.074626 0.033070
5 0.409536 0.333946 0.114608 0.031960
3 0.094055 0.077718 0.116713 0.033824
5 0.565467 0.265974 0.034489 0.030733
0 0.318348 0.433731 0.017910 0.029726
0 0.296465 0.434328 0.018575 0.029749
5 0.186056 0.333904 0.113167 0.031286
0 0.434433 0.076863 0.014587 0.026787
0 0.411744 0.076608 0.017561 0.028649
0 0.245213 0.434626 0.021866 0.029635
0 0.200718 0.434016 0.017639 0.029390
0 0.393300 0.076825 0.017263 0.028858
0 0.150343 0.433939 0.023898 0.028864
0 0.039556 0.181755 0.014573 0.026523
0 0.175215 0.434070 0.022387 0.029247
0 0.056262 0.181488 0.014443 0.025613
0 0.269173 0.434663 0.023459 0.030421
0 0.045815 0.433980 0.017387 0.028898
0 0.127506 0.182675 0.091127 0.028664
0 0.221861 0.434331 0.022556 0.029776
0 0.203580 0.077976 0.015940 0.026615
0 0.237122 0.182090 0.110602 0.028419
5 0.565781 0.365870 0.035463 0.033079
0 0.021390 0.182118 0.017856 0.029386
0 0.121791 0.434646 0.023061 0.029835
0 0.238746 0.078269 0.016739 0.027622
0 0.064047 0.434012 0.016582 0.028913
0 0.073086 0.181543 0.014947 0.025171
0 0.221104 0.078479 0.015600 0.026506
0 0.022621 0.433732 0.017933 0.028980
0 0.100500 0.434636 0.016528 0.029321
0 0.180608 0.077360 0.016778 0.027883
0 0.452385 0.075473 0.014243 0.025937
0 0.082345 0.434230 0.015656 0.028469
0 0.930997 0.014838 0.014948 0.026093
0 0.371306 0.075974 0.017694 0.027728
0 0.260967 0.077112 0.016397 0.028337
0 0.336339 0.075640 0.015711 0.026416
0 0.353576 0.075778 0.014879 0.026856
0 0.317528 0.076165 0.017906 0.027839
0 0.278421 0.076852 0.015901 0.028517
0 0.296749 0.076591 0.017628 0.028647
1 0.359625 0.367577 0.012229 0.023092
0 0.945940 0.015079 0.014323 0.025935
0 0.163161 0.077275 0.016142 0.027568
0 0.960499 0.015511 0.014543 0.026204
0 0.015494 0.027983 0.015128 0.021396
5 0.026520 0.495303 0.024214 0.025280
5 0.026304 0.521806 0.025511 0.026095
5 0.048572 0.495303 0.019025 0.026911
5 0.048356 0.522213 0.019458 0.026911
5 0.064355 0.494895 0.012539 0.026095
5 0.064139 0.521398 0.012107 0.026911
5 0.105000 0.494487 0.068751 0.026911
5 0.104568 0.522213 0.069616 0.025280
5 0.204883 0.494080 0.131016 0.026095
5 0.205099 0.521398 0.131448 0.025280
5 0.346060 0.494080 0.150473 0.026095
5 0.345844 0.520990 0.150906 0.027726
5 0.439890 0.494895 0.037186 0.027726
5 0.439674 0.520582 0.037618 0.026911
5 0.467779 0.495303 0.018593 0.025280
5 0.467996 0.520990 0.018161 0.026095
5 0.511667 0.495303 0.068318 0.025280
5 0.511667 0.520990 0.069183 0.024464
5 0.586832 0.494487 0.080858 0.025280
5 0.586616 0.521806 0.080425 0.026095
5 0.661853 0.494895 0.069183 0.027726
5 0.662069 0.521806 0.069616 0.027726
5 0.730604 0.495303 0.069183 0.026911
5 0.730820 0.521806 0.068751 0.026095
5 0.799354 0.494895 0.068318 0.026095
5 0.799571 0.521398 0.068751 0.025280
5 0.849080 0.493672 0.031132 0.026911
5 0.849945 0.520582 0.031132 0.026911
0 0.979951 0.982683 0.019025 0.025280