0 0.496447 0.087734 0.019267 0.029799
0 0.525463 0.086617 0.017586 0.028889
0 0.475782 0.087989 0.018196 0.029234
0 0.446956 0.087394 0.018902 0.028378
3 0.110027 0.088956 0.129228 0.037887
3 0.644959 0.488544 0.168662 0.029943
0 0.546410 0.085896 0.016664 0.027112
0 0.426123 0.087450 0.018697 0.030822
5 0.906619 0.260969 0.137056 0.032563
1 0.647728 0.457499 0.012972 0.023841
0 0.750606 0.488495 0.030101 0.035070
3 0.505423 0.261096 0.228303 0.032790
5 0.454564 0.423382 0.079667 0.031587
0 0.820549 0.522735 0.019475 0.031290
5 0.703228 0.391494 0.126243 0.033082
5 0.454372 0.390015 0.079124 0.030924
0 0.784230 0.326762 0.015673 0.026447
5 0.582285 0.456164 0.044407 0.031940
0 0.820447 0.490035 0.018851 0.032088
5 0.476232 0.456881 0.124524 0.034525
0 0.298899 0.973798 0.017881 0.029188
0 0.866480 0.975356 0.014844 0.021092
0 0.201240 0.038200 0.051876 0.032908
0 0.800478 0.326608 0.015023 0.026459
5 0.476449 0.489133 0.124881 0.032112
0 0.330674 0.974521 0.020197 0.033684
1 0.653593 0.815534 0.013253 0.024440
0 0.018056 0.035175 0.015330 0.029085
0 0.100073 0.038356 0.132352 0.024541
0 0.248437 0.039719 0.026062 0.023632
0 0.300816 0.040628 0.049057 0.032721
0 0.352428 0.040174 0.027595 0.029994
0 0.916075 0.017451 0.017374 0.029994
0 0.934471 0.018360 0.017374 0.029994
0 0.951590 0.016996 0.015841 0.030903
4 0.242892 0.078300 0.103843 0.029205
4 0.271294 0.117766 0.157096 0.030783
4 0.253987 0.185647 0.121594 0.033941
4 0.227138 0.227876 0.069672 0.031573
0 0.073396 0.203702 0.100217 0.025709
0 0.155304 0.204131 0.038545 0.023138
0 0.497872 0.202417 0.043363 0.031708
4 0.075805 0.284686 0.054927 0.024852
0 0.300646 0.293895 0.022798 0.034701
4 0.097433 0.312784 0.071778 0.024610
4 0.157320 0.342778 0.160419 0.026149
4 0.161427 0.371234 0.139231 0.024610
0 0.340727 0.328550 0.083885 0.031532
4 0.831336 0.359165 0.039052 0.026837
4 0.838881 0.390738 0.055028 0.023679
4 0.892355 0.423889 0.162865 0.026837
4 0.890358 0.456646 0.160646 0.026047
5 0.935270 0.553761 0.076102 0.030763
5 0.891246 0.586346 0.163309 0.031330
0 0.416354 0.328018 0.068859 0.031660
0 0.476547 0.328018 0.049653 0.031660
0 0.526945 0.328165 0.051023 0.030763
0 0.604128 0.328934 0.101613 0.032301
0 0.700480 0.328165 0.091668 0.030763
5 0.582004 0.521764 0.337268 0.029994
0 0.366959 0.688735 0.135772 0.034608
0 0.486300 0.687965 0.104640 0.034608
5 0.339862 0.814735 0.049293 0.033839
5 0.425261 0.815120 0.123233 0.033070
5 0.550727 0.814735 0.129719 0.030763
5 0.628558 0.813966 0.025944 0.032301
5 0.706606 0.815120 0.077399 0.033070
5 0.764979 0.814735 0.041942 0.032301
5 0.879131 0.813966 0.188092 0.032301
0 0.017224 0.974191 0.019458 0.030763
5 0.140889 0.974790 0.210576 0.050420
0 0.362059 0.975729 0.021620 0.039992
0 0.394272 0.973421 0.019458 0.032301
0 0.426486 0.973421 0.020755 0.035378
0 0.457402 0.971499 0.020323 0.034608
0 0.490048 0.973037 0.018161 0.034608
0 0.520748 0.974191 0.022485 0.035378
0 0.553610 0.973421 0.022485 0.038454
0 0.584094 0.974191 0.019458 0.033839
0 0.616091 0.976113 0.022052 0.040761
0 0.679004 0.975729 0.020755 0.038454
0 0.711002 0.972652 0.020755 0.036916
0 0.884608 0.974960 0.013404 0.021534
0 0.980095 0.978036 0.026808 0.041530
0 0.974258 0.922278 0.017728 0.028456