3 0.112531 0.092591 0.145789 0.042646
0 0.213757 0.026638 0.039915 0.025491
5 0.231217 0.816333 0.161080 0.039043
5 0.198050 0.775660 0.094289 0.039035
5 0.269581 0.774757 0.049761 0.038856
0 0.637566 0.858223 0.110261 0.041483
5 0.282569 0.484270 0.261330 0.037506
0 0.654502 0.732825 0.093397 0.042296
0 0.283390 0.095661 0.020030 0.037541
0 0.257622 0.095339 0.021122 0.037390
0 0.163177 0.027579 0.030646 0.025595
0 0.120508 0.027087 0.027092 0.027162
5 0.544773 0.609308 0.093199 0.039821
5 0.197378 0.650752 0.093273 0.039744
0 0.225052 0.095410 0.020921 0.039110
0 0.561120 0.097362 0.025600 0.043781
5 0.544450 0.650402 0.092979 0.037416
5 0.197479 0.608498 0.093071 0.039829
0 0.284414 0.026982 0.075997 0.026714
0 0.022636 0.212677 0.020378 0.032299
0 0.020267 0.095717 0.021266 0.038459
0 0.357790 0.027450 0.045643 0.025651
5 0.366086 0.858630 0.431835 0.039043
5 0.282652 0.442181 0.261806 0.040337
0 0.200986 0.094536 0.021753 0.039696
0 0.309295 0.095679 0.020207 0.038628
5 0.163589 0.316933 0.041510 0.036998
0 0.535438 0.097609 0.024839 0.042840
0 0.426208 0.096649 0.022264 0.040000
0 0.047770 0.024738 0.090272 0.033854
0 0.451999 0.097017 0.022174 0.040353
5 0.646844 0.358154 0.092547 0.036128
0 0.051828 0.212517 0.021354 0.031592
0 0.477915 0.097881 0.021646 0.041173
5 0.188685 0.275398 0.094193 0.038438
0 0.166146 0.212445 0.021005 0.033199
0 0.409766 0.028158 0.031132 0.030909
0 0.618685 0.096483 0.022052 0.043923
0 0.594039 0.097296 0.021187 0.039043
0 0.502731 0.098110 0.019890 0.043923
0 0.392687 0.096076 0.021187 0.038229
0 0.367824 0.097296 0.021620 0.042296
0 0.341232 0.096483 0.020323 0.040670
0 0.080065 0.209544 0.021187 0.032536
0 0.108819 0.211984 0.020755 0.034162
0 0.138871 0.209544 0.022917 0.026028
0 0.243583 0.274615 0.016431 0.039043