5 0.208655 0.738767 0.133947 0.042616
5 0.207991 0.590712 0.135329 0.043674
5 0.262142 0.641026 0.243093 0.043913
5 0.450195 0.492669 0.133610 0.043516
5 0.184921 0.492310 0.086479 0.042844
5 0.212922 0.444870 0.141455 0.041901
3 0.192323 0.246147 0.179475 0.042022
5 0.321664 0.788128 0.360831 0.043490
0 0.193334 0.159252 0.064781 0.034434
5 0.184868 0.542464 0.087237 0.042483
0 0.041038 0.348622 0.064421 0.041640
0 0.387060 0.159330 0.050350 0.032890
5 0.391822 0.443501 0.015999 0.041338
3 0.360545 0.738252 0.172526 0.041585
0 0.538045 0.159716 0.048835 0.032748
0 0.462826 0.158989 0.071821 0.032425
3 0.080693 0.157392 0.130913 0.041583
0 0.293493 0.159726 0.106353 0.034856
5 0.578945 0.247850 0.251008 0.043157
3 0.722005 0.158476 0.051789 0.034125
5 0.407694 0.640102 0.048844 0.043545
0 0.629874 0.159417 0.103597 0.037292
0 0.124033 0.346976 0.057730 0.037906
1 0.281214 0.689972 0.013233 0.026021
0 0.290618 0.443196 0.017776 0.041732
0 0.025443 0.085552 0.017751 0.031800
0 0.307994 0.346104 0.041987 0.038853
0 0.197148 0.346472 0.047467 0.035544
0 0.253505 0.347118 0.027001 0.037080
0 0.020464 0.022590 0.020552 0.024844
0 0.067893 0.023584 0.059549 0.028819
0 0.121645 0.024577 0.025822 0.030806
0 0.159588 0.023584 0.031092 0.028819
0 0.204117 0.021596 0.036889 0.030806
0 0.256552 0.024577 0.047955 0.030806
0 0.326114 0.023087 0.069035 0.031800
0 0.395148 0.023584 0.045847 0.030806
0 0.441523 0.025074 0.032146 0.035775