3 0.080353 0.157914 0.130151 0.039849
0 0.599734 0.158667 0.020076 0.033243
0 0.778710 0.160034 0.019098 0.032998
0 0.169563 0.159117 0.017860 0.028554
3 0.901282 0.158250 0.051014 0.032960
0 0.815201 0.160031 0.018466 0.032740
0 0.456426 0.159558 0.019437 0.034022
0 0.850299 0.160417 0.018362 0.032705
0 0.671530 0.158884 0.021103 0.035042
0 0.491622 0.158761 0.019817 0.033708
0 0.564184 0.158846 0.019930 0.027075
0 0.706812 0.159333 0.017410 0.031161
0 0.634987 0.158212 0.020568 0.034776
0 0.742518 0.159265 0.020818 0.034729
0 0.527534 0.158272 0.019154 0.027074
0 0.420617 0.159253 0.018991 0.034361
0 0.276626 0.159260 0.019090 0.027615
0 0.384783 0.158620 0.022112 0.034876
0 0.312987 0.159353 0.020678 0.030140
0 0.205418 0.159408 0.015251 0.031896
0 0.241115 0.159554 0.015571 0.030257
0 0.348995 0.159594 0.018978 0.033086
0 0.025223 0.084308 0.017296 0.042132
1 0.020793 0.629673 0.014721 0.028764
1 0.020911 0.590241 0.014199 0.027804
1 0.020987 0.668838 0.014334 0.028135
1 0.020788 0.708043 0.013618 0.026372
0 0.019240 0.023521 0.017468 0.027095
1 0.021043 0.550984 0.012972 0.026908
0 0.050302 0.024243 0.022485 0.028539
0 0.084029 0.025058 0.025944 0.026908
0 0.122944 0.023020 0.031132 0.027723
0 0.168346 0.021797 0.038916 0.030169
0 0.233637 0.023020 0.069183 0.030985
0 0.303253 0.022612 0.049293 0.033431
0 0.359464 0.023428 0.043240 0.028539
0 0.406163 0.023835 0.031997 0.029354