3 0.111786 0.092009 0.143724 0.039856
0 0.283126 0.096203 0.021091 0.039525
0 0.257532 0.096037 0.022235 0.039280
0 0.198914 0.027485 0.050899 0.027394
0 0.144146 0.027530 0.029610 0.025535
0 0.225106 0.095810 0.021237 0.040693
0 0.308797 0.027253 0.044902 0.026498
0 0.309144 0.096147 0.022165 0.041094
0 0.561032 0.097334 0.025508 0.043381
0 0.040019 0.024517 0.068507 0.035015
0 0.254869 0.026572 0.034305 0.025953
0 0.101035 0.027303 0.026501 0.027430
0 0.020266 0.095951 0.021766 0.039206
0 0.044775 0.816679 0.028946 0.047583
0 0.535423 0.097580 0.024674 0.042593
0 0.193074 0.816895 0.221424 0.044135
5 0.017590 0.432410 0.023947 0.040034
5 0.017551 0.667497 0.024512 0.041339
0 0.451931 0.098048 0.022552 0.041591
0 0.477703 0.098122 0.021983 0.042328
0 0.200843 0.094560 0.022619 0.041408
5 0.017665 0.549684 0.024121 0.041013
5 0.017827 0.470840 0.024812 0.039896
0 0.426604 0.097431 0.021968 0.042773
5 0.073930 0.667875 0.091467 0.042288
5 0.017597 0.628171 0.024319 0.041326
5 0.017560 0.589377 0.024210 0.040761
5 0.017707 0.510351 0.023953 0.041658
5 0.017531 0.393957 0.023587 0.039804
0 0.360640 0.028580 0.033727 0.035061
0 0.619910 0.096483 0.024214 0.043923
0 0.593750 0.095263 0.021187 0.038229
0 0.502515 0.097703 0.022052 0.039856
0 0.393552 0.098110 0.022917 0.043923
0 0.366959 0.095670 0.021620 0.047177
0 0.342097 0.095263 0.021187 0.043110
0 0.674702 0.315933 0.015871 0.031722
0 0.095890 0.210503 0.173594 0.050382
5 0.017747 0.708419 0.025536 0.039879
5 0.074360 0.708936 0.089617 0.039101
5 0.018710 0.355849 0.022645 0.041692
5 0.074600 0.354490 0.091062 0.042598
5 0.074406 0.394221 0.089642 0.038401
5 0.074516 0.433226 0.090803 0.042296
5 0.074516 0.472269 0.089073 0.039043
5 0.074300 0.510905 0.089506 0.041483
5 0.074516 0.550355 0.090803 0.039043
5 0.073435 0.589804 0.090371 0.039856
5 0.074084 0.628440 0.089938 0.040670
5 0.392959 0.355349 0.544417 0.041121
5 0.392230 0.394904 0.545875 0.038772
5 0.392636 0.433088 0.545063 0.039946
5 0.392418 0.471860 0.547998 0.039946
5 0.392074 0.511807 0.546187 0.039946
5 0.392699 0.550578 0.547436 0.042296
5 0.392105 0.591112 0.547374 0.041121
5 0.392699 0.630471 0.547436 0.037597
5 0.392636 0.668655 0.545063 0.038772
5 0.392449 0.707883 0.546936 0.041239