5 0.246645 0.344528 0.090289 0.042460
3 0.080137 0.157635 0.130583 0.040458
5 0.223765 0.441848 0.041860 0.042214
0 0.210228 0.158814 0.098928 0.033882
0 0.311589 0.158807 0.072770 0.034087
3 0.507165 0.158893 0.052638 0.036386
0 0.415651 0.159006 0.104571 0.036494
5 0.223413 0.393607 0.040969 0.040964
0 0.168705 0.159498 0.015769 0.034724
0 0.020156 0.022925 0.018791 0.030892
0 0.024733 0.083800 0.014454 0.034526
0 0.067373 0.023834 0.056372 0.030892
0 0.118686 0.023379 0.025054 0.031800
0 0.158677 0.024288 0.030836 0.033617
0 0.206617 0.023834 0.042881 0.030892
0 0.253112 0.026559 0.030836 0.032709