3 0.080353 0.157151 0.131016 0.039954
0 0.169478 0.159173 0.020115 0.035332
0 0.348691 0.159038 0.022523 0.035917
0 0.240778 0.160304 0.020472 0.033498
3 0.399856 0.158910 0.052131 0.035058
0 0.205429 0.160893 0.019757 0.033380
0 0.312707 0.158514 0.021849 0.036241
1 0.018305 0.409650 0.012972 0.023646
1 0.018521 0.921307 0.012539 0.022831
1 0.018953 0.449604 0.011675 0.022015
1 0.018737 0.330965 0.012972 0.022831
1 0.018521 0.370511 0.012539 0.022015
1 0.018521 0.487520 0.011675 0.021200
1 0.018305 0.645705 0.012972 0.024462
0 0.276621 0.158948 0.021701 0.035726
1 0.018305 0.881760 0.012107 0.023646
1 0.018737 0.764344 0.012107 0.023646
1 0.018737 0.528289 0.012972 0.022831
1 0.018953 0.605751 0.012539 0.024462
1 0.018521 0.685252 0.012539 0.023646
1 0.018089 0.567836 0.012539 0.023646
1 0.018305 0.803483 0.012107 0.022015
1 0.018737 0.723982 0.012972 0.022831
1 0.018089 0.842214 0.012539 0.024462
5 0.506820 0.447685 0.080635 0.040935
5 0.506409 0.486738 0.081188 0.040769
1 0.018305 0.960445 0.012972 0.021200
5 0.506490 0.565194 0.081345 0.041365
1 0.018521 0.291826 0.012539 0.024462
5 0.506418 0.408001 0.081297 0.040973
5 0.506303 0.525618 0.081216 0.040903
5 0.506859 0.368519 0.080808 0.041069
5 0.365198 0.685357 0.200857 0.039622
5 0.506140 0.604191 0.081766 0.041735
1 0.018737 0.994084 0.012972 0.011831
5 0.365133 0.606110 0.200727 0.040944
5 0.365355 0.724035 0.200306 0.040330
5 0.633516 0.369732 0.082847 0.041049
5 0.365014 0.644995 0.201352 0.042068
5 0.506184 0.682730 0.081631 0.041297
5 0.506005 0.643288 0.081431 0.041152
5 0.365153 0.566594 0.200766 0.041820
5 0.633506 0.330959 0.082331 0.040387
5 0.506724 0.329640 0.080440 0.039527
5 0.364922 0.762918 0.201457 0.041450
5 0.505992 0.839110 0.081766 0.042222
5 0.632993 0.487187 0.083476 0.041667
5 0.633224 0.447860 0.083052 0.041534
5 0.506020 0.917986 0.082369 0.041292
5 0.364900 0.802401 0.201414 0.039965
5 0.506270 0.800129 0.081430 0.041193
5 0.506204 0.721413 0.081107 0.041714
5 0.364823 0.842214 0.201259 0.040769
5 0.506018 0.878209 0.081898 0.041438
5 0.633553 0.408904 0.082822 0.042070
5 0.364596 0.920083 0.201670 0.033431
5 0.505213 0.957722 0.083285 0.042375
5 0.364149 0.488097 0.202217 0.041380
5 0.506198 0.760488 0.080654 0.041421
5 0.364554 0.960405 0.201586 0.042320
5 0.365020 0.991243 0.201654 0.017513
5 0.364850 0.881841 0.201314 0.038485
5 0.633490 0.525921 0.082695 0.041930
5 0.364735 0.528122 0.201660 0.039891
0 0.019818 0.023835 0.017728 0.026092
0 0.025872 0.082543 0.014269 0.030985
0 0.069544 0.022612 0.060968 0.028539
0 0.124242 0.022612 0.026808 0.028539
0 0.162941 0.021797 0.029835 0.028539
0 0.210288 0.024243 0.047563 0.028539
0 0.266860 0.023428 0.042807 0.028539
0 0.320044 0.021389 0.042807 0.030985
0 0.366527 0.023428 0.029403 0.031800
5 0.046876 0.292333 0.039147 0.042022
5 0.047059 0.332052 0.037618 0.039139
5 0.047275 0.370376 0.037186 0.040769
5 0.046627 0.411553 0.037618 0.038323
5 0.047708 0.450284 0.037186 0.037508
5 0.047275 0.489151 0.035456 0.039139
5 0.047708 0.526658 0.036321 0.039139
5 0.047491 0.565797 0.035889 0.039139
5 0.046843 0.605208 0.036321 0.044031
5 0.046627 0.646385 0.037618 0.041585
5 0.046843 0.685523 0.038051 0.039954
5 0.046410 0.724254 0.037186 0.040769
5 0.047059 0.764208 0.037618 0.039139
5 0.047059 0.803483 0.038483 0.038323
5 0.046627 0.841398 0.036754 0.039139
5 0.046843 0.880945 0.038051 0.041585
5 0.046410 0.921714 0.037186 0.039954
5 0.046627 0.960853 0.037618 0.039954
5 0.046627 0.990823 0.036754 0.018354
5 0.365274 0.292670 0.201009 0.041669
5 0.365133 0.332019 0.202266 0.037030
5 0.364869 0.370104 0.201064 0.039139
5 0.364653 0.407068 0.199767 0.042400
5 0.364653 0.446207 0.201496 0.035877
5 0.506263 0.990415 0.082587 0.019170
5 0.507234 0.292253 0.081654 0.040169
5 0.632738 0.292234 0.082155 0.038323
5 0.569510 0.291696 0.044377 0.040169
5 0.570397 0.331864 0.044377 0.036821
5 0.569732 0.369104 0.045709 0.041005
5 0.569510 0.410528 0.045265 0.038495
5 0.569288 0.449023 0.044821 0.040169
5 0.569066 0.487518 0.046152 0.036821
5 0.569066 0.526849 0.046152 0.040169
5 0.569732 0.566181 0.043934 0.040169
5 0.632748 0.567018 0.082986 0.038495
5 0.569066 0.604676 0.046152 0.040169
5 0.633413 0.606350 0.082542 0.040169
5 0.568400 0.644845 0.044821 0.041842
5 0.633191 0.645682 0.082098 0.041842
5 0.569732 0.685990 0.043934 0.041005
5 0.633413 0.685571 0.081654 0.040169
5 0.569732 0.724485 0.044821 0.035984
5 0.633635 0.725740 0.081211 0.040169
5 0.568844 0.763398 0.045709 0.043516
5 0.632304 0.763816 0.082098 0.041005
5 0.569510 0.803567 0.046152 0.040169
5 0.633191 0.802730 0.081211 0.040169
5 0.568844 0.842480 0.044821 0.039332
5 0.632526 0.844154 0.082542 0.039332
5 0.569732 0.882230 0.043934 0.038495
5 0.633191 0.882230 0.082986 0.038495
5 0.569732 0.919051 0.044821 0.038495
5 0.569288 0.959220 0.044821 0.041842
5 0.569510 0.990071 0.045265 0.019858
5 0.633191 0.921143 0.082986 0.041005
5 0.632969 0.960057 0.081654 0.040169
5 0.633635 0.990071 0.082098 0.019858
5 0.173318 0.289652 0.183768 0.039139
5 0.165103 0.330829 0.198469 0.041585
5 0.165535 0.372822 0.198469 0.042400
5 0.165535 0.410330 0.198469 0.035877
5 0.164743 0.447837 0.197172 0.042400
5 0.163445 0.487384 0.198037 0.035062
5 0.164526 0.526522 0.197605 0.043216
5 0.164743 0.568515 0.198902 0.039139
5 0.165175 0.606431 0.199767 0.039954
5 0.165175 0.646249 0.197172 0.037508
5 0.165391 0.685387 0.198469 0.039139
5 0.165175 0.724934 0.199767 0.039954
5 0.164310 0.764888 0.198037 0.038323
5 0.165175 0.802667 0.198037 0.038323
5 0.164094 0.842622 0.200199 0.038323
5 0.164743 0.882576 0.198902 0.039954
5 0.164959 0.920491 0.199334 0.037508
5 0.164094 0.961261 0.197605 0.040769
5 0.164526 0.991230 0.199334 0.017539