5 0.294317 0.345879 0.038916 0.040699
0 0.634076 0.294927 0.032332 0.046112
3 0.080570 0.158265 0.131448 0.040006
5 0.357207 0.591497 0.164828 0.041832
0 0.634252 0.345396 0.032499 0.044867
5 0.325341 0.934762 0.103022 0.041085
5 0.294462 0.393608 0.039206 0.040927
5 0.281878 0.837530 0.014317 0.025990
5 0.290379 0.639619 0.032747 0.042710
5 0.489543 0.346281 0.039348 0.042048
5 0.290609 0.443530 0.031631 0.043444
0 0.216248 0.158855 0.112583 0.034518
3 0.496630 0.158197 0.051215 0.032719
0 0.374730 0.159123 0.165074 0.036055
0 0.321985 0.295556 0.018214 0.040799
5 0.282297 0.886171 0.014432 0.027123
5 0.489433 0.296413 0.039569 0.041788
5 0.293894 0.296569 0.038139 0.038840
5 0.282086 0.788246 0.014399 0.025771
0 0.169279 0.159335 0.016361 0.035566
0 0.298974 0.160725 0.016813 0.033787
0 0.019674 0.021891 0.019458 0.029354
0 0.025872 0.086213 0.014269 0.028539
0 0.061977 0.023428 0.051023 0.033431
0 0.110621 0.024651 0.025511 0.030985
0 0.150618 0.024651 0.031132 0.030985
0 0.196884 0.024243 0.044104 0.030169
0 0.244880 0.025058 0.029403 0.031800