5 0.222489 0.734316 0.143743 0.038770
5 0.620487 0.732554 0.143555 0.039043
5 0.629135 0.815520 0.160851 0.037416
5 0.222691 0.608663 0.142215 0.038067
3 0.112314 0.092416 0.143915 0.042296
5 0.569601 0.442394 0.041524 0.038360
5 0.260973 0.441714 0.220332 0.039751
5 0.620590 0.401056 0.144118 0.037927
5 0.595377 0.774111 0.093676 0.038895
5 0.243695 0.567122 0.051374 0.039500
5 0.197691 0.774676 0.093282 0.038067
5 0.282556 0.691342 0.261570 0.037416
5 0.222760 0.400649 0.143691 0.038959
5 0.646331 0.316978 0.093572 0.040260
5 0.197235 0.274227 0.091830 0.038267
5 0.281777 0.650111 0.262320 0.036370
5 0.594957 0.358662 0.093567 0.039845
5 0.197488 0.358752 0.093053 0.039758
5 0.282131 0.816551 0.261296 0.039190
5 0.197699 0.316098 0.092631 0.037416
0 0.217652 0.029013 0.049763 0.029199
0 0.283417 0.095643 0.020067 0.037420
0 0.163224 0.027541 0.030808 0.026087
5 0.366498 0.482873 0.430579 0.035306
5 0.570185 0.607292 0.042375 0.039043
0 0.020445 0.096325 0.022672 0.040550
0 0.120541 0.026847 0.027104 0.027482
0 0.257596 0.095575 0.020306 0.037293
5 0.366952 0.274588 0.026339 0.035580
0 0.560954 0.097171 0.024728 0.042777
0 0.309060 0.095873 0.019615 0.037780
0 0.047701 0.026016 0.089137 0.031532
5 0.367149 0.316511 0.025819 0.039490
0 0.280516 0.028183 0.048119 0.029232
5 0.573691 0.316087 0.052180 0.038986
5 0.570076 0.274128 0.042784 0.037848
0 0.225234 0.095201 0.023047 0.041377
5 0.176742 0.565951 0.050897 0.038401
5 0.222129 0.941911 0.143339 0.040512
1 0.251323 0.983476 0.013247 0.026511
0 0.200439 0.094014 0.023541 0.041829
5 0.004086 0.983013 0.008041 0.028510
5 0.003766 0.817907 0.007510 0.034966
0 0.535475 0.097091 0.024149 0.043512
0 0.341604 0.098252 0.019349 0.036979
0 0.329557 0.028565 0.029835 0.030095
0 0.367392 0.097296 0.020755 0.039043
0 0.393768 0.096483 0.020755 0.040670
0 0.425549 0.098110 0.020323 0.040670
0 0.452141 0.098110 0.020755 0.040670
0 0.477220 0.099330 0.019890 0.041483
0 0.502299 0.098923 0.020755 0.042296
0 0.593390 0.096483 0.020755 0.040670
0 0.619334 0.095670 0.024214 0.042296
0 0.251798 0.273802 0.016431 0.037416
5 0.159833 0.982352 0.016420 0.035295
5 0.437800 0.941189 0.013404 0.023588
5 0.438232 0.983078 0.013404 0.024402