0 0.026863 0.283781 0.024228 0.043051
0 0.971719 0.975144 0.052908 0.037749
0 0.283573 0.847520 0.023772 0.040951
0 0.353777 0.847575 0.109256 0.043847
0 0.577471 0.847663 0.024421 0.042050
3 0.238230 0.179131 0.144462 0.046235
0 0.899268 0.974932 0.079316 0.040568
0 0.260072 0.847130 0.021871 0.039608
0 0.973860 0.091712 0.046241 0.033951
0 0.531418 0.847925 0.023468 0.041556
0 0.072754 0.847206 0.023468 0.043450
0 0.049106 0.847238 0.023830 0.043935
0 0.087793 0.284575 0.056181 0.041329
0 0.554118 0.847011 0.020387 0.040936
3 0.220026 0.092039 0.039468 0.031313
0 0.460029 0.846660 0.108215 0.045113
5 0.479266 0.336885 0.129436 0.048207
0 0.912030 0.092140 0.059769 0.034130
0 0.059407 0.091952 0.087552 0.033773
5 0.512354 0.386914 0.197916 0.046453
5 0.200905 0.386395 0.085493 0.045788
1 0.082273 0.438732 0.016863 0.034203
5 0.713633 0.680629 0.081648 0.042776
5 0.812464 0.680092 0.117313 0.045110
5 0.714096 0.721500 0.081854 0.042029
5 0.811431 0.722022 0.118796 0.044167
3 0.086704 0.180090 0.145046 0.042189
5 0.904117 0.680962 0.069973 0.041419
5 0.199865 0.335803 0.086731 0.044560
5 0.889388 0.179894 0.019096 0.045676
5 0.467955 0.679914 0.122923 0.045910
5 0.812338 0.640507 0.118464 0.045665
5 0.713450 0.760993 0.080977 0.041804
5 0.170020 0.847130 0.157305 0.045245
5 0.865794 0.180415 0.030704 0.045202
5 0.467548 0.721911 0.122903 0.044193
5 0.903971 0.721017 0.069386 0.041849
5 0.812088 0.761952 0.118732 0.043092
3 0.150913 0.092016 0.083501 0.035106
5 0.713716 0.639821 0.081408 0.044387
5 0.616836 0.679598 0.117012 0.047003
5 0.616004 0.721853 0.118256 0.044199
0 0.044137 0.439482 0.015578 0.034782
5 0.358578 0.720975 0.036024 0.040959
5 0.904339 0.760836 0.069074 0.041898
5 0.903399 0.640362 0.069275 0.042838
5 0.358401 0.680819 0.035800 0.041419
5 0.391924 0.680981 0.032981 0.041563
5 0.392068 0.721796 0.032462 0.041547
5 0.212486 0.681101 0.261999 0.048209
5 0.467946 0.762597 0.123470 0.043918
3 0.170129 0.439006 0.145052 0.046172
5 0.615600 0.762053 0.118428 0.044120
5 0.391395 0.640940 0.031993 0.041078
5 0.466530 0.640336 0.125247 0.046507
5 0.358529 0.640205 0.036537 0.041334
5 0.358214 0.760776 0.036916 0.041259
5 0.059773 0.681116 0.044611 0.041629
5 0.059978 0.721156 0.044292 0.041183
5 0.060427 0.640962 0.045225 0.035831
5 0.060044 0.763115 0.042925 0.045604
5 0.212581 0.639333 0.262149 0.039089
5 0.211048 0.720768 0.259083 0.035831
5 0.211815 0.759857 0.260616 0.045604
5 0.391819 0.760671 0.031427 0.040717
5 0.617686 0.640148 0.115744 0.040717
5 0.544567 0.643230 0.031448 0.040673
5 0.543883 0.681967 0.030081 0.040673
5 0.543427 0.721672 0.029169 0.038737
5 0.542971 0.761377 0.030081 0.042610