5 0.436893 0.712916 0.035030 0.036806
5 0.286294 0.849651 0.079379 0.040188
5 0.265687 0.395983 0.035564 0.038632
5 0.263743 0.350974 0.030282 0.036688
5 0.436866 0.395820 0.036105 0.038012
5 0.286599 0.215402 0.079322 0.039350
5 0.285974 0.442081 0.078185 0.039147
5 0.285898 0.260834 0.078921 0.039091
5 0.265801 0.713232 0.037608 0.038691
5 0.265518 0.306190 0.035163 0.038670
5 0.436430 0.305428 0.034557 0.039834
5 0.432869 0.350772 0.027692 0.036987
5 0.458057 0.441722 0.076571 0.038883
5 0.457672 0.260120 0.077019 0.038819
0 0.564209 0.260610 0.029096 0.036644
5 0.457886 0.214731 0.076639 0.038826
0 0.563756 0.441669 0.028520 0.039998
0 0.564193 0.395415 0.028314 0.038665
0 0.564176 0.713241 0.028563 0.038737
0 0.966285 0.972172 0.048058 0.039789
5 0.279259 0.894113 0.063335 0.037038
0 0.564395 0.214331 0.029032 0.042059
0 0.967304 0.090463 0.045068 0.034299
0 0.564216 0.350824 0.029158 0.038325
3 0.179359 0.088654 0.035255 0.027580
5 0.259036 0.667584 0.022533 0.037005
0 0.564287 0.305086 0.028979 0.041393
0 0.084287 0.089069 0.133635 0.029081
5 0.256168 0.804867 0.017642 0.035207
5 0.255634 0.759294 0.018259 0.034695