1 0.669434 0.806748 0.017511 0.036981
1 0.669471 0.857968 0.018363 0.036688
5 0.557160 0.911104 0.034388 0.040809
5 0.187064 0.806908 0.041872 0.043994
1 0.062691 0.432761 0.019094 0.037392
0 0.347391 0.549092 0.021198 0.037847
5 0.560158 0.808372 0.040887 0.039973
0 0.171825 0.549551 0.021945 0.040487
5 0.559923 0.859599 0.040914 0.043213
0 0.149091 0.549450 0.023347 0.040784
0 0.324838 0.549054 0.022342 0.038686
3 0.119350 0.189614 0.163031 0.046724
0 0.072601 0.548034 0.023099 0.039382
0 0.278557 0.549044 0.022264 0.041344
0 0.225345 0.549859 0.023828 0.043139
0 0.119799 0.547982 0.022535 0.038876
0 0.195478 0.549278 0.023003 0.040857
1 0.042057 0.432661 0.017542 0.036330
0 0.301768 0.548998 0.021685 0.038569
0 0.019486 0.651370 0.025267 0.043694
0 0.248790 0.549756 0.024006 0.042110
3 0.286584 0.861342 0.237774 0.043974
0 0.096140 0.547862 0.023156 0.038939
0 0.831612 0.551237 0.139031 0.040416
0 0.370738 0.548891 0.023520 0.038340
1 0.063456 0.472765 0.019911 0.036181
0 0.483695 0.651682 0.024999 0.040269
0 0.043424 0.548066 0.024051 0.040350
0 0.348278 0.096936 0.087647 0.032152
1 0.041414 0.473611 0.018243 0.034451
0 0.700438 0.095468 0.025927 0.030504
5 0.560406 0.756088 0.040421 0.040819
0 0.507096 0.652502 0.023717 0.040557
0 0.019495 0.289971 0.023703 0.043419
0 0.976550 0.095931 0.046900 0.033881
5 0.758880 0.188820 0.083505 0.045135
0 0.653475 0.096099 0.051448 0.032949
0 0.254658 0.095883 0.080872 0.034912
3 0.294622 0.654439 0.314052 0.042150
0 0.444480 0.095705 0.088866 0.033263
0 0.019635 0.240117 0.024023 0.040269
3 0.863961 0.096472 0.037139 0.031128
1 0.062546 0.392863 0.018578 0.034345
0 0.779291 0.097604 0.114343 0.034867
0 0.018961 0.189137 0.022181 0.051039
0 0.190120 0.097376 0.029746 0.030643
5 0.875085 0.470655 0.048241 0.038119
0 0.085535 0.096690 0.159439 0.035441
0 0.935385 0.096313 0.017186 0.032634
5 0.663108 0.432981 0.082874 0.042140
5 0.874767 0.432235 0.048888 0.042868
5 0.518617 0.192427 0.216548 0.046864
0 0.560251 0.098823 0.119284 0.035117
5 0.755930 0.431962 0.105730 0.045837
5 0.588935 0.433134 0.030847 0.041817
0 0.348098 0.707952 0.044304 0.037861
5 0.663362 0.470841 0.082260 0.040094
5 0.829453 0.432086 0.044071 0.043291
5 0.912722 0.430899 0.031524 0.041079
5 0.095692 0.432684 0.046037 0.042139
5 0.186128 0.755402 0.038963 0.039543
5 0.912359 0.469852 0.029525 0.037826
5 0.754573 0.470989 0.105850 0.041152
5 0.829517 0.470717 0.044537 0.039843
1 0.041821 0.392030 0.016969 0.032694
5 0.095820 0.474555 0.046454 0.044381
5 0.588863 0.470791 0.030932 0.038839
5 0.130074 0.431472 0.025584 0.043460
5 0.511955 0.431663 0.122948 0.045845
5 0.556726 0.949545 0.035155 0.026589
5 0.613031 0.433516 0.019693 0.039825
5 0.130113 0.474533 0.024755 0.044424
5 0.755190 0.393959 0.105932 0.038526
5 0.613697 0.470908 0.020125 0.037512
5 0.241625 0.189392 0.084053 0.046279
5 0.513108 0.470301 0.123399 0.040461
0 0.475582 0.702682 0.056713 0.033502
1 0.669393 0.756547 0.016797 0.032722
5 0.156371 0.431867 0.027851 0.040610
5 0.095781 0.389575 0.044993 0.042342
0 0.242575 0.754965 0.016157 0.031815
5 0.875251 0.389989 0.047711 0.041133
5 0.157363 0.473974 0.025454 0.047709
5 0.511545 0.392711 0.124408 0.041515
5 0.588543 0.391906 0.030170 0.037669
5 0.913096 0.391458 0.031344 0.039516
0 0.278519 0.703733 0.061233 0.032537