5 0.224469 0.341800 0.039476 0.041854
5 0.247973 0.292346 0.085290 0.045250
4 0.455991 0.750057 0.206473 0.037052
4 0.449585 0.801003 0.191161 0.035586
4 0.427029 0.699010 0.150277 0.034644
3 0.036276 0.098062 0.042624 0.035926
4 0.447551 0.851262 0.186427 0.034679
0 0.975860 0.100155 0.047989 0.041254
1 0.212199 0.496594 0.015617 0.026166
5 0.359425 0.191438 0.309444 0.046076
4 0.426907 0.646478 0.150651 0.036938
4 0.149150 0.746795 0.112960 0.031751
4 0.134605 0.593655 0.249679 0.041303
4 0.160399 0.796019 0.094353 0.031231
4 0.143051 0.697300 0.121788 0.033671
4 0.153406 0.848147 0.104341 0.033477
4 0.152465 0.645755 0.105058 0.034254
5 0.212862 0.748636 0.018261 0.042722
4 0.085323 0.440420 0.142371 0.042368
5 0.227896 0.647829 0.046988 0.042052
5 0.213381 0.800517 0.017427 0.044663
5 0.213963 0.853721 0.015999 0.043585
5 0.213747 0.698448 0.015566 0.041769