5 0.070311 0.767022 0.025899 0.038142
5 0.087733 0.853182 0.024011 0.037332
5 0.091038 0.334920 0.029765 0.036107
5 0.073170 0.638384 0.031828 0.037251
0 0.908649 0.977956 0.056084 0.035364
0 0.965425 0.978336 0.050213 0.034619
5 0.109739 0.465257 0.066856 0.037007
0 0.099389 0.085957 0.027796 0.026614
0 0.971996 0.086889 0.041874 0.036875
0 0.053650 0.086863 0.051083 0.028186
0 0.146152 0.085428 0.053602 0.028555
5 0.073151 0.248262 0.032264 0.033662
5 0.258421 0.164797 0.243610 0.038847
3 0.194870 0.086329 0.030604 0.028266
5 0.240478 0.638448 0.019602 0.037006
1 0.051168 0.768377 0.013080 0.027638
1 0.069068 0.335508 0.013109 0.029423
1 0.069778 0.854745 0.012484 0.029941
1 0.068801 0.465391 0.011552 0.028933
1 0.051272 0.250167 0.010220 0.027638
1 0.032364 0.164950 0.011242 0.023032
1 0.051016 0.638056 0.010731 0.026486