0 0.456470 0.167562 0.021623 0.036207
0 0.436065 0.167569 0.020172 0.036239
5 0.167139 0.216399 0.092048 0.039688
0 0.393955 0.167796 0.022283 0.037373
5 0.167635 0.265062 0.092650 0.042521
0 0.479101 0.167560 0.021967 0.037707
0 0.291365 0.262097 0.119367 0.038482
0 0.972902 0.086077 0.044055 0.031612
0 0.415927 0.167397 0.020504 0.036483
0 0.057716 0.353183 0.055148 0.040706
5 0.230147 0.171597 0.217194 0.035485
0 0.934530 0.086353 0.018380 0.032002
3 0.153011 0.085654 0.035954 0.029383
0 0.069310 0.085602 0.115325 0.030200
0 0.132434 0.350086 0.063563 0.033949
4 0.187472 0.349632 0.025523 0.037797
4 0.243304 0.358609 0.056059 0.031182
4 0.312581 0.352467 0.057883 0.024568