0 0.188180 0.653404 0.020434 0.041669
0 0.511762 0.651154 0.020656 0.034853
0 0.020655 0.648630 0.021997 0.037328
0 0.628193 0.651184 0.099214 0.038385
0 0.896535 0.973355 0.065736 0.035811
3 0.676362 0.086428 0.036533 0.030353
0 0.534080 0.650746 0.017728 0.035773
0 0.164437 0.653404 0.021725 0.038196
0 0.043842 0.653404 0.019839 0.038196
0 0.481140 0.651828 0.020816 0.034464
0 0.074132 0.652102 0.020851 0.037328
0 0.277881 0.653838 0.018152 0.040801
5 0.745858 0.319510 0.508284 0.178952
0 0.558082 0.651202 0.019882 0.034949
1 0.038460 0.742016 0.011538 0.026417
3 0.547225 0.428404 0.111396 0.042526
0 0.019930 0.210104 0.019609 0.038760
0 0.211075 0.649510 0.021037 0.038173
0 0.969120 0.086606 0.041405 0.031493
0 0.689723 0.651458 0.020791 0.035461
0 0.406162 0.085588 0.044207 0.027364
0 0.141782 0.652102 0.021243 0.039064
0 0.961896 0.975461 0.056452 0.032788
3 0.294706 0.652536 0.016518 0.036460
0 0.345670 0.651668 0.019975 0.039933
0 0.326081 0.086043 0.105696 0.030081
3 0.374392 0.651668 0.031629 0.038196
0 0.315956 0.652536 0.021083 0.036460
0 0.230082 0.085270 0.073700 0.028837
5 0.986608 0.807433 0.026076 0.034384
0 0.234302 0.652536 0.018336 0.039933
0 0.172177 0.085724 0.028022 0.025810
0 0.080484 0.085321 0.139651 0.031106
5 0.942262 0.740768 0.065739 0.038160
5 0.807650 0.739578 0.066667 0.037334
0 0.096587 0.652970 0.017608 0.037328
3 0.452454 0.652536 0.016382 0.036460
5 0.986635 0.841185 0.026389 0.036882
0 0.447527 0.086325 0.023633 0.027123
1 0.039348 0.813002 0.013313 0.031183
5 0.859598 0.774020 0.039449 0.035088
5 0.806786 0.807669 0.067881 0.034066
5 0.858837 0.807666 0.039292 0.033341
3 0.113032 0.652102 0.016366 0.039064
5 0.507553 0.773612 0.051246 0.034852
5 0.587806 0.774085 0.074087 0.035348
5 0.735405 0.773663 0.078938 0.036409
3 0.250894 0.651668 0.015067 0.038196
5 0.425428 0.774473 0.053109 0.035830
5 0.660049 0.775668 0.072854 0.033614
5 0.942152 0.775221 0.065660 0.036080
0 0.517849 0.086761 0.102674 0.030188
5 0.942431 0.807416 0.066093 0.034441
3 0.614200 0.086388 0.079450 0.031674
5 0.859240 0.841124 0.038924 0.034748
5 0.807012 0.841448 0.067051 0.035073
5 0.735477 0.807622 0.078809 0.035051
5 0.893975 0.775579 0.033387 0.033439
5 0.659703 0.807620 0.073789 0.034145
3 0.409156 0.652970 0.028789 0.039064
5 0.466576 0.807235 0.032112 0.033369
5 0.507410 0.807191 0.051608 0.034287
1 0.039792 0.779583 0.014201 0.023149
1 0.038460 0.848639 0.013313 0.024055
5 0.466724 0.773676 0.031776 0.034149
5 0.893942 0.807521 0.033482 0.033629
5 0.215828 0.773655 0.073458 0.035459
5 0.942609 0.841226 0.065608 0.036031
5 0.806987 0.775096 0.067437 0.035060
5 0.425294 0.807605 0.052823 0.034742
5 0.587099 0.807672 0.074867 0.033935
5 0.735285 0.841163 0.079560 0.035627
0 0.931548 0.086649 0.016625 0.031357
5 0.098386 0.807913 0.040096 0.034104
5 0.986576 0.774068 0.026168 0.036919
0 0.436751 0.653838 0.017071 0.035592
5 0.894177 0.841599 0.033502 0.036184
5 0.217661 0.166945 0.076513 0.040439
5 0.466864 0.841417 0.032066 0.034727
5 0.098350 0.774032 0.042238 0.035028
5 0.215630 0.807422 0.074543 0.035489
5 0.659899 0.841594 0.073779 0.036358
5 0.987069 0.739633 0.025862 0.035335
5 0.326149 0.807492 0.148259 0.036477
5 0.063433 0.807613 0.033066 0.033104
5 0.507623 0.841837 0.052021 0.037113
5 0.324534 0.774081 0.147147 0.038559
5 0.326281 0.841948 0.145206 0.039109
5 0.587703 0.841393 0.074593 0.036325
5 0.098200 0.841366 0.040476 0.034828
5 0.133773 0.807367 0.032285 0.034970
5 0.425438 0.841746 0.052597 0.036369
5 0.133726 0.841452 0.032567 0.036086
5 0.215749 0.841800 0.074004 0.036726
5 0.063474 0.841091 0.032874 0.033418
5 0.164681 0.774000 0.033092 0.035565
5 0.425469 0.740670 0.051676 0.034342
5 0.133623 0.773529 0.032484 0.035488
0 0.044470 0.208564 0.029044 0.032675
5 0.062825 0.739637 0.032415 0.034314
5 0.164476 0.808045 0.032832 0.033955
5 0.542338 0.841872 0.020481 0.035616
5 0.164243 0.739343 0.032495 0.034179
5 0.542210 0.807358 0.020153 0.033666
5 0.164644 0.841775 0.032474 0.035182
5 0.097744 0.739670 0.038851 0.032928
5 0.215561 0.740024 0.073837 0.036113
5 0.542265 0.773418 0.019128 0.034421
5 0.062869 0.774287 0.033519 0.033743
5 0.506984 0.740417 0.050822 0.036885
5 0.466732 0.739892 0.030333 0.032748
5 0.147829 0.330398 0.028341 0.032547
5 0.587761 0.739159 0.075041 0.035241
5 0.082183 0.365378 0.103158 0.038558
5 0.133911 0.738958 0.030781 0.034520
5 0.147565 0.363967 0.028087 0.035737
0 0.020424 0.164827 0.022288 0.041492
5 0.893723 0.740360 0.031445 0.035898
5 0.735284 0.738653 0.079504 0.035513
3 0.108117 0.166475 0.145657 0.039498
5 0.660155 0.741803 0.072479 0.032981
5 0.859709 0.740490 0.038839 0.033669
5 0.081734 0.400174 0.103698 0.034796
5 0.147545 0.399234 0.028660 0.034796
1 0.293856 0.166862 0.014981 0.025226