5 0.176805 0.724119 0.157154 0.048644
5 0.570265 0.613289 0.164258 0.049146
5 0.173485 0.781714 0.149210 0.049743
0 0.080004 0.117021 0.031978 0.031742
5 0.522801 0.556742 0.070564 0.048681
5 0.173365 0.892297 0.149370 0.046075
5 0.118410 0.501336 0.040592 0.049130
0 0.974521 0.117154 0.050666 0.044431
5 0.565980 0.669602 0.156443 0.047099
5 0.546227 0.781578 0.118421 0.049890
5 0.173294 0.837519 0.149246 0.045051
5 0.561488 0.948057 0.148848 0.049063
5 0.546753 0.837698 0.118407 0.051551
5 0.198153 0.272848 0.148844 0.048123
5 0.546769 0.893829 0.118500 0.051187
5 0.176534 0.613801 0.157696 0.050170
5 0.301156 0.613497 0.034753 0.050910
0 0.028615 0.118089 0.053637 0.033433
5 0.172754 0.948391 0.149467 0.049731
5 0.118721 0.445764 0.039479 0.048564
5 0.507411 0.501153 0.040395 0.048081
5 0.176557 0.669567 0.157649 0.049217
5 0.301175 0.669544 0.034890 0.049728
0 0.125709 0.117266 0.041586 0.033262
0 0.051404 0.387057 0.058635 0.044536
3 0.175199 0.118176 0.040271 0.035966
5 0.142660 0.216022 0.038290 0.049146
0 0.310784 0.271675 0.031067 0.049196
5 0.106383 0.556350 0.017193 0.049714
5 0.121292 0.991943 0.047422 0.016114