1 0.254861 0.802803 0.015425 0.030169
0 0.421093 0.914983 0.022184 0.037404
0 0.397636 0.914965 0.021690 0.037998
0 0.375375 0.914649 0.022810 0.039001
0 0.271198 0.914168 0.022334 0.038312
5 0.757700 0.412511 0.085049 0.042483
0 0.131592 0.182445 0.020755 0.045041
0 0.293848 0.913398 0.022655 0.040153
0 0.896210 0.974046 0.070935 0.039269
3 0.435695 0.364014 0.127697 0.045877
5 0.492681 0.162428 0.044187 0.042094
5 0.469450 0.464235 0.197251 0.044980
5 0.764913 0.461697 0.099644 0.046174
5 0.526172 0.515332 0.083806 0.047740
0 0.248391 0.914220 0.021631 0.038257
0 0.193273 0.104587 0.152428 0.037820
3 0.822964 0.103917 0.038716 0.031974
5 0.541247 0.213631 0.309162 0.044980
0 0.066923 0.103835 0.085586 0.033605
0 0.009479 0.182909 0.018950 0.043754
5 0.413239 0.514886 0.084828 0.046491
0 0.288388 0.314567 0.055945 0.036102
5 0.765866 0.509924 0.098744 0.040906
0 0.555065 0.104668 0.110727 0.034835
5 0.436527 0.413718 0.129212 0.042475
0 0.660063 0.104427 0.088727 0.033807
0 0.328327 0.104110 0.100246 0.032787
0 0.974974 0.104945 0.049077 0.039452
1 0.253959 0.842955 0.016584 0.031519
0 0.968382 0.972125 0.060637 0.034535
5 0.112969 0.569457 0.225937 0.042830
5 0.428436 0.161915 0.083168 0.043105
0 0.438907 0.103465 0.102826 0.033119
0 0.525981 0.163094 0.024051 0.044519
5 0.112969 0.726916 0.225937 0.042654
3 0.100161 0.183318 0.018759 0.043168
1 0.254773 0.765113 0.015481 0.032296
5 0.113507 0.805562 0.223830 0.042368
1 0.361093 0.801496 0.015103 0.032241
5 0.112927 0.648464 0.225854 0.042658
5 0.112927 0.609295 0.225854 0.043582
5 0.112852 0.766475 0.225139 0.042491
5 0.112711 0.687829 0.225422 0.043320
5 0.113098 0.491388 0.226196 0.042827
5 0.112818 0.844467 0.224344 0.042346
0 0.082388 0.182575 0.019202 0.045306
5 0.112927 0.530790 0.225854 0.043832
3 0.753012 0.103233 0.084397 0.033564
5 0.112689 0.452323 0.225378 0.043923
1 0.361690 0.841599 0.016782 0.030056
5 0.112495 0.413785 0.224990 0.040895
0 0.034570 0.183390 0.021087 0.045823
1 0.360914 0.763630 0.015581 0.034123
5 0.423370 0.800957 0.094843 0.040177
3 0.052464 0.183009 0.016431 0.044671
1 0.706965 0.515062 0.014435 0.032729
5 0.422872 0.839415 0.095136 0.039877
1 0.705596 0.465774 0.015311 0.034170
5 0.934144 0.915141 0.045265 0.039992