0 0.077824 0.114208 0.090919 0.045253
0 0.977660 0.114282 0.025558 0.041769
0 0.255306 0.112669 0.089657 0.042498
4 0.105953 0.416855 0.206923 0.036973
5 0.892053 0.114423 0.145630 0.043868
4 0.105053 0.365210 0.206213 0.039857
0 0.165940 0.113473 0.089348 0.041959
0 0.459993 0.761377 0.027738 0.043578
4 0.105257 0.313556 0.207410 0.039995
0 0.458770 0.403958 0.026469 0.045588
4 0.076619 0.466769 0.150887 0.036512
4 0.078136 0.516937 0.152527 0.034595
4 0.036523 0.670281 0.070747 0.033791
4 0.034832 0.923264 0.068358 0.031148
4 0.043606 0.822939 0.082996 0.028844
4 0.104345 0.263670 0.206110 0.039734
4 0.043956 0.720670 0.087172 0.029492
4 0.059967 0.568061 0.118196 0.034941
4 0.049228 0.873988 0.098269 0.031582
4 0.045354 0.618227 0.088037 0.034963
4 0.057056 0.771661 0.112432 0.034162
4 0.345640 0.531761 0.206432 0.042461
4 0.080694 0.976840 0.160254 0.040140
4 0.065529 0.213141 0.127306 0.032826
4 0.348176 0.627489 0.122315 0.043014
4 0.346396 0.269009 0.128824 0.042582