5 0.225466 0.167437 0.213711 0.039289
5 0.164181 0.261975 0.088694 0.040984
0 0.067246 0.088512 0.118055 0.028979
0 0.933253 0.086544 0.018598 0.036180
0 0.057059 0.358825 0.052553 0.045229
0 0.968522 0.089765 0.039798 0.023772
0 0.340416 0.171567 0.020236 0.041950
0 0.391793 0.171567 0.022260 0.041950
0 0.414053 0.170868 0.022260 0.046145
0 0.433952 0.171567 0.022934 0.041950
0 0.454188 0.172966 0.020236 0.044746
0 0.475098 0.170868 0.024283 0.043348
0 0.289264 0.264556 0.122091 0.043348
3 0.152064 0.088464 0.034746 0.042757