5 0.228443 0.171627 0.217201 0.042790
5 0.141530 0.585567 0.030111 0.038492
5 0.232647 0.447586 0.222060 0.045177
5 0.165753 0.261485 0.091579 0.044436
0 0.052017 0.089572 0.077326 0.027031
3 0.204843 0.542507 0.155877 0.040847
0 0.511558 0.444952 0.022845 0.045717
3 0.234871 0.494113 0.218500 0.039839
5 0.165134 0.213712 0.090608 0.040130
5 0.238091 0.950797 0.215191 0.027687
0 0.056272 0.023861 0.022156 0.033987
0 0.538897 0.445342 0.022690 0.044935
0 0.290017 0.261599 0.118528 0.040916
3 0.204179 0.725527 0.156003 0.043842
0 0.161439 0.090839 0.114671 0.035213
3 0.262282 0.090839 0.076223 0.032396
3 0.325689 0.090839 0.031703 0.026762
0 0.934008 0.091778 0.014840 0.032396
0 0.970770 0.090370 0.041147 0.029579
0 0.342889 0.171845 0.017296 0.041533
0 0.394560 0.171845 0.022917 0.041533
0 0.415532 0.171394 0.021620 0.042436
0 0.436070 0.171845 0.021187 0.043339
0 0.456393 0.170942 0.022052 0.041533
0 0.477364 0.170491 0.021620 0.042436