0 0.346898 0.107521 0.084577 0.030609
0 0.256023 0.103660 0.081027 0.033340
2 0.759610 0.194437 0.087722 0.040970
0 0.191297 0.105106 0.029477 0.030506
0 0.020568 0.757358 0.022651 0.045222
0 0.296923 0.252800 0.072365 0.034049
0 0.088615 0.111714 0.153874 0.033331
5 0.242701 0.193907 0.084334 0.039431
0 0.976718 0.106636 0.045630 0.036412
0 0.601872 0.105328 0.024145 0.029980
1 0.041870 0.860046 0.012539 0.029044
1 0.063274 0.859138 0.019025 0.036305
1 0.063490 0.898165 0.020323 0.038120
1 0.042303 0.899527 0.013404 0.029951
1 0.042735 0.939462 0.014269 0.028136
1 0.063706 0.939462 0.019890 0.039027