5 0.196286 0.605303 0.075571 0.037622
0 0.415120 0.173330 0.020448 0.040180
5 0.280219 0.692125 0.240130 0.045795
5 0.568019 0.603712 0.021563 0.033676
0 0.466417 0.174074 0.021002 0.038258
0 0.443985 0.174890 0.018475 0.038321
3 0.269493 0.473714 0.274324 0.044047
0 0.283064 0.173053 0.019016 0.037192
0 0.084880 0.173882 0.020757 0.039765
0 0.029934 0.471828 0.023153 0.047108
0 0.489266 0.173992 0.020674 0.038500
0 0.344411 0.173320 0.029210 0.036476
0 0.379853 0.172109 0.032878 0.036995
0 0.054444 0.173064 0.022313 0.039547
0 0.310310 0.173800 0.028754 0.035361
0 0.253658 0.172887 0.021207 0.038887
0 0.105675 0.174728 0.019886 0.037944
0 0.435626 0.472437 0.020634 0.041494
5 0.587346 0.690104 0.022451 0.037033
0 0.945449 0.089364 0.061656 0.032661
5 0.194445 0.649460 0.070879 0.036885
5 0.693742 0.559572 0.276841 0.039656
0 0.029083 0.166545 0.021442 0.041196
0 0.558167 0.173606 0.101634 0.034317
0 0.222663 0.173986 0.032896 0.038689
0 0.094436 0.523105 0.068436 0.046641
0 0.458591 0.472612 0.021079 0.041842
1 0.049419 0.266047 0.011242 0.028857