5 0.728378 0.470859 0.033655 0.037295
5 0.338774 0.471504 0.303806 0.043581
5 0.817076 0.379538 0.209341 0.040997
5 0.292001 0.380891 0.210574 0.040254
5 0.215569 0.699059 0.059208 0.039977
5 0.203815 0.516032 0.034295 0.040828
0 0.093408 0.089738 0.059326 0.029539
5 0.268237 0.791179 0.165492 0.037202
5 0.793163 0.517695 0.162971 0.036417
5 0.206883 0.654694 0.038270 0.040226
5 0.268173 0.564722 0.166110 0.038457
5 0.726169 0.700851 0.030061 0.035503
5 0.217155 0.749723 0.060206 0.039025
5 0.723034 0.747027 0.023455 0.035600
5 0.743644 0.655400 0.066158 0.038843
0 0.031269 0.089938 0.031956 0.030103
0 0.018969 0.974212 0.025812 0.039470
0 0.330716 0.090922 0.127085 0.032537
5 0.816612 0.426590 0.211858 0.038587
3 0.986854 0.092442 0.024995 0.035522
3 0.191326 0.090233 0.116623 0.028561
5 0.220928 0.427152 0.067454 0.040073
3 0.456795 0.088538 0.095446 0.033899