5 0.221606 0.445297 0.181538 0.050979
5 0.191921 0.188859 0.100093 0.042423
5 0.396584 0.900893 0.241542 0.052646
5 0.381397 0.189807 0.284879 0.049293
3 0.045632 0.101821 0.084204 0.030248
5 0.218636 0.543277 0.174629 0.047865
0 0.609285 0.901672 0.021908 0.041994
3 0.117520 0.101194 0.039276 0.029708
0 0.632288 0.900662 0.023543 0.042841
5 0.206282 0.901763 0.144492 0.047291
5 0.324146 0.544898 0.032236 0.039412
5 0.237497 0.495077 0.212391 0.044597
0 0.556267 0.900855 0.020434 0.041235
0 0.579616 0.901864 0.022629 0.039736
4 0.973073 0.102129 0.049436 0.042277
5 0.324688 0.443201 0.032172 0.043270
0 0.055255 0.029827 0.030499 0.039260
0 0.973563 0.102456 0.050465 0.040980
0 0.073282 0.241237 0.139605 0.047432