0 0.313471 0.310169 0.132969 0.043287
5 0.217136 0.174634 0.135311 0.043113
5 0.164314 0.220024 0.029892 0.039269
0 0.050168 0.404990 0.053275 0.038599
0 0.427010 0.176006 0.021453 0.038356
0 0.469778 0.175515 0.022607 0.041751
0 0.448185 0.176310 0.020552 0.039750
0 0.976984 0.095475 0.045554 0.034254
5 0.194613 0.267555 0.093240 0.033992
0 0.406174 0.176162 0.020517 0.038796
5 0.190217 0.310685 0.080869 0.035417
3 0.204713 0.095896 0.035368 0.027779
0 0.043714 0.095006 0.080580 0.026835
0 0.384405 0.175750 0.021002 0.040587
0 0.134491 0.096240 0.086672 0.027098
5 0.231657 0.220500 0.100283 0.037837