0 0.255330 0.109065 0.092624 0.049699
0 0.166366 0.111017 0.091839 0.053151
0 0.076065 0.109720 0.092400 0.054947
0 0.976725 0.110015 0.025967 0.042565
5 0.892013 0.110320 0.144539 0.050354
0 0.460016 0.401433 0.026893 0.047293
4 0.043374 0.826135 0.084898 0.025724
4 0.076688 0.519463 0.150567 0.032222
4 0.077297 0.468980 0.147896 0.034727
4 0.059345 0.571345 0.118644 0.031293
4 0.104342 0.365439 0.201205 0.034452
4 0.043339 0.724667 0.084363 0.027863
4 0.049041 0.876487 0.093190 0.026716
4 0.037864 0.674033 0.070217 0.032576
4 0.036016 0.926069 0.066213 0.024637
4 0.044331 0.622486 0.084013 0.031536
4 0.103930 0.314304 0.202195 0.031902
4 0.080354 0.981087 0.159387 0.037826
4 0.063971 0.214573 0.127942 0.027242
4 0.054868 0.775692 0.107683 0.030510
4 0.099807 0.262739 0.198794 0.030827
4 0.106408 0.417297 0.206123 0.030433