0 0.967174 0.974458 0.047780 0.035997
5 0.447439 0.601361 0.071069 0.039050
5 0.260646 0.819717 0.035331 0.038210
5 0.261029 0.557209 0.034371 0.036466
5 0.429714 0.556763 0.035452 0.038409
5 0.308551 0.339086 0.131439 0.039514
5 0.260701 0.645265 0.033497 0.041095
5 0.477141 0.470924 0.130908 0.039495
5 0.308732 0.470098 0.131331 0.038140
5 0.257510 0.689040 0.028456 0.039308
5 0.427181 0.688924 0.029535 0.039075
5 0.260845 0.907483 0.034197 0.039150
5 0.261041 0.514244 0.034574 0.039335
5 0.260765 0.426060 0.034304 0.038614
5 0.429821 0.513720 0.036908 0.040685
5 0.429244 0.907421 0.034406 0.038408
5 0.268094 0.206519 0.047109 0.039076
5 0.450408 0.382496 0.078381 0.041095
5 0.429443 0.426346 0.036606 0.038913
5 0.430521 0.645839 0.035456 0.038300
5 0.277790 0.599593 0.069823 0.036903
5 0.477051 0.339081 0.130345 0.040637
5 0.281106 0.385245 0.076953 0.034503
0 0.969569 0.088368 0.047990 0.033732
5 0.288305 0.777022 0.090530 0.037474
5 0.450748 0.731862 0.076876 0.039187
5 0.457575 0.777170 0.091210 0.040467
0 0.079208 0.088917 0.134380 0.029957
5 0.429675 0.819387 0.036468 0.039763
0 0.201503 0.088721 0.091200 0.029691
3 0.510867 0.088419 0.037286 0.027115
5 0.250278 0.864032 0.017476 0.038813
5 0.280146 0.731773 0.074897 0.040202
0 0.556077 0.338698 0.026266 0.037879
0 0.448003 0.088822 0.076494 0.027683
0 0.330663 0.087898 0.150927 0.025461
0 0.325582 0.732518 0.017751 0.039308
0 0.555628 0.383540 0.030268 0.036559
0 0.555628 0.426628 0.031132 0.035689
0 0.555844 0.470296 0.028106 0.036559
0 0.555844 0.513819 0.029835 0.036559
0 0.555195 0.557342 0.030268 0.038300
0 0.555988 0.601010 0.028970 0.037430
0 0.555988 0.645839 0.028970 0.038300
0 0.556204 0.689797 0.027673 0.035689
0 0.555772 0.732450 0.030268 0.035689
0 0.555772 0.775103 0.028538 0.039171
0 0.555772 0.819931 0.028538 0.038300
0 0.555556 0.863890 0.028970 0.039171
0 0.555988 0.907413 0.028970 0.037430