0 0.900374 0.567717 0.137781 0.050037
0 0.893312 0.973592 0.071748 0.042723
0 0.272084 0.518361 0.023003 0.043853
0 0.965894 0.975249 0.061098 0.035841
0 0.300332 0.518945 0.023253 0.042912
0 0.399278 0.519540 0.021929 0.038066
0 0.248670 0.518549 0.020777 0.042378
0 0.352799 0.518251 0.022655 0.042165
0 0.376561 0.519527 0.022274 0.039382
0 0.975034 0.104158 0.048483 0.035143
0 0.324669 0.519097 0.023603 0.042096
0 0.444463 0.517006 0.025209 0.040823
0 0.574465 0.516868 0.045446 0.044306
5 0.676878 0.722799 0.052941 0.051558
3 0.782059 0.102425 0.040455 0.041191
0 0.580235 0.619852 0.020630 0.042725
0 0.555701 0.619375 0.023240 0.047271
3 0.370831 0.621831 0.311754 0.045754
5 0.904606 0.363755 0.081222 0.041808
5 0.966987 0.363350 0.044016 0.042897
5 0.297246 0.871871 0.135481 0.055980
0 0.199873 0.518813 0.018633 0.042708
5 0.379986 0.870833 0.032974 0.048088
5 0.967510 0.442726 0.045461 0.041674
0 0.932835 0.104651 0.014890 0.032189
0 0.993981 0.565515 0.011988 0.046762
0 0.430787 0.365154 0.019954 0.037347
5 0.678601 0.914720 0.154452 0.035079
5 0.904456 0.403445 0.082929 0.040142
5 0.843253 0.363361 0.042356 0.042541
5 0.967055 0.403299 0.044660 0.039046
5 0.677940 0.876968 0.153784 0.046827
5 0.540117 0.163475 0.111473 0.044657
5 0.903123 0.444014 0.079339 0.045562
5 0.843105 0.403147 0.044305 0.038919
0 0.835776 0.163389 0.067182 0.047416
0 0.354844 0.102820 0.046848 0.030017
3 0.074867 0.507312 0.138165 0.029216
0 0.214885 0.102534 0.029299 0.029896
0 0.166781 0.102895 0.048349 0.031244
4 0.064211 0.455490 0.118663 0.027769
5 0.836751 0.163514 0.067967 0.048894
2 0.836215 0.164160 0.067207 0.049619
5 0.433029 0.872454 0.033501 0.050607
5 0.510262 0.364343 0.142162 0.045928
5 0.380252 0.911527 0.031694 0.025771
0 0.741843 0.103781 0.028028 0.033225
5 0.205957 0.445564 0.027811 0.041523
0 0.282311 0.102982 0.086434 0.032122
5 0.844212 0.443270 0.047546 0.044594
5 0.316151 0.164194 0.083506 0.043092
5 0.206187 0.363320 0.027715 0.044072
0 0.695956 0.103433 0.049975 0.028550
0 0.226590 0.518294 0.024423 0.044436
3 0.706471 0.558055 0.193889 0.057143
0 0.412292 0.103610 0.046387 0.031543
0 0.422200 0.517812 0.025132 0.038087
4 0.064017 0.556157 0.115754 0.034407
5 0.296370 0.721157 0.136071 0.052501
0 0.491317 0.102262 0.087731 0.029424
0 0.907438 0.103232 0.015151 0.032685
5 0.770979 0.874174 0.033258 0.043855
5 0.206253 0.404673 0.028656 0.042113
0 0.265983 0.675258 0.077437 0.037994
3 0.233694 0.164825 0.084448 0.042309
0 0.353528 0.672536 0.061667 0.034707
1 0.405400 0.404972 0.014537 0.032961
5 0.925794 0.443647 0.125586 0.043819
3 0.073386 0.405390 0.135263 0.029155
3 0.072097 0.102974 0.140773 0.052334
4 0.051568 0.201486 0.085050 0.040020
3 0.703375 0.204051 0.196495 0.046177
3 0.704108 0.254077 0.196495 0.044638
3 0.703375 0.306411 0.196495 0.035403
3 0.703009 0.356436 0.188430 0.043099
3 0.704108 0.402613 0.187697 0.033863
3 0.703375 0.456487 0.195029 0.036942
3 0.704475 0.501894 0.189897 0.044638
4 0.699444 0.152881 0.175031 0.039065
1 0.374872 0.365296 0.015119 0.029299
1 0.405587 0.366037 0.014701 0.029048
1 0.374886 0.405071 0.013837 0.029048
1 0.375103 0.444104 0.013404 0.025417
1 0.405803 0.445012 0.014269 0.027233