0 0.256116 0.113145 0.093327 0.049038
0 0.167508 0.114606 0.091833 0.050940
0 0.076062 0.112964 0.091788 0.052066
0 0.695924 0.756699 0.028147 0.049037
0 0.460572 0.756932 0.026005 0.047141
5 0.892850 0.114686 0.146935 0.048670
4 0.302854 0.888197 0.114327 0.033992
4 0.078663 0.468010 0.147727 0.034069
0 0.461075 0.401461 0.026647 0.048014
4 0.045293 0.821610 0.087038 0.026305
4 0.078135 0.517842 0.151391 0.031782
4 0.064648 0.218393 0.128457 0.026951
4 0.104973 0.365369 0.201492 0.035181
4 0.036576 0.921790 0.066470 0.026217
4 0.061076 0.569262 0.118669 0.030610
4 0.312454 0.533899 0.132330 0.040482
4 0.049789 0.870548 0.093989 0.022227
4 0.108424 0.264671 0.204661 0.031795
4 0.082568 0.972675 0.161514 0.037803
4 0.045452 0.619263 0.086838 0.030934
4 0.107411 0.416716 0.205193 0.030877
4 0.038852 0.670661 0.072056 0.033024
4 0.045334 0.720200 0.087017 0.028264
4 0.057131 0.770647 0.111771 0.030224
4 0.104907 0.315070 0.202951 0.031391
0 0.977504 0.114308 0.027679 0.046488
0 0.015788 0.164326 0.029840 0.033865
4 0.064652 0.265264 0.124016 0.028457
4 0.367670 0.980935 0.224237 0.038129