5 0.170626 0.808080 0.031083 0.038339
0 0.049295 0.090743 0.050503 0.029462
5 0.426988 0.508274 0.067382 0.036831
0 0.392697 0.090552 0.049289 0.026767
5 0.182005 0.595101 0.055715 0.038981
3 0.439658 0.089455 0.031986 0.026343
0 0.497559 0.249206 0.025201 0.036628
0 0.129095 0.089471 0.098738 0.028906
0 0.226608 0.089428 0.082172 0.027516
0 0.314972 0.089219 0.084214 0.027545
5 0.167737 0.422402 0.025653 0.039804
1 0.402199 0.592583 0.012538 0.030049
5 0.424434 0.465802 0.063447 0.041657
5 0.212307 0.250608 0.248672 0.047698
0 0.969063 0.089694 0.040226 0.031159
5 0.406301 0.421757 0.025064 0.037069
5 0.167317 0.466384 0.025698 0.037748
0 0.960511 0.977379 0.058299 0.038955
1 0.204811 0.679782 0.010377 0.024606
5 0.164192 0.508655 0.021330 0.037123
0 0.471588 0.249614 0.024942 0.035779
5 0.104199 0.293190 0.030063 0.039236
0 0.471773 0.207583 0.023639 0.040839
5 0.212676 0.210866 0.251498 0.045046
0 0.896382 0.167139 0.046701 0.044477
1 0.204971 0.638819 0.012045 0.030998
5 0.161372 0.551271 0.014925 0.036520
5 0.401118 0.553464 0.013837 0.039671
5 0.514406 0.425741 0.013837 0.037736