5 0.251059 0.593988 0.199729 0.044989
5 0.168236 0.763023 0.029860 0.037106
0 0.048039 0.089756 0.051442 0.028306
0 0.390200 0.090167 0.049128 0.028896
5 0.206864 0.551817 0.107374 0.038071
5 0.185815 0.891227 0.065658 0.034683
5 0.185649 0.806850 0.066666 0.036382
5 0.207149 0.510149 0.109017 0.042821
5 0.207670 0.464369 0.108046 0.038404
5 0.210830 0.249118 0.246787 0.048024
0 0.956110 0.973444 0.057746 0.036484
0 0.314692 0.088489 0.085297 0.028406
0 0.127301 0.091346 0.097552 0.028698
0 0.225301 0.088623 0.079475 0.028726
0 0.494305 0.247516 0.023756 0.036681
0 0.438082 0.088510 0.031127 0.028764
0 0.966256 0.088529 0.040830 0.030648
5 0.103258 0.336562 0.031112 0.039753
5 0.406866 0.720545 0.029528 0.040870
5 0.403850 0.551081 0.025354 0.037791
5 0.406388 0.808277 0.028774 0.039365
5 0.209856 0.210034 0.248735 0.043677
5 0.404413 0.463850 0.025727 0.039648
0 0.469238 0.247912 0.024337 0.035981
5 0.102716 0.292077 0.031684 0.036059
0 0.469321 0.206852 0.023529 0.038011
5 0.404191 0.763086 0.025563 0.034872
0 0.671469 0.166069 0.099793 0.047422
1 0.031964 0.849917 0.014274 0.028436
5 0.254591 0.764944 0.014053 0.037736
1 0.033006 0.721826 0.010377 0.024190
1 0.271256 0.851484 0.011242 0.026125