5 0.180725 0.591077 0.055475 0.038032
5 0.211743 0.248404 0.247096 0.043580
0 0.048880 0.086667 0.051077 0.026578
0 0.955961 0.975021 0.057201 0.036472
0 0.227176 0.085481 0.083213 0.027731
0 0.130103 0.086030 0.100517 0.029457
5 0.168928 0.804029 0.029697 0.035926
5 0.210759 0.207823 0.247068 0.043407
0 0.317381 0.086167 0.086344 0.029309
5 0.425786 0.505363 0.067460 0.039738
5 0.165775 0.418254 0.025221 0.036432
5 0.103298 0.289592 0.030442 0.035892
1 0.203430 0.676210 0.011132 0.027533
0 0.391908 0.086221 0.048863 0.028089
0 0.494265 0.246487 0.023674 0.037256
5 0.404679 0.418278 0.025409 0.035756
5 0.165112 0.461637 0.025107 0.038279
0 0.469000 0.246545 0.023159 0.035675
5 0.160963 0.548311 0.016937 0.034848
5 0.423024 0.462996 0.063290 0.040638
3 0.438705 0.086003 0.031106 0.026869
0 0.965286 0.085929 0.040652 0.031696
1 0.401188 0.592593 0.010600 0.028131
5 0.163128 0.505294 0.020064 0.036928
5 0.399133 0.551070 0.014198 0.039767
0 0.470726 0.204961 0.023310 0.035052
5 0.512005 0.419002 0.014454 0.035832
5 0.446071 0.163073 0.045633 0.038055
1 0.203271 0.634551 0.010813 0.030772
0 0.087872 0.161364 0.095663 0.039562
5 0.367089 0.160914 0.097137 0.041224