5 0.918531 0.095168 0.155367 0.046805
0 0.512506 0.106630 0.079137 0.044955
0 0.591904 0.107313 0.082501 0.049668
0 0.431227 0.106181 0.080301 0.045331
4 0.093172 0.396515 0.183449 0.030068
4 0.074222 0.927201 0.142020 0.034800
4 0.042345 0.781379 0.078585 0.027100
4 0.068326 0.492689 0.131776 0.031880
4 0.053710 0.733129 0.099765 0.030725
0 0.415340 0.383459 0.026128 0.048329
4 0.056089 0.543236 0.106755 0.030287
4 0.069590 0.446623 0.136192 0.031233
4 0.033765 0.638788 0.067438 0.029781
4 0.093643 0.348994 0.178764 0.034695
4 0.033993 0.878763 0.061180 0.025747
4 0.044377 0.590462 0.083638 0.030326
4 0.061805 0.977286 0.120240 0.033622
4 0.041356 0.685737 0.079093 0.028738
4 0.044100 0.831470 0.085848 0.030321
4 0.092584 0.301821 0.177329 0.032254
4 0.096116 0.253346 0.180129 0.035866
0 0.244626 0.265731 0.020299 0.040276
4 0.059066 0.206252 0.114545 0.032965
0 0.982959 0.096594 0.015976 0.025503
0 0.961214 0.096594 0.014201 0.023541