5 0.237925 0.190984 0.085191 0.042019
0 0.968724 0.978298 0.062552 0.034329
0 0.896021 0.975750 0.072855 0.039583
3 0.663728 0.101467 0.040699 0.032343
0 0.082282 0.104247 0.161175 0.032878
3 0.114814 0.190453 0.159443 0.043326
0 0.976590 0.101668 0.046125 0.034079
0 0.268296 0.102919 0.114086 0.030472
3 0.294542 0.493155 0.124832 0.044663
0 0.358771 0.102660 0.050907 0.028109
0 0.186700 0.100580 0.031496 0.028394
0 0.405545 0.102427 0.027862 0.028464
0 0.485715 0.103908 0.114651 0.030498
5 0.579646 0.366692 0.694448 0.212882
5 0.084314 0.459796 0.115894 0.041324
0 0.015036 0.744729 0.026140 0.045415
5 0.084515 0.419955 0.114504 0.041111
5 0.159107 0.456761 0.032618 0.037999
5 0.158275 0.418543 0.033397 0.040967
0 0.042621 0.244618 0.029832 0.039899
0 0.934187 0.104422 0.020876 0.033304
3 0.592417 0.102073 0.086319 0.033632
5 0.084388 0.489353 0.116423 0.026158
0 0.014569 0.244133 0.024331 0.045374
5 0.159019 0.378827 0.036389 0.034792
5 0.187420 0.489614 0.082542 0.025637