1 0.301477 0.826792 0.021556 0.037110
3 0.477073 0.728863 0.178421 0.045573
1 0.892304 0.827969 0.020163 0.038440
1 0.300769 0.908306 0.021207 0.039807
0 0.899371 0.981997 0.068935 0.034711
1 0.301477 0.867658 0.021289 0.039348
1 0.892157 0.868177 0.020839 0.039696
1 0.892143 0.909462 0.021319 0.040810
1 0.279991 0.828297 0.017569 0.033771
0 0.102408 0.345653 0.025354 0.048618
3 0.357609 0.165396 0.162333 0.043230
1 0.280078 0.909410 0.016289 0.032535
5 0.628630 0.270637 0.388983 0.051023
0 0.068849 0.346282 0.024927 0.047896
0 0.601068 0.102536 0.049117 0.030462
0 0.414932 0.099908 0.047314 0.027880
0 0.970305 0.984617 0.059389 0.030765
0 0.134478 0.348447 0.019608 0.041178
3 0.014341 0.348879 0.028682 0.042040
0 0.183927 0.349264 0.024243 0.040982
0 0.043200 0.345991 0.021857 0.044485
3 0.811393 0.099865 0.037117 0.031267
5 0.629005 0.372907 0.388233 0.046337
0 0.282645 0.100809 0.087737 0.030631
5 0.448806 0.472834 0.099786 0.044100
0 0.506826 0.102711 0.120612 0.031438
0 0.938575 0.100955 0.016954 0.032021
0 0.216697 0.100229 0.029542 0.027795
5 0.138859 0.662500 0.253581 0.046039
0 0.358482 0.100405 0.044282 0.029071
3 0.152662 0.347199 0.017531 0.044169
5 0.417553 0.370511 0.038478 0.043923
1 0.280213 0.867840 0.017440 0.036476
5 0.959635 0.825658 0.076837 0.043784
5 0.790196 0.826532 0.127355 0.044259
5 0.139863 0.583124 0.255588 0.045878
5 0.139376 0.622545 0.252631 0.044823
0 0.104298 0.101722 0.177600 0.033939
0 0.647944 0.101415 0.025446 0.029847
5 0.663856 0.474534 0.332022 0.049877
5 0.792559 0.911661 0.124787 0.053168
5 0.138247 0.702336 0.251365 0.045199
0 0.727639 0.100286 0.111338 0.031480
5 0.335074 0.912663 0.044512 0.048746
5 0.517848 0.827191 0.142739 0.041383
5 0.518819 0.865536 0.141067 0.042676
5 0.377472 0.865264 0.042855 0.040762
5 0.518563 0.906637 0.141937 0.043870
5 0.790711 0.866358 0.126117 0.042794
5 0.376214 0.911699 0.043399 0.047905
0 0.912256 0.102170 0.017797 0.031599
5 0.138107 0.742214 0.252076 0.045254
5 0.959910 0.908513 0.077801 0.043313
5 0.961170 0.865672 0.076141 0.042974
0 0.976872 0.100215 0.046256 0.029666
5 0.658581 0.825996 0.146372 0.044439
5 0.377741 0.825175 0.044726 0.040596
5 0.974480 0.167586 0.050919 0.044907
5 0.138643 0.821562 0.252157 0.045734
5 0.752362 0.167420 0.211488 0.044303
5 0.864179 0.729350 0.271641 0.046944
5 0.479581 0.167168 0.083999 0.046778
5 0.139055 0.781973 0.253648 0.049325
5 0.335863 0.865081 0.044994 0.041807
5 0.410703 0.268678 0.026183 0.047105
5 0.336418 0.825085 0.043833 0.041163
5 0.138721 0.506231 0.252000 0.043171
5 0.660581 0.866053 0.142929 0.043617
5 0.434840 0.908710 0.026108 0.044011
5 0.138737 0.543952 0.248598 0.037864
5 0.865119 0.866054 0.031245 0.042040
5 0.866786 0.909106 0.029965 0.045554
5 0.435337 0.866568 0.027102 0.040348
5 0.865013 0.825705 0.029187 0.039857
5 0.658625 0.907802 0.142237 0.047044
5 0.139739 0.862204 0.253357 0.045887
5 0.434894 0.824868 0.025011 0.040505