1 0.159646 0.884907 0.015581 0.031365
1 0.047189 0.697630 0.016470 0.031140
1 0.046894 0.884182 0.016441 0.032478
1 0.160003 0.697739 0.016207 0.030906
1 0.160356 0.659968 0.017232 0.033198
1 0.160342 0.584872 0.016898 0.032009
1 0.047336 0.511039 0.016610 0.030506
1 0.160319 0.772032 0.017198 0.032050
1 0.046919 0.548496 0.017515 0.030958
1 0.047276 0.585172 0.016855 0.031952
1 0.047131 0.771719 0.016915 0.032555
1 0.046787 0.735432 0.017659 0.031189
1 0.160105 0.511162 0.016634 0.030624
1 0.047286 0.623228 0.016392 0.030436
1 0.047068 0.660547 0.016741 0.032448
1 0.159990 0.547895 0.016699 0.032454
1 0.160409 0.473749 0.017872 0.033296
1 0.047221 0.922633 0.017802 0.031308
1 0.047245 0.474463 0.016840 0.032502
1 0.159922 0.735064 0.016604 0.031881
1 0.047053 0.847799 0.017662 0.032232
1 0.047412 0.809426 0.016991 0.030705
1 0.160286 0.847634 0.017479 0.034237
1 0.159888 0.623473 0.015760 0.029545
1 0.159864 0.810324 0.016078 0.028916
0 0.868542 0.974524 0.074487 0.038115
3 0.303546 0.296875 0.331332 0.048085
1 0.047218 0.436907 0.017068 0.031307
1 0.160126 0.922142 0.017327 0.031802
0 0.534368 0.152088 0.026640 0.044069
1 0.159474 0.438302 0.016053 0.028857
3 0.118860 0.153524 0.174653 0.042843
5 0.225960 0.885247 0.099805 0.038851
5 0.597381 0.585505 0.137832 0.040709
5 0.226014 0.922129 0.099934 0.040231
5 0.248415 0.153037 0.088355 0.042807
5 0.597441 0.772116 0.137160 0.040769
0 0.501786 0.294389 0.024189 0.042447
5 0.597596 0.698267 0.137448 0.039620
3 0.729814 0.092944 0.040520 0.032263
5 0.597547 0.510222 0.139865 0.039112
0 0.944887 0.973640 0.062972 0.034366
5 0.756311 0.884932 0.116876 0.038600
5 0.225435 0.772393 0.100816 0.039994
0 0.526814 0.294054 0.024379 0.041616
5 0.225534 0.697899 0.100654 0.038581
5 0.755536 0.771961 0.117031 0.040603
5 0.597342 0.885456 0.137352 0.040388
5 0.757347 0.585394 0.113522 0.040591
0 0.412208 0.091773 0.050180 0.028417
5 0.757130 0.696616 0.115578 0.036970
5 0.225212 0.809912 0.099665 0.038101
5 0.755485 0.847265 0.118132 0.040711
5 0.597206 0.623072 0.136067 0.040966
5 0.755955 0.509929 0.117379 0.038471
5 0.596758 0.923038 0.137277 0.041412
5 0.756563 0.623275 0.117157 0.040589
5 0.597881 0.436389 0.138422 0.041074
5 0.597803 0.472831 0.139192 0.039177
5 0.756965 0.809759 0.116544 0.039425
0 0.016941 0.296866 0.024903 0.038599
5 0.755834 0.660439 0.116739 0.040187
5 0.596869 0.547816 0.137102 0.040813
5 0.225513 0.847776 0.100236 0.041967
5 0.401979 0.697097 0.257625 0.040396
5 0.756947 0.548259 0.114310 0.040663
0 0.461677 0.091991 0.025860 0.028959
5 0.754895 0.734258 0.118411 0.040759
5 0.225138 0.472987 0.100848 0.038679
5 0.401949 0.585765 0.259368 0.039479
0 0.232303 0.092026 0.032379 0.029585
5 0.225278 0.734242 0.100892 0.041462
5 0.224595 0.510890 0.102025 0.040075
5 0.597756 0.810274 0.137571 0.039596
5 0.597931 0.660103 0.136682 0.039693
5 0.224642 0.585607 0.102070 0.039648
5 0.597207 0.734504 0.135815 0.040530
5 0.681073 0.696729 0.035769 0.038405
5 0.225077 0.437026 0.100422 0.038851
5 0.401863 0.510559 0.259102 0.040742
0 0.116427 0.093124 0.177148 0.032416
5 0.598110 0.847126 0.136575 0.041101
5 0.681076 0.772070 0.036105 0.039721
0 0.544207 0.094600 0.121489 0.032602
5 0.755632 0.472847 0.117886 0.038624
5 0.757528 0.922391 0.116530 0.040933
0 0.321406 0.092525 0.114789 0.030260
5 0.680937 0.509818 0.035555 0.038999
5 0.681125 0.884185 0.035528 0.039051
5 0.225351 0.659887 0.100696 0.039240
5 0.225537 0.622939 0.100833 0.039346
5 0.680788 0.547872 0.035986 0.039941
5 0.402452 0.772557 0.259385 0.039863
5 0.680917 0.584899 0.035523 0.039409
5 0.224254 0.548208 0.102372 0.041225
5 0.401274 0.622928 0.258819 0.041335
5 0.680703 0.733641 0.035830 0.039843
0 0.951737 0.094429 0.050034 0.034629
5 0.402000 0.660271 0.259131 0.041809
3 0.655935 0.092267 0.090258 0.034556
5 0.401546 0.885435 0.259457 0.042388
5 0.403942 0.474162 0.256240 0.040909
5 0.680624 0.660192 0.035940 0.038611
5 0.401680 0.847148 0.259892 0.043205
5 0.755257 0.436743 0.117683 0.040550
0 0.016810 0.202254 0.023848 0.036725
5 0.680784 0.622610 0.035959 0.037674
5 0.401695 0.549762 0.258140 0.042971
5 0.681027 0.809489 0.036180 0.037199
5 0.401145 0.809157 0.258786 0.040140
5 0.680773 0.847002 0.035842 0.039757
0 0.910261 0.095889 0.018050 0.031966
5 0.401695 0.735850 0.258140 0.042959
1 0.337736 0.152401 0.016602 0.028915
5 0.680760 0.921288 0.036481 0.038423
5 0.680611 0.472849 0.034785 0.037016
5 0.400658 0.922635 0.260214 0.041561
5 0.402671 0.436163 0.257635 0.042316
0 0.075173 0.348215 0.042931 0.032902
0 0.337585 0.153564 0.017342 0.032494
0 0.016207 0.248925 0.026429 0.045207