5 0.368856 0.649164 0.047475 0.038379
5 0.369428 0.604725 0.045588 0.035946
5 0.210784 0.166707 0.136531 0.041361
5 0.361670 0.513351 0.030781 0.037335
5 0.390222 0.560181 0.087221 0.040994
5 0.157833 0.211821 0.027052 0.035664
0 0.693429 0.750174 0.083715 0.040849
0 0.099022 0.086393 0.079398 0.029450
0 0.617155 0.751366 0.056675 0.035889
1 0.814993 0.588652 0.011283 0.024850
0 0.378850 0.165644 0.020292 0.037821
0 0.278307 0.086743 0.076970 0.030391
0 0.282266 0.382604 0.101606 0.034430
0 0.420172 0.166161 0.018962 0.036376
0 0.898275 0.971227 0.067989 0.041910
0 0.760302 0.749505 0.039362 0.036242
5 0.190078 0.255536 0.094224 0.039446
0 0.400558 0.166059 0.019257 0.036418
5 0.458949 0.468221 0.225442 0.041677
0 0.968175 0.971032 0.059450 0.032623
0 0.441558 0.166115 0.019732 0.036530
0 0.972504 0.086199 0.046612 0.033238
0 0.190313 0.086720 0.085649 0.032381
5 0.166381 0.302310 0.044539 0.038241
1 0.814709 0.840285 0.012495 0.027145
0 0.463418 0.166859 0.022451 0.036353
1 0.814761 0.554396 0.011246 0.027016
0 0.025929 0.086273 0.051858 0.032744
5 0.459816 0.425624 0.226760 0.033686
1 0.784004 0.908991 0.012973 0.030312
1 0.815438 0.657600 0.010828 0.025171
1 0.720812 0.909526 0.013313 0.031070
1 0.815479 0.767154 0.010901 0.022106
1 0.816085 0.692738 0.010908 0.024280
1 0.813368 0.909339 0.015135 0.030921
1 0.751817 0.909926 0.013900 0.030662
1 0.814486 0.875042 0.013519 0.027132
1 0.815714 0.516796 0.011698 0.023072
1 0.721098 0.875424 0.013096 0.027607
0 0.751981 0.840635 0.014876 0.027405
0 0.720551 0.840003 0.013371 0.026748
1 0.815759 0.732230 0.010499 0.026062
1 0.752265 0.875227 0.015019 0.027163
1 0.433657 0.874626 0.013388 0.025141
1 0.432488 0.909370 0.014721 0.031835
1 0.784205 0.875897 0.013657 0.025007
1 0.814847 0.622584 0.011802 0.025331
1 0.006852 0.590405 0.013547 0.030922
5 0.078669 0.519117 0.135082 0.043170
1 0.815560 0.481697 0.012161 0.026911
0 0.582073 0.842087 0.015193 0.021918
1 0.006649 0.554221 0.013255 0.032053
3 0.343577 0.086256 0.034542 0.028970
0 0.786850 0.304384 0.019664 0.034571
1 0.006651 0.731927 0.013262 0.031287
0 0.613838 0.841397 0.014028 0.024333
1 0.007101 0.767731 0.014085 0.030694
1 0.007167 0.840478 0.014120 0.030518
5 0.007170 0.875181 0.013359 0.031843
1 0.814668 0.800164 0.011835 0.027073
0 0.433348 0.839983 0.013366 0.023038
0 0.784047 0.840713 0.014469 0.027431
5 0.079407 0.626239 0.134894 0.040427
1 0.814780 0.540520 0.011894 0.023286
5 0.078082 0.875414 0.134721 0.040021
1 0.006569 0.659917 0.013025 0.028167
5 0.079755 0.590157 0.134547 0.037716
1 0.006969 0.803047 0.013891 0.035177
0 0.170030 0.396599 0.034718 0.032006