5 0.401344 0.286753 0.379155 0.133326
5 0.818847 0.542391 0.031214 0.031277
5 0.269765 0.504713 0.117088 0.035641
5 0.272913 0.413379 0.119922 0.034905
5 0.227714 0.581150 0.032032 0.032476
5 0.228520 0.689506 0.031606 0.036494
5 0.828173 0.375742 0.049309 0.030976
5 0.845886 0.935500 0.086965 0.033032
5 0.228216 0.782174 0.031209 0.032211
5 0.227538 0.543238 0.032681 0.030638
5 0.818674 0.782173 0.030536 0.032954
5 0.818912 0.579957 0.032171 0.033585
3 0.383081 0.077799 0.087342 0.027571
5 0.879555 0.896362 0.153933 0.035240
3 0.263940 0.079187 0.123717 0.029677
5 0.312300 0.375126 0.196085 0.033387
0 0.057813 0.079129 0.087719 0.028585
5 0.296043 0.935348 0.063499 0.030516
5 0.820199 0.618454 0.033875 0.032823
0 0.027207 0.902323 0.030372 0.033371
0 0.020613 0.978287 0.022094 0.028640
5 0.297805 0.896465 0.066260 0.033966
5 0.268557 0.783422 0.044643 0.032717
0 0.150927 0.077772 0.075587 0.028103
0 0.057432 0.902347 0.026695 0.031472
0 0.280270 0.783140 0.020450 0.031180
0 0.367909 0.896786 0.016404 0.027875
0 0.880070 0.935050 0.015831 0.030668
0 0.844014 0.375507 0.012929 0.028285
4 0.092132 0.947560 0.150434 0.026873
5 0.346101 0.899487 0.028909 0.032248
1 0.217736 0.823587 0.011904 0.022131