0 0.964562 0.976244 0.070032 0.039537
0 0.987172 0.381731 0.021844 0.046922
3 0.182735 0.104660 0.141457 0.035181
3 0.324264 0.103951 0.104963 0.032835
5 0.471381 0.892873 0.565556 0.123782
0 0.014121 0.973966 0.028242 0.043271
3 0.968968 0.104822 0.025507 0.035063
0 0.091017 0.381312 0.021319 0.044928
5 0.051053 0.649216 0.065359 0.041787
5 0.845778 0.606533 0.083020 0.039150
5 0.008640 0.487085 0.015377 0.035546
5 0.846257 0.647539 0.082108 0.043560
5 0.050499 0.605784 0.065550 0.039491
0 0.051459 0.104159 0.088703 0.031601
0 0.075465 0.766724 0.104962 0.043975
5 0.010648 0.567540 0.015363 0.031396
5 0.051529 0.527706 0.065106 0.038366
5 0.179012 0.528541 0.194866 0.043238
5 0.010319 0.528850 0.014704 0.031301
3 0.488749 0.647859 0.146153 0.044524
5 0.010462 0.606305 0.012179 0.025912
5 0.010930 0.649160 0.012179 0.027905
5 0.051383 0.567639 0.064427 0.042318
5 0.179516 0.568099 0.194145 0.043238
5 0.178651 0.608118 0.193281 0.042318
5 0.179516 0.647676 0.193281 0.036798
5 0.346925 0.528541 0.143555 0.039558
5 0.347141 0.568559 0.142258 0.040478
5 0.346925 0.607658 0.141826 0.043238
5 0.346493 0.649056 0.142690 0.041398
3 0.489399 0.529001 0.144852 0.038638
3 0.490048 0.567639 0.144420 0.038638
3 0.489832 0.607658 0.143988 0.045078
5 0.846485 0.567639 0.081290 0.044158
5 0.846269 0.527621 0.081723 0.037718
5 0.780113 0.526241 0.052320 0.040478
5 0.779897 0.566719 0.052752 0.044158
5 0.780113 0.647676 0.050590 0.040478
5 0.780545 0.608118 0.050590 0.044158
5 0.592093 0.529001 0.061400 0.042318
5 0.591661 0.568099 0.060535 0.043238
5 0.591877 0.608118 0.060968 0.042318
5 0.591877 0.648136 0.060103 0.041398
5 0.663871 0.529461 0.082155 0.043238
5 0.729378 0.528541 0.051455 0.043238
5 0.663438 0.568099 0.083020 0.039558
5 0.729162 0.567179 0.050158 0.039558
5 0.663222 0.609038 0.081723 0.036798
5 0.729595 0.608118 0.052752 0.040478
5 0.662790 0.647676 0.082587 0.040478
5 0.730243 0.646296 0.051455 0.041398