0 0.538197 0.906690 0.146833 0.043653
0 0.875130 0.971848 0.072579 0.040784
0 0.301042 0.906517 0.022934 0.037224
5 0.480376 0.481421 0.204169 0.042127
0 0.408074 0.905654 0.022638 0.037661
5 0.438370 0.199645 0.086037 0.037652
0 0.431159 0.905295 0.021400 0.037379
1 0.369109 0.802121 0.016531 0.029853
5 0.537514 0.527836 0.086346 0.040295
0 0.135893 0.167925 0.024891 0.043252
5 0.784688 0.482123 0.101473 0.041552
0 0.950613 0.971680 0.061754 0.033647
5 0.775557 0.434128 0.085304 0.040604
5 0.437336 0.151119 0.084075 0.041796
0 0.330552 0.906386 0.023831 0.038040
0 0.294941 0.340853 0.057182 0.038751
0 0.199220 0.093474 0.157007 0.032064
0 0.277157 0.906657 0.022202 0.035901
5 0.553301 0.246947 0.319280 0.040192
5 0.784332 0.527422 0.101500 0.040931
0 0.354040 0.905849 0.022402 0.037329
1 0.368843 0.839314 0.017969 0.033268
1 0.260415 0.801071 0.015565 0.030606
5 0.422900 0.528348 0.085876 0.041504
1 0.260316 0.838833 0.016644 0.031165
0 0.383657 0.905898 0.023775 0.038800
1 0.369257 0.765511 0.017044 0.031295
0 0.567387 0.092300 0.115095 0.031322
0 0.067339 0.092074 0.088034 0.029718
0 0.253452 0.905819 0.022578 0.035496
0 0.338112 0.092012 0.104001 0.029671
1 0.863524 0.149207 0.016046 0.029269
5 0.445200 0.433874 0.129132 0.043271
0 0.717588 0.092670 0.042619 0.029561
0 0.009378 0.168104 0.018756 0.042380
0 0.660170 0.092644 0.052199 0.028306
3 0.767294 0.092988 0.039339 0.029856
1 0.260659 0.764506 0.015669 0.031029
0 0.450245 0.093146 0.108008 0.032475
3 0.084551 0.168882 0.019921 0.040818
0 0.957194 0.091306 0.048994 0.034602
4 0.101543 0.500677 0.105866 0.028735
4 0.101520 0.576188 0.104272 0.027886
5 0.112578 0.835832 0.224148 0.040116
3 0.054446 0.168710 0.020314 0.042275
1 0.722231 0.434659 0.016305 0.030944
5 0.112182 0.799492 0.223776 0.041600
0 0.085348 0.169131 0.021187 0.041653
0 0.035078 0.168533 0.020788 0.042785
4 0.101651 0.388402 0.105637 0.025930
5 0.113489 0.869110 0.223100 0.035009
5 0.112209 0.762247 0.223723 0.043370
4 0.102785 0.462463 0.106624 0.027207
4 0.101419 0.538825 0.104173 0.029277
3 0.104383 0.168357 0.020799 0.043810
5 0.445367 0.386019 0.132637 0.044357
4 0.101765 0.425992 0.108285 0.028195
3 0.446522 0.386440 0.132518 0.044275
0 0.539293 0.197860 0.023157 0.038266
4 0.099360 0.651396 0.107092 0.029882
4 0.115912 0.276805 0.159330 0.036504
5 0.708308 0.840671 0.132944 0.039639
5 0.562616 0.840221 0.163706 0.038738
1 0.369273 0.528396 0.015604 0.030745
1 0.722411 0.530593 0.016809 0.028054
0 0.010426 0.276854 0.018344 0.030875
5 0.111453 0.724961 0.222906 0.040430
5 0.859932 0.841572 0.113780 0.041440
4 0.101106 0.612976 0.106409 0.029274
1 0.723315 0.483581 0.017644 0.029182
1 0.369794 0.481952 0.015757 0.030944
5 0.956750 0.906424 0.047677 0.035081
5 0.973296 0.840651 0.025095 0.039239
5 0.175620 0.899890 0.122487 0.024236
5 0.433530 0.805537 0.095091 0.037837
5 0.434233 0.841122 0.094622 0.036936
5 0.561567 0.803285 0.163481 0.035134
5 0.709200 0.804636 0.132097 0.039639
5 0.709200 0.768151 0.130223 0.036936
5 0.789691 0.803285 0.030448 0.038738
5 0.788989 0.842924 0.029979 0.036936
5 0.861259 0.767966 0.112855 0.038253
5 0.860826 0.804555 0.111990 0.038253
5 0.973465 0.803724 0.026808 0.036589
5 0.503001 0.200696 0.045694 0.041847