5 0.552976 0.712933 0.116996 0.045754
5 0.553125 0.661644 0.116699 0.046563
0 0.895886 0.974604 0.072933 0.040278
5 0.184888 0.761117 0.148480 0.045540
5 0.568084 0.762288 0.149460 0.045744
5 0.184697 0.712168 0.149626 0.045201
5 0.553241 0.611197 0.116466 0.049550
5 0.184138 0.661108 0.148507 0.046740
5 0.188522 0.458548 0.156651 0.046880
5 0.189415 0.509546 0.155323 0.047450
5 0.185205 0.609300 0.145283 0.046129
5 0.876588 0.458844 0.163983 0.048718
5 0.529993 0.407962 0.071818 0.044525
5 0.187673 0.560388 0.154491 0.045227
5 0.571597 0.507718 0.155640 0.044993
5 0.134040 0.812916 0.047494 0.045528
5 0.575326 0.457855 0.162155 0.047728
0 0.087088 0.104660 0.041592 0.032727
0 0.035081 0.104404 0.045017 0.033916
0 0.969767 0.975676 0.060466 0.037495
5 0.876316 0.508256 0.165001 0.046331
5 0.209848 0.246439 0.148476 0.047356
5 0.310521 0.507794 0.032912 0.042477
0 0.975871 0.106358 0.048257 0.042706
0 0.063660 0.350043 0.057089 0.040328
5 0.153916 0.194763 0.039233 0.041844
0 0.320006 0.244687 0.030780 0.044552
5 0.310664 0.457446 0.033054 0.044869
3 0.135675 0.106876 0.040372 0.038385
5 0.118757 0.406629 0.018791 0.046600
5 0.287314 0.909991 0.298633 0.034199