0 0.466385 0.917953 0.148125 0.044385
0 0.850100 0.977791 0.072448 0.038897
0 0.281755 0.917726 0.023086 0.040070
0 0.257816 0.917715 0.023011 0.039805
0 0.228074 0.917844 0.023835 0.039324
5 0.408329 0.489597 0.202763 0.042413
0 0.358615 0.917728 0.023606 0.038546
0 0.204456 0.917552 0.022099 0.038649
0 0.311277 0.917647 0.023341 0.039156
0 0.925017 0.977730 0.061906 0.036358
5 0.712368 0.537103 0.103061 0.041071
5 0.711392 0.488570 0.103746 0.039987
0 0.222401 0.349878 0.057930 0.037974
5 0.466069 0.536338 0.085106 0.039589
0 0.334771 0.917981 0.021930 0.038419
0 0.180943 0.917811 0.023036 0.040134
5 0.481910 0.252141 0.318111 0.042540
0 0.173809 0.096263 0.157638 0.033296
5 0.350630 0.536246 0.086041 0.040419
0 0.111218 0.172477 0.024880 0.045872
5 0.430962 0.204367 0.046053 0.041648
0 0.630012 0.096788 0.043072 0.030560
5 0.704135 0.441160 0.086346 0.042610
1 0.188388 0.810921 0.016032 0.030919
5 0.366371 0.203219 0.086332 0.042700
1 0.296120 0.810615 0.014822 0.029516
0 0.466282 0.204147 0.024001 0.040519
0 0.311422 0.094904 0.101587 0.030787
0 0.043213 0.094565 0.086362 0.030598
0 0.727967 0.095248 0.136649 0.033330
5 0.366468 0.157096 0.086315 0.040212
1 0.188390 0.774419 0.016523 0.030871
3 0.059838 0.172682 0.020864 0.043450
1 0.188046 0.847333 0.015866 0.031618
0 0.010088 0.171577 0.018748 0.041670
3 0.825464 0.095052 0.041460 0.031313
0 0.542926 0.095065 0.111348 0.031505
0 0.424395 0.095310 0.110260 0.031752
1 0.296241 0.774693 0.015408 0.030155
1 0.296180 0.847393 0.015524 0.031194
1 0.790058 0.156167 0.013404 0.029214
5 0.374913 0.442664 0.131077 0.045825
0 0.932084 0.094973 0.049760 0.034972
3 0.375195 0.394613 0.130252 0.042157
5 0.636221 0.848260 0.134323 0.037764
3 0.029310 0.172601 0.020606 0.043517
4 0.081335 0.431019 0.114206 0.029658
4 0.078083 0.393285 0.106225 0.027048
3 0.079609 0.172981 0.021002 0.044688
5 0.085480 0.841867 0.165586 0.040853
0 0.079937 0.172603 0.019830 0.045026
4 0.077512 0.504882 0.106507 0.029399
4 0.082326 0.468978 0.115145 0.028658
5 0.107930 0.901667 0.117491 0.022643
5 0.933434 0.809044 0.034144 0.040350
5 0.933544 0.846719 0.034074 0.035021
5 0.933181 0.770526 0.032924 0.037039
5 0.901628 0.772488 0.031990 0.038190
5 0.488761 0.774404 0.164761 0.042379
5 0.902042 0.811030 0.031759 0.036646
5 0.787639 0.847801 0.112767 0.037662
5 0.085518 0.875931 0.164563 0.035062
5 0.085929 0.804627 0.164417 0.040148
5 0.636292 0.773867 0.134595 0.040454
5 0.489282 0.810771 0.162697 0.038642
5 0.787779 0.773700 0.114531 0.042511
5 0.901792 0.847214 0.031434 0.035699
5 0.635425 0.811997 0.134875 0.039647
5 0.787341 0.810557 0.114385 0.039861
5 0.360690 0.774252 0.093515 0.040336
5 0.715942 0.847956 0.029554 0.034022
5 0.083951 0.767835 0.167833 0.041906
5 0.715831 0.774634 0.031052 0.040243
5 0.892301 0.916636 0.048293 0.039963
5 0.715815 0.810459 0.031475 0.037242
4 0.078487 0.544590 0.110031 0.028189
5 0.360945 0.810078 0.096070 0.036880
5 0.490142 0.847562 0.163742 0.037844
5 0.360974 0.848000 0.096128 0.037830