5 0.309847 0.694022 0.085335 0.043898
0 0.693348 0.392083 0.056571 0.040733
0 0.966493 0.976497 0.060104 0.031981
0 0.908526 0.975848 0.036389 0.031626
5 0.189319 0.287265 0.085026 0.044410
0 0.848411 0.976433 0.070865 0.036981
0 0.060957 0.097155 0.099276 0.034732
5 0.302417 0.186221 0.316052 0.046800
5 0.278803 0.590844 0.024416 0.043650
5 0.279052 0.540471 0.024856 0.044344
1 0.277220 0.845589 0.015866 0.031994
0 0.971235 0.099014 0.049799 0.040239
5 0.165020 0.234449 0.038344 0.042450
5 0.278927 0.489632 0.022879 0.042958
5 0.276159 0.642210 0.019060 0.041583
5 0.275177 0.795197 0.017732 0.041733
3 0.139839 0.097602 0.039182 0.030941
5 0.275660 0.893572 0.018829 0.041907
4 0.212070 0.896183 0.111046 0.030408
5 0.282576 0.934519 0.031943 0.022303
5 0.275655 0.743881 0.019654 0.044319
4 0.118345 0.976894 0.230762 0.038936
1 0.633372 0.642732 0.015743 0.032271