5 0.629931 0.656704 0.139605 0.032584
5 0.541421 0.358224 0.185595 0.030787
5 0.225065 0.348302 0.173436 0.031574
0 0.947410 0.790007 0.019654 0.029385
5 0.296240 0.655583 0.112207 0.033518
0 0.922463 0.791073 0.021109 0.028342
5 0.446008 0.792780 0.111754 0.030170
5 0.297055 0.575018 0.114674 0.032684
5 0.455123 0.655533 0.140006 0.033418
5 0.532638 0.232822 0.169566 0.032331
5 0.234137 0.309899 0.192432 0.030948
5 0.533841 0.269824 0.171255 0.030155
5 0.225170 0.271781 0.173227 0.030894
5 0.629871 0.573803 0.140835 0.036137
5 0.224855 0.232131 0.172217 0.032535
5 0.159626 0.656497 0.090449 0.030584
0 0.057902 0.139474 0.038481 0.032939
5 0.454949 0.576151 0.139658 0.030189
5 0.160603 0.575432 0.090954 0.033512
2 0.320182 0.233857 0.016798 0.030670
5 0.851770 0.233687 0.190921 0.030887
2 0.320751 0.270208 0.015659 0.029388
5 0.851565 0.310344 0.190511 0.030253
5 0.843576 0.270618 0.175352 0.030155
1 0.236535 0.788977 0.013034 0.023681
5 0.851360 0.348483 0.190921 0.031937
2 0.938427 0.384899 0.015149 0.028547
3 0.967630 0.790245 0.020088 0.029861
2 0.509818 0.791507 0.014452 0.029512
0 0.321608 0.347478 0.016403 0.031971
0 0.126016 0.139841 0.068374 0.031017
0 0.932293 0.640975 0.014554 0.027017
0 0.626647 0.319253 0.015015 0.032872
5 0.843166 0.386079 0.173714 0.030948
0 0.959166 0.975853 0.026466 0.029026
0 0.905964 0.502362 0.039295 0.022275
0 0.626909 0.270017 0.016257 0.031356
0 0.956908 0.022754 0.015369 0.024048
0 0.927788 0.022943 0.014607 0.024827
0 0.939005 0.269983 0.014812 0.029837
0 0.626602 0.232358 0.016051 0.032082
5 0.533689 0.318628 0.170741 0.029361
0 0.964391 0.502569 0.024098 0.022690
0 0.907845 0.641371 0.014810 0.028829
0 0.901306 0.023486 0.013722 0.025975
0 0.190182 0.139456 0.032549 0.029039
3 0.499871 0.025576 0.166409 0.044352
0 0.098650 0.025172 0.014174 0.026742
0 0.362285 0.573998 0.015765 0.029945
0 0.246436 0.142063 0.055310 0.036503
0 0.215708 0.574547 0.019256 0.031742
0 0.215708 0.654695 0.020075 0.030155
0 0.361562 0.655489 0.017617 0.030155
0 0.818584 0.501144 0.015569 0.032535
0 0.843986 0.502731 0.015569 0.034123
0 0.869797 0.502731 0.014749 0.030948
0 0.778715 0.974894 0.074207 0.026782
0 0.860758 0.974894 0.075129 0.032139
0 0.923212 0.974894 0.036873 0.032139
0 0.986587 0.974894 0.017054 0.033924