5 0.524355 0.193032 0.150140 0.030033
3 0.554508 0.386493 0.087629 0.030171
5 0.169872 0.192930 0.151407 0.031294
3 0.129706 0.084741 0.082766 0.032626
5 0.346797 0.192640 0.149005 0.030713
4 0.926722 0.373104 0.109343 0.028468
5 0.702151 0.193424 0.150799 0.030816
0 0.486482 0.229811 0.015979 0.030880
4 0.918935 0.178742 0.089671 0.030213
4 0.908268 0.217483 0.066639 0.027690
0 0.833752 0.190959 0.053917 0.033123
0 0.506139 0.229415 0.017019 0.031389
4 0.911630 0.333049 0.081617 0.026636
4 0.901856 0.294430 0.057153 0.024593
4 0.918761 0.138767 0.090583 0.030052
4 0.917527 0.411976 0.087266 0.024920
4 0.901613 0.256200 0.057896 0.026744
0 0.921954 0.092853 0.101133 0.033325
0 0.608387 0.191567 0.016621 0.030033
0 0.430740 0.193764 0.017330 0.031498
0 0.042404 0.027172 0.016962 0.037138
0 0.253319 0.192865 0.015487 0.028568
0 0.785682 0.191567 0.016262 0.031498
0 0.958513 0.026020 0.017775 0.040288
4 0.904007 0.454730 0.065143 0.035710