5 0.256987 0.427237 0.086479 0.041425
5 0.522910 0.723459 0.101180 0.042985
5 0.295520 0.870996 0.165364 0.043430
5 0.264619 0.722685 0.103457 0.043066
5 0.257067 0.821010 0.087216 0.042936
5 0.237337 0.575108 0.048910 0.043627
5 0.256933 0.967967 0.086371 0.042846
5 0.315360 0.378529 0.204090 0.041857
5 0.280552 0.476450 0.133610 0.043091
5 0.296451 0.919032 0.165407 0.043483
0 0.021619 0.543931 0.026470 0.044372
5 0.514897 0.967938 0.088297 0.043078
3 0.079979 0.157519 0.131453 0.040164
5 0.296305 0.673778 0.165691 0.042013
5 0.237635 0.623541 0.048351 0.042513
3 0.605074 0.158386 0.051581 0.034108
5 0.257146 0.771569 0.087374 0.042780
5 0.514777 0.526017 0.085779 0.042748
0 0.057295 0.544113 0.025874 0.043800
0 0.498523 0.159118 0.134108 0.035433
5 0.514910 0.673619 0.086911 0.042782
0 0.205643 0.159499 0.018072 0.031791
5 0.507128 0.820595 0.070899 0.042807
0 0.359889 0.159989 0.111474 0.035385
5 0.531125 0.575582 0.039780 0.042400
0 0.240875 0.160097 0.018158 0.030005
5 0.224995 0.327937 0.025046 0.043374
0 0.277159 0.158164 0.018611 0.026354
0 0.169415 0.158522 0.018999 0.032772
5 0.506948 0.772023 0.069256 0.042712
5 0.514658 0.476966 0.086406 0.043037
5 0.483346 0.575824 0.022917 0.043948
0 0.245249 0.329155 0.018287 0.041892
0 0.019230 0.021952 0.018639 0.028453
0 0.068267 0.024463 0.059022 0.033474
0 0.025443 0.084716 0.015976 0.030126
0 0.120206 0.025466 0.025944 0.029354
0 0.159121 0.022612 0.031997 0.033431
0 0.203226 0.023020 0.037186 0.030985
0 0.256338 0.023835 0.048861 0.032616
0 0.325738 0.023020 0.070048 0.030985
0 0.394777 0.022612 0.043240 0.030169
0 0.441692 0.023020 0.031565 0.034246
0 0.642179 0.226324 0.016863 0.030985