3 0.112593 0.092287 0.145128 0.043039
0 0.217296 0.027538 0.044904 0.024449
0 0.107749 0.211930 0.020563 0.037636
0 0.052347 0.210977 0.020004 0.035105
0 0.137522 0.212404 0.020590 0.035755
0 0.122134 0.027544 0.026984 0.026413
0 0.283422 0.095538 0.020034 0.037480
0 0.080004 0.210476 0.021967 0.029698
0 0.049063 0.024079 0.089421 0.034449
0 0.165052 0.027787 0.031120 0.024880
0 0.257526 0.095527 0.020837 0.037382
0 0.278298 0.025377 0.045861 0.026414
0 0.349439 0.027009 0.075236 0.026180
0 0.020294 0.095845 0.021701 0.039160
0 0.225163 0.095144 0.022688 0.040832
5 0.176778 0.863781 0.216630 0.037416
0 0.309137 0.095158 0.019887 0.037830
0 0.022063 0.209774 0.022498 0.039891
0 0.561042 0.096987 0.024821 0.041811
0 0.423480 0.027472 0.044722 0.025309
0 0.200847 0.094015 0.021160 0.039911
0 0.165174 0.211562 0.020537 0.036173
5 0.547079 0.589132 0.090617 0.040384
5 0.547023 0.667170 0.090262 0.041382
5 0.546871 0.549922 0.090447 0.040140
5 0.547254 0.706925 0.090214 0.040894
5 0.546953 0.471638 0.090693 0.039377
0 0.476093 0.027029 0.030661 0.029800
0 0.592859 0.095761 0.024018 0.044219
0 0.619432 0.095280 0.026062 0.041335
0 0.534604 0.096242 0.026062 0.049025
0 0.501984 0.096242 0.022485 0.049025
0 0.477456 0.098645 0.024529 0.044219
0 0.451905 0.095761 0.024529 0.046141
0 0.426610 0.095280 0.026062 0.043258
5 0.048572 0.314878 0.039780 0.039856
5 0.177263 0.315573 0.218254 0.040374
5 0.048205 0.354025 0.038837 0.038451
5 0.176791 0.354505 0.218333 0.039412
5 0.048716 0.393437 0.039859 0.040374
5 0.176470 0.394398 0.217691 0.042296
0 0.341160 0.095263 0.020755 0.043110
0 0.367752 0.096890 0.021187 0.041483
0 0.392615 0.095670 0.019025 0.043923
5 0.048428 0.433091 0.040645 0.039856
5 0.047996 0.473354 0.040645 0.039043
5 0.048212 0.513210 0.040213 0.035789
5 0.047780 0.549812 0.039348 0.040670
5 0.048212 0.589669 0.040213 0.042296
5 0.048284 0.629931 0.040933 0.038229
5 0.048284 0.668974 0.040933 0.041483
5 0.048428 0.708423 0.040645 0.039043
5 0.048572 0.747195 0.040645 0.040670
5 0.048140 0.787051 0.040645 0.039043
5 0.048356 0.825687 0.040213 0.038229
5 0.048572 0.864730 0.039780 0.039856
5 0.048572 0.903773 0.039780 0.038229
5 0.048140 0.942002 0.040645 0.043110
5 0.048356 0.981372 0.039348 0.037256
5 0.177642 0.432684 0.217495 0.039043
5 0.177210 0.472540 0.217495 0.039043
5 0.176561 0.512803 0.217927 0.039856
5 0.175913 0.551032 0.217495 0.039856
5 0.177426 0.589668 0.217062 0.039043
5 0.176778 0.627898 0.218359 0.040670
5 0.176994 0.666941 0.217062 0.040670
5 0.176994 0.708423 0.216198 0.039043
5 0.176994 0.746653 0.217927 0.040670
5 0.176778 0.785696 0.217495 0.037416
5 0.176561 0.825552 0.217927 0.040670
5 0.177426 0.903230 0.217062 0.039856
5 0.176561 0.942273 0.217927 0.038229
5 0.176345 0.980287 0.217495 0.039426
5 0.393565 0.314292 0.217180 0.038451
5 0.394331 0.354185 0.216669 0.039412
5 0.393820 0.393597 0.217691 0.039412
5 0.394331 0.433971 0.216669 0.041335
5 0.393820 0.472422 0.217691 0.039412
5 0.394331 0.512155 0.217691 0.037490
5 0.393565 0.550310 0.216158 0.040742
5 0.392962 0.589047 0.215230 0.040070
5 0.393184 0.628282 0.215674 0.038401
5 0.393627 0.667100 0.217449 0.040905
5 0.393479 0.708005 0.216562 0.040905
5 0.393923 0.747240 0.217449 0.039235
5 0.393258 0.786476 0.217893 0.037566
5 0.393479 0.825711 0.217449 0.040905
5 0.393701 0.864529 0.216118 0.040070
5 0.394367 0.903764 0.217449 0.040070
5 0.394145 0.943000 0.217005 0.038401
5 0.394145 0.979731 0.217893 0.040070
5 0.547069 0.746515 0.091261 0.040119
5 0.546077 0.785702 0.091261 0.041985
5 0.546573 0.826287 0.090269 0.039186
5 0.546573 0.863141 0.090269 0.038253
5 0.547069 0.902794 0.089277 0.041052
5 0.547565 0.942447 0.090269 0.040119
5 0.546573 0.980320 0.090269 0.039360
5 0.546655 0.629268 0.090765 0.040119
5 0.547895 0.314533 0.090269 0.040119
5 0.547151 0.353720 0.090765 0.040119
5 0.547895 0.394306 0.090269 0.041052
5 0.547151 0.433025 0.089773 0.040119
5 0.546903 0.510931 0.090269 0.037320
5 0.615514 0.314751 0.048767 0.038581
5 0.669523 0.314751 0.060161 0.040296
5 0.615970 0.355047 0.048767 0.040296
5 0.669523 0.355476 0.060161 0.039438
5 0.616198 0.394057 0.048311 0.037724
5 0.669751 0.394200 0.060617 0.038581
5 0.615742 0.434496 0.049223 0.040296
5 0.669067 0.434067 0.059250 0.041153
5 0.669295 0.474506 0.060617 0.038581
5 0.614603 0.471934 0.047856 0.040296
5 0.615970 0.511801 0.047856 0.041153
5 0.669523 0.512229 0.060161 0.038581
5 0.615742 0.549810 0.049223 0.039438
5 0.669979 0.551954 0.059250 0.038581
5 0.616198 0.590963 0.048311 0.039438
5 0.669523 0.589677 0.060161 0.040296
5 0.615514 0.629973 0.048767 0.040296
5 0.669751 0.628687 0.059706 0.039438
5 0.669979 0.668983 0.061073 0.041153
5 0.615514 0.669412 0.046944 0.040296
5 0.615970 0.708850 0.047856 0.038581
5 0.669979 0.708421 0.060161 0.037724
5 0.615742 0.747860 0.047400 0.041153
5 0.670434 0.745716 0.060161 0.040296
5 0.615742 0.786012 0.049223 0.038581
5 0.670662 0.786441 0.059706 0.039438
5 0.669295 0.825879 0.059706 0.039438
5 0.615742 0.824593 0.049223 0.038581
5 0.615286 0.862746 0.048311 0.041153
5 0.669979 0.864032 0.061073 0.040296
5 0.615742 0.903470 0.047400 0.040296
5 0.669979 0.903041 0.059250 0.039438
5 0.615742 0.943337 0.049223 0.039438
5 0.669751 0.942051 0.060617 0.042011
5 0.615514 0.980671 0.047856 0.038658
5 0.669979 0.980632 0.060161 0.036866
0 0.708695 0.278276 0.015566 0.031722