0 0.017917 0.821965 0.020063 0.040363
3 0.986969 0.091419 0.025449 0.035238
5 0.738069 0.585853 0.035142 0.039960
5 0.765386 0.632504 0.090685 0.040092
3 0.388450 0.090828 0.092478 0.031486
3 0.271506 0.091725 0.116256 0.034454
5 0.793179 0.678353 0.146242 0.040010
5 0.839295 0.633489 0.049761 0.040588
5 0.204286 0.630308 0.052284 0.038183
0 0.975212 0.976486 0.049575 0.037584
0 0.060373 0.090932 0.091545 0.030499
5 0.765658 0.723943 0.091999 0.038015
5 0.218417 0.677872 0.081021 0.038266
3 0.641032 0.091663 0.095969 0.032208
5 0.196648 0.584032 0.035761 0.040440
5 0.732706 0.428999 0.052020 0.040773
3 0.516730 0.091456 0.128973 0.034976
0 0.018604 0.976160 0.025101 0.036203
5 0.223286 0.724109 0.091241 0.039808
0 0.159070 0.091073 0.081117 0.031984
5 0.733011 0.382258 0.049965 0.039577
5 0.222832 0.427857 0.073410 0.041141
5 0.224027 0.473483 0.076735 0.041564
0 0.058343 0.886833 0.031401 0.038152
0 0.026830 0.885233 0.032338 0.039876
5 0.210007 0.383581 0.044797 0.035528
0 0.241306 0.884681 0.016532 0.036818
0 0.803190 0.723209 0.015071 0.033179
0 0.265881 0.884166 0.019754 0.037747
0 0.259789 0.723450 0.015248 0.036032
0 0.802730 0.630976 0.016454 0.033788
5 0.817933 0.588110 0.120933 0.039747
0 0.859424 0.676959 0.014146 0.034309