5 0.216965 0.568068 0.042316 0.040565
0 0.866719 0.976614 0.075925 0.043699
5 0.162114 0.182820 0.105833 0.040030
5 0.240600 0.423669 0.090009 0.040629
5 0.241510 0.714336 0.087378 0.039593
5 0.241777 0.761582 0.088924 0.038873
5 0.145376 0.232157 0.072127 0.039495
5 0.257156 0.181006 0.041369 0.041844
5 0.232673 0.616560 0.072871 0.038471
5 0.249678 0.472083 0.106710 0.040242
3 0.042419 0.094490 0.043994 0.032432
5 0.265006 0.667876 0.135931 0.041703
0 0.944773 0.977241 0.067933 0.039780
5 0.665533 0.230594 0.040810 0.040501
0 0.952581 0.097775 0.052351 0.041599