0 0.554113 0.183716 0.025139 0.043108
0 0.577183 0.841470 0.026886 0.045407
0 0.524284 0.187821 0.024901 0.050274
0 0.024670 0.284360 0.024751 0.042206
3 0.218243 0.095202 0.039979 0.032661
0 0.500515 0.186983 0.023887 0.048599
5 0.433282 0.186444 0.039005 0.046325
0 0.974136 0.969616 0.051649 0.036028
3 0.235783 0.186983 0.146610 0.048599
5 0.478384 0.338133 0.131484 0.044194
0 0.901397 0.973790 0.080639 0.044453
0 0.532169 0.841312 0.026074 0.044888
0 0.282093 0.841638 0.023616 0.040587
5 0.364203 0.185417 0.101208 0.048379
0 0.352484 0.841168 0.109115 0.043107
0 0.975487 0.094791 0.047288 0.034617
5 0.512177 0.386794 0.198845 0.045616
0 0.069740 0.841564 0.023021 0.040861
0 0.056473 0.095414 0.087064 0.035318
0 0.258675 0.841150 0.021764 0.040454
0 0.458652 0.842408 0.106529 0.040998
0 0.086089 0.287728 0.057928 0.039006
0 0.913815 0.094892 0.059534 0.033399
3 0.086231 0.185307 0.145336 0.048599
0 0.046413 0.841035 0.023119 0.040987
5 0.199267 0.384968 0.085872 0.044573
5 0.197737 0.336294 0.087703 0.043156
3 0.149295 0.095391 0.083268 0.034951
3 0.168386 0.441091 0.149741 0.047989
0 0.041360 0.438654 0.015187 0.033043
1 0.079348 0.438503 0.016070 0.033216
5 0.868388 0.186872 0.031473 0.045025
5 0.890838 0.188269 0.016639 0.045046
5 0.167841 0.842899 0.162414 0.041981