0 0.071460 0.874164 0.023684 0.040540
0 0.047733 0.874324 0.022984 0.041057
0 0.025328 0.321284 0.024428 0.043972
5 0.455836 0.521556 0.038833 0.041179
3 0.667832 0.372083 0.131423 0.045645
0 0.644497 0.220408 0.023795 0.045804
0 0.283751 0.220656 0.024713 0.042678
0 0.494215 0.472403 0.024332 0.041677
0 0.372716 0.875109 0.023765 0.042833
5 0.252239 0.572891 0.101140 0.045029
5 0.301845 0.624157 0.201000 0.045272
0 0.703089 0.972286 0.063280 0.042383
0 0.771813 0.975001 0.062086 0.037055
0 0.259102 0.221095 0.021628 0.041445
0 0.972772 0.972516 0.048149 0.033429
0 0.071903 0.220516 0.025683 0.042608
0 0.915734 0.972415 0.049236 0.032517
0 0.845617 0.973316 0.072313 0.036584
0 0.057483 0.100656 0.086037 0.034185
0 0.047405 0.220196 0.023909 0.045026
0 0.577794 0.220435 0.024669 0.043847
0 0.354295 0.220408 0.107396 0.048474
3 0.218618 0.100230 0.038035 0.032307
5 0.395926 0.727653 0.391401 0.045603
5 0.455949 0.473247 0.039271 0.042118
5 0.320198 0.473499 0.236758 0.046539
0 0.975282 0.100696 0.046728 0.034082
5 0.267781 0.521895 0.131590 0.042871
0 0.914554 0.101572 0.060253 0.033328
5 0.342478 0.876054 0.037991 0.045613
0 0.162312 0.326089 0.017469 0.037546
5 0.218575 0.372277 0.032534 0.041673
0 0.460070 0.221312 0.106557 0.050282
0 0.554873 0.220891 0.020250 0.042214
1 0.095720 0.879214 0.015418 0.029179
0 0.531607 0.220924 0.022885 0.042834
3 0.151646 0.100534 0.084182 0.034718
0 0.075359 0.321866 0.037396 0.039121
5 0.248133 0.372144 0.020418 0.042170
5 0.168099 0.223841 0.158998 0.041924