1 0.023694 0.384362 0.016275 0.035011
0 0.650250 0.239363 0.024442 0.044218
0 0.390171 0.239822 0.024333 0.044484
0 0.617938 0.239087 0.025641 0.044620
0 0.422972 0.239739 0.025705 0.046529
0 0.356984 0.239805 0.024190 0.042678
0 0.500326 0.239635 0.022831 0.043196
0 0.474348 0.240836 0.023038 0.043673
0 0.793617 0.239690 0.023420 0.043881
0 0.575159 0.241859 0.020783 0.044685
0 0.449516 0.240866 0.023021 0.044500
3 0.769261 0.242681 0.019479 0.044681
3 0.719647 0.241635 0.031729 0.045133
3 0.543733 0.239521 0.019585 0.043895
0 0.525764 0.240119 0.020716 0.042999
1 0.023678 0.343514 0.016275 0.032953
1 0.023450 0.422760 0.016422 0.030499
3 0.592280 0.242831 0.018051 0.046628
0 0.294663 0.240543 0.091481 0.045024
0 0.751354 0.242790 0.021146 0.044462
3 0.682225 0.243316 0.031800 0.043714
0 0.975422 0.094258 0.048434 0.037461
1 0.023030 0.502850 0.017831 0.031596
3 0.152149 0.095062 0.040162 0.032292
5 0.515136 0.386356 0.111411 0.037753
0 0.071531 0.240204 0.107203 0.042750
1 0.023472 0.464272 0.016611 0.033681
0 0.071113 0.094018 0.114304 0.033971
5 0.515517 0.348154 0.110648 0.046015
5 0.514414 0.422703 0.111441 0.044033
0 0.186627 0.241551 0.116289 0.044069
5 0.383107 0.347694 0.157060 0.045094
5 0.382345 0.427840 0.157312 0.040347
5 0.382089 0.387420 0.156208 0.042333