0 0.079010 0.122811 0.091431 0.046646
4 0.104448 0.401706 0.204722 0.038792
4 0.106082 0.454640 0.208933 0.036598
0 0.980985 0.118787 0.024935 0.045539
4 0.104812 0.294109 0.201930 0.040671
0 0.257593 0.122336 0.089735 0.045696
4 0.104578 0.346616 0.202974 0.038530
0 0.168970 0.122336 0.091075 0.045696
4 0.079724 0.561648 0.158930 0.037263
4 0.050450 0.934057 0.098661 0.034807
4 0.063579 0.615075 0.123747 0.038520
0 0.462640 0.802646 0.027717 0.048881
0 0.462253 0.427803 0.028154 0.047396
4 0.077112 0.508001 0.152329 0.038553
4 0.060968 0.825053 0.117389 0.037649
4 0.038282 0.721653 0.071811 0.035158
4 0.309526 0.564681 0.122393 0.039556
4 0.045436 0.880397 0.087188 0.036034
4 0.067157 0.241093 0.126402 0.033342
4 0.303701 0.941720 0.117601 0.044628
4 0.044918 0.775347 0.087962 0.033675
4 0.045188 0.667640 0.088444 0.036046
4 0.038509 0.984881 0.073794 0.030237
5 0.895168 0.121943 0.145800 0.056599
4 0.379461 0.663578 0.190238 0.047543
4 0.382902 0.287101 0.194148 0.043204
0 0.954831 0.119787 0.021920 0.046964