1 0.017544 0.615559 0.013960 0.026780
1 0.017093 0.792298 0.014148 0.027323
5 0.442082 0.321856 0.044909 0.040186
0 0.019145 0.320983 0.024165 0.040186
0 0.899920 0.973573 0.067568 0.041933
1 0.017296 0.862255 0.013272 0.029325
1 0.017301 0.684261 0.013809 0.029216
0 0.186484 0.320704 0.021962 0.042491
5 0.498216 0.322730 0.042866 0.041933
1 0.017399 0.900290 0.013151 0.028675
1 0.018101 0.236679 0.013430 0.027082
1 0.017374 0.579128 0.014840 0.029089
1 0.017292 0.165479 0.013540 0.026208
1 0.017201 0.755775 0.014349 0.029479
0 0.053995 0.321265 0.020454 0.043116
0 0.040134 0.086050 0.076562 0.030107
0 0.074957 0.321162 0.021271 0.043323
0 0.969453 0.969008 0.060688 0.036894
0 0.152378 0.321377 0.021227 0.042892
1 0.017420 0.649324 0.014301 0.028653
0 0.298235 0.085715 0.138805 0.031991
1 0.018304 0.199987 0.012971 0.023588
1 0.017196 0.721703 0.013541 0.028267
0 0.974362 0.086741 0.047395 0.035864
0 0.130884 0.322293 0.021687 0.042807
0 0.229285 0.320999 0.019977 0.043649
0 0.207864 0.319985 0.021483 0.042181
1 0.017451 0.932669 0.013234 0.026028
0 0.153957 0.085946 0.134801 0.031745
0 0.096193 0.321550 0.022566 0.044294
3 0.391093 0.086076 0.037374 0.029887
5 0.251472 0.616601 0.187273 0.037575
1 0.016941 0.826447 0.014448 0.028701
5 0.251472 0.580585 0.187273 0.039065
5 0.091276 0.900794 0.130933 0.036319
5 0.251176 0.721132 0.186681 0.036729
0 0.027261 0.453981 0.039325 0.032055
5 0.250654 0.794672 0.189499 0.037877
5 0.090846 0.792957 0.131478 0.038268
5 0.251694 0.544796 0.186829 0.037423
5 0.091118 0.827580 0.132973 0.041290
1 0.018097 0.133493 0.012557 0.020293
5 0.091231 0.866047 0.130788 0.036761
1 0.017197 0.544623 0.014537 0.029741
5 0.251028 0.650789 0.188160 0.036017
5 0.250161 0.900522 0.187824 0.036971
5 0.250514 0.757092 0.189189 0.039550
5 0.250584 0.686216 0.187273 0.031555
5 0.249860 0.828037 0.189312 0.039806
5 0.250141 0.866047 0.188160 0.034968