0 0.419510 0.176823 0.021606 0.038014
0 0.448943 0.176696 0.020507 0.037075
5 0.196399 0.609521 0.076034 0.039776
0 0.028279 0.172091 0.021999 0.039785
0 0.564336 0.175199 0.098650 0.039943
0 0.284834 0.176578 0.020720 0.036927
5 0.575699 0.608583 0.022614 0.036417
0 0.472327 0.176660 0.020790 0.036661
0 0.028369 0.476885 0.021773 0.037943
0 0.082265 0.176647 0.021315 0.037811
5 0.193500 0.652865 0.069073 0.037662
0 0.495397 0.176053 0.020936 0.036074
5 0.281816 0.697329 0.246115 0.039638
0 0.128848 0.176534 0.020738 0.036890
0 0.402177 0.092647 0.023527 0.027536
0 0.053498 0.175965 0.022034 0.038477
0 0.626629 0.175924 0.021399 0.038027
0 0.093756 0.522826 0.069874 0.036277
0 0.440245 0.477594 0.021473 0.037219
0 0.237735 0.091356 0.074351 0.030847
5 0.595422 0.697106 0.022714 0.038511
0 0.374862 0.176979 0.017382 0.036332
0 0.461269 0.477326 0.020517 0.035657
3 0.391048 0.176226 0.016106 0.034948
0 0.105695 0.176550 0.021391 0.036388
0 0.089880 0.092463 0.139907 0.032513
0 0.151366 0.176350 0.020958 0.037099
0 0.179749 0.092021 0.026783 0.027113
3 0.628814 0.092203 0.036505 0.029348
0 0.933102 0.091253 0.015524 0.027895
0 0.331729 0.091848 0.100697 0.032062
0 0.255173 0.176597 0.020868 0.037354
0 0.471401 0.093182 0.103437 0.031993
5 0.703250 0.566815 0.278626 0.038851
5 0.298528 0.565582 0.279538 0.038851
3 0.347661 0.175628 0.030466 0.036333
0 0.969724 0.092297 0.042957 0.030670
1 0.570773 0.653460 0.012761 0.025901
5 0.987893 0.265918 0.024214 0.036928
0 0.173445 0.176199 0.016064 0.036836
3 0.313954 0.176412 0.029406 0.037197
3 0.566193 0.094490 0.074911 0.025726
0 0.217340 0.175399 0.018317 0.039902
1 0.047044 0.268575 0.012713 0.024925
5 0.142411 0.266421 0.030448 0.034475
5 0.071122 0.266213 0.032640 0.036307
5 0.107005 0.267001 0.040031 0.036404
5 0.172625 0.266639 0.031469 0.034264
3 0.190127 0.176587 0.016863 0.038253
3 0.271852 0.478321 0.278804 0.038235
5 0.944020 0.266732 0.065840 0.036102
0 0.114671 0.476099 0.031265 0.037733
3 0.234434 0.176084 0.015871 0.037246