0 0.470735 0.170615 0.022358 0.038700
5 0.197083 0.263227 0.094127 0.038404
5 0.166604 0.217763 0.029911 0.037591
0 0.428650 0.171003 0.020025 0.035516
0 0.449127 0.170699 0.020707 0.035515
0 0.316106 0.309093 0.135054 0.042680
0 0.406963 0.171328 0.021507 0.036515
0 0.385832 0.170785 0.021550 0.036873
0 0.047274 0.089469 0.080703 0.030185
0 0.053165 0.401504 0.053815 0.037429
5 0.190329 0.309010 0.078718 0.037536
0 0.976500 0.090458 0.046740 0.038317
5 0.218022 0.173496 0.137781 0.038538
0 0.139131 0.089044 0.089018 0.031392
3 0.206710 0.090021 0.032635 0.029257