0 0.021088 0.637540 0.023213 0.040286
0 0.483070 0.253501 0.020973 0.039933
0 0.076688 0.252777 0.019910 0.039064
0 0.898802 0.968037 0.064291 0.036249
0 0.464104 0.160614 0.021620 0.039933
0 0.143594 0.253501 0.020545 0.038196
0 0.512676 0.253067 0.019025 0.037328
1 0.040789 0.344217 0.012107 0.023439
0 0.347264 0.251711 0.021227 0.036353
0 0.536026 0.252633 0.019025 0.039933
0 0.435850 0.640327 0.021888 0.040788
0 0.213023 0.252122 0.020172 0.033703
0 0.559159 0.252198 0.018593 0.037328
0 0.190005 0.251675 0.019969 0.034545
0 0.628774 0.252633 0.099018 0.039933
1 0.040789 0.447111 0.012107 0.026092
0 0.449012 0.081745 0.023439 0.030792
0 0.045546 0.252777 0.019890 0.039064
0 0.021224 0.247569 0.021404 0.039064
1 0.040573 0.412707 0.013404 0.023260
0 0.691569 0.253501 0.020566 0.038196
5 0.325446 0.379520 0.146588 0.035592
5 0.327615 0.446662 0.148752 0.033875
0 0.081773 0.082343 0.140166 0.037803
5 0.589642 0.377078 0.073844 0.030709
3 0.266212 0.640377 0.284072 0.035231
0 0.021485 0.202985 0.021876 0.037950
0 0.963808 0.968097 0.055670 0.030896
5 0.860776 0.444795 0.040079 0.037571
5 0.217575 0.379085 0.072902 0.034724
5 0.426927 0.444983 0.052735 0.034568
0 0.457564 0.640883 0.021114 0.041726
5 0.217705 0.445072 0.073296 0.035903
0 0.232153 0.082352 0.073078 0.037785
0 0.327877 0.082476 0.103136 0.037536
0 0.520213 0.082778 0.101082 0.028726
5 0.808201 0.444087 0.067480 0.036782
5 0.326001 0.413136 0.148521 0.033376
5 0.952295 0.765716 0.072920 0.036563
5 0.426378 0.378651 0.052764 0.032120
3 0.678570 0.079082 0.034610 0.026774
5 0.944041 0.344651 0.067040 0.036460
0 0.408037 0.080204 0.044969 0.031822
3 0.110631 0.160349 0.146257 0.032032
5 0.166487 0.478245 0.031680 0.036647
5 0.808306 0.344651 0.067883 0.032988
0 0.970550 0.082529 0.040313 0.034515
5 0.166690 0.379375 0.032265 0.032988
5 0.509154 0.374658 0.051744 0.036556
5 0.736751 0.445796 0.079127 0.033880
5 0.944144 0.444498 0.067769 0.037156
1 0.040789 0.378507 0.012107 0.026043
5 0.468029 0.445276 0.032192 0.033417
5 0.509245 0.481521 0.053639 0.038196
5 0.952005 0.835079 0.073342 0.035139
5 0.135161 0.480074 0.033281 0.036460
0 0.166750 0.251688 0.020157 0.034572
5 0.944003 0.379375 0.067539 0.031252
5 0.895634 0.445705 0.033001 0.039222
5 0.217340 0.411041 0.072537 0.033817
0 0.174472 0.082776 0.027381 0.032834
5 0.135358 0.378073 0.032357 0.033856
5 0.327742 0.478951 0.145546 0.032478
5 0.661241 0.378217 0.073087 0.032988
5 0.987697 0.410089 0.023945 0.031912
5 0.509085 0.408626 0.052159 0.035846
5 0.860750 0.378507 0.040073 0.031252
5 0.166020 0.410257 0.030884 0.033984
5 0.166375 0.444109 0.032575 0.036715
1 0.047836 0.838178 0.013003 0.023880
1 0.040789 0.515232 0.012972 0.026911
5 0.952736 0.802405 0.074770 0.034982
5 0.589212 0.444232 0.074477 0.037184
5 0.099863 0.376065 0.040398 0.033314
5 0.953195 0.905060 0.074189 0.033964
5 0.808175 0.377535 0.067510 0.031045
5 0.808097 0.411745 0.065458 0.031753
5 0.860723 0.481376 0.041065 0.037328
5 0.064433 0.409031 0.033211 0.035222
5 0.943981 0.410641 0.068008 0.033017
5 0.217688 0.345230 0.073187 0.036460
0 0.317578 0.252472 0.021066 0.034402
5 0.693702 0.870303 0.117369 0.037950
5 0.100388 0.480074 0.039978 0.036460
5 0.860619 0.409770 0.039892 0.034748
5 0.467495 0.378651 0.032414 0.033856
5 0.439629 0.837874 0.395160 0.035584
1 0.040789 0.480904 0.013837 0.024229
5 0.736489 0.380822 0.078773 0.034724
5 0.694063 0.835536 0.119577 0.038348
5 0.589690 0.410478 0.073313 0.035006
5 0.135328 0.446218 0.033277 0.034724
5 0.509378 0.443795 0.052407 0.037425
5 0.828709 0.870588 0.103254 0.037613
5 0.135345 0.411929 0.033421 0.035592
5 0.467761 0.411205 0.032495 0.032988
5 0.064759 0.375428 0.032373 0.035373
5 0.895462 0.342915 0.033254 0.032988
5 0.426574 0.515377 0.052318 0.032988
5 0.952209 0.869434 0.074696 0.036066
1 0.047912 0.803585 0.014325 0.028973
5 0.661381 0.444093 0.073575 0.036760
5 0.987643 0.376695 0.024082 0.031100
5 0.736755 0.412652 0.079044 0.032409
5 0.064627 0.443946 0.032682 0.035498
5 0.987811 0.444033 0.024135 0.035561
5 0.426514 0.410675 0.053171 0.031928
5 0.895597 0.376215 0.033030 0.037571
5 0.808063 0.480466 0.065986 0.042621
5 0.426815 0.481521 0.052959 0.036460
5 0.896150 0.482244 0.032059 0.035592
1 0.144276 0.804693 0.014308 0.026674
5 0.217962 0.480508 0.073374 0.035592
5 0.661472 0.411170 0.072390 0.032917
5 0.099743 0.412797 0.040638 0.037328
5 0.808175 0.516534 0.065018 0.032988
5 0.467520 0.481087 0.030931 0.035592
5 0.736725 0.515811 0.079873 0.037328
5 0.737172 0.479122 0.078402 0.037785
5 0.987724 0.478995 0.023864 0.036882
5 0.829008 0.835881 0.102911 0.036475
1 0.047126 0.873105 0.012379 0.021919
5 0.943879 0.478875 0.067311 0.037122
5 0.064684 0.341283 0.032312 0.033776
0 0.099416 0.253211 0.018668 0.039933
1 0.144857 0.838076 0.014450 0.025728
5 0.895552 0.410094 0.033344 0.033659
3 0.454552 0.250765 0.016509 0.036197
5 0.589953 0.480653 0.073838 0.036460
5 0.099598 0.343349 0.040135 0.035592
5 0.327933 0.515666 0.147617 0.038196
5 0.509439 0.343213 0.051583 0.028955
5 0.135049 0.514798 0.032818 0.036460
0 0.934100 0.081373 0.015794 0.028703
5 0.988606 0.514798 0.022209 0.032988
3 0.410273 0.252368 0.030501 0.035931
5 0.100019 0.446218 0.039960 0.034724
5 0.467852 0.515811 0.032524 0.035592
5 0.660931 0.515811 0.070894 0.037328
5 0.860247 0.515666 0.039351 0.034724
5 0.426035 0.343927 0.051938 0.035592
5 0.509818 0.515811 0.051534 0.035592
1 0.144531 0.908312 0.014819 0.024622
5 0.100804 0.513930 0.039788 0.034724
5 0.064043 0.478882 0.033052 0.038844
5 0.764873 0.870586 0.028842 0.036289
5 0.661112 0.477756 0.072043 0.034168
5 0.693672 0.766312 0.118481 0.037457
5 0.987958 0.342915 0.024083 0.036460
5 0.590036 0.515811 0.074006 0.033856
0 0.073235 0.682557 0.039432 0.031560
5 0.467300 0.343927 0.031456 0.033856
5 0.828739 0.801541 0.102884 0.035941
5 0.201255 0.801981 0.084320 0.035485
5 0.765143 0.835162 0.028414 0.036018
5 0.166758 0.344651 0.031492 0.036460
5 0.944547 0.514798 0.067267 0.032988
1 0.047439 0.770110 0.012775 0.023168
5 0.439792 0.871266 0.394463 0.039324
5 0.896100 0.516534 0.031828 0.032988
0 0.437870 0.250840 0.018765 0.036348
5 0.166355 0.515666 0.032013 0.036460
1 0.047132 0.907817 0.012367 0.023632
5 0.217659 0.516100 0.073562 0.033856
5 0.544159 0.377016 0.018861 0.030585
5 0.064977 0.514364 0.032633 0.032120
5 0.543916 0.444066 0.020030 0.035532
3 0.615629 0.080288 0.076029 0.029602
3 0.115161 0.251373 0.013837 0.036257
1 0.144276 0.770874 0.013286 0.024695
5 0.694187 0.801782 0.117316 0.036360
5 0.544061 0.480653 0.018522 0.032988
5 0.326993 0.344141 0.146809 0.036901
5 0.543961 0.409368 0.020411 0.035436
3 0.296335 0.252958 0.016431 0.033639
5 0.201211 0.835517 0.084231 0.036631
5 0.827831 0.904512 0.104322 0.034400
5 0.439556 0.909338 0.392968 0.034882
0 0.235799 0.252787 0.018161 0.035033
5 0.439663 0.768893 0.392501 0.037149
1 0.144276 0.874655 0.012264 0.022966
5 0.764742 0.802280 0.028697 0.034258
3 0.375931 0.252244 0.029572 0.035682
5 0.201339 0.870759 0.084487 0.037210
5 0.764738 0.905882 0.029031 0.034150
5 0.829477 0.766536 0.104010 0.037943
5 0.544364 0.516245 0.018370 0.034724
5 0.692948 0.905567 0.118195 0.037215
0 0.021740 0.158582 0.021247 0.044912
5 0.136003 0.342915 0.032195 0.032988
5 0.201144 0.906446 0.084097 0.037490
5 0.860558 0.343783 0.038496 0.034724
5 0.994730 0.766233 0.010540 0.032845
0 0.279259 0.253067 0.018600 0.037328
1 0.295686 0.159954 0.014413 0.022986
5 0.589327 0.344796 0.074964 0.033856
3 0.251582 0.251866 0.014269 0.036664
5 0.543672 0.344362 0.017064 0.031252
5 0.994411 0.835639 0.010333 0.032353
5 0.764687 0.766261 0.026456 0.034146
5 0.736807 0.344362 0.078304 0.034724
5 0.994529 0.870093 0.010586 0.032810
5 0.995040 0.905593 0.009526 0.031720
5 0.994584 0.802844 0.010233 0.033179
5 0.661474 0.345230 0.072238 0.036460
5 0.220062 0.160236 0.075317 0.040011
5 0.201610 0.767713 0.084277 0.034788
5 0.438789 0.803154 0.392457 0.035908