0 0.515007 0.188686 0.026214 0.045484
0 0.569143 0.752462 0.024164 0.043046
0 0.019560 0.745542 0.023940 0.046151
0 0.208569 0.751741 0.024243 0.042682
0 0.233942 0.751656 0.022773 0.043056
0 0.384836 0.752715 0.025115 0.045992
0 0.181851 0.752385 0.022444 0.042012
3 0.119556 0.189306 0.163393 0.045338
0 0.536227 0.752515 0.022189 0.041488
0 0.596211 0.751139 0.023581 0.041797
0 0.019286 0.240891 0.022359 0.039216
0 0.976354 0.100982 0.046961 0.035838
0 0.935186 0.100191 0.016995 0.032163
3 0.417130 0.752083 0.032791 0.044446
0 0.047697 0.749942 0.024208 0.045123
0 0.350764 0.751719 0.021824 0.044924
3 0.504379 0.752328 0.017542 0.043706
0 0.622019 0.751151 0.023820 0.042706
0 0.384984 0.493360 0.025601 0.044183
0 0.895885 0.975309 0.072169 0.039722
0 0.155721 0.752567 0.024219 0.041401
0 0.485826 0.752387 0.020317 0.042781
0 0.577791 0.101382 0.113489 0.034682
0 0.452779 0.100505 0.049507 0.032505
3 0.297272 0.494130 0.123681 0.044977
0 0.106107 0.752325 0.020995 0.043399
0 0.254777 0.100630 0.082207 0.033806
3 0.454655 0.752278 0.034336 0.043693
0 0.080019 0.752224 0.023490 0.043979
0 0.259645 0.752089 0.020598 0.044513
5 0.068095 0.857924 0.035776 0.039825
0 0.308869 0.753688 0.021296 0.043833
0 0.362463 0.100850 0.114865 0.035166
3 0.123967 0.752143 0.017759 0.044149
0 0.086507 0.100775 0.154807 0.035798
0 0.498546 0.100581 0.026703 0.031865
0 0.969370 0.975562 0.061260 0.036958
5 0.147172 0.897058 0.036505 0.039756
3 0.754911 0.100577 0.040043 0.033753
0 0.190128 0.100369 0.031482 0.030000
3 0.277743 0.751991 0.018758 0.045221
5 0.068352 0.897637 0.035517 0.040972
5 0.161506 0.457159 0.031578 0.041946
0 0.769860 0.751884 0.023675 0.045636
0 0.698765 0.751797 0.110656 0.042992
5 0.180970 0.857530 0.034704 0.039662
5 0.161790 0.418010 0.032003 0.038580
5 0.472735 0.897679 0.056512 0.042056
5 0.146762 0.857173 0.036763 0.040326
5 0.068034 0.931338 0.035885 0.026430
1 0.041243 0.858834 0.014658 0.030543
5 0.181249 0.896618 0.034720 0.038917
3 0.685042 0.101107 0.084640 0.035239
5 0.473060 0.933701 0.057812 0.035918
5 0.147205 0.933795 0.036193 0.037135
5 0.888697 0.858065 0.049284 0.041496
5 0.088718 0.417921 0.114611 0.038937
1 0.041005 0.898360 0.013404 0.026949
5 0.106690 0.898517 0.045848 0.037198
5 0.107086 0.929760 0.046194 0.034328
5 0.088791 0.458058 0.115749 0.044315
5 0.106478 0.858273 0.044419 0.041011
1 0.327123 0.189038 0.015752 0.032436
1 0.041365 0.935001 0.014388 0.021180
0 0.019706 0.187970 0.025396 0.052971
5 0.888583 0.898054 0.048420 0.038877
5 0.238527 0.897575 0.081942 0.039525
5 0.162013 0.379522 0.032501 0.042175
5 0.238141 0.931795 0.083237 0.036137
5 0.519309 0.932866 0.037851 0.037402
5 0.242233 0.188417 0.084148 0.044456
5 0.566652 0.930750 0.058087 0.032838
5 0.181528 0.933672 0.034279 0.037859
5 0.472981 0.857837 0.057174 0.039368
5 0.362495 0.915374 0.167710 0.070776
5 0.519481 0.897931 0.036676 0.038309
5 0.362691 0.859763 0.164487 0.042582
5 0.566116 0.898314 0.059161 0.037285
5 0.363443 0.918422 0.173248 0.003593
0 0.046788 0.242418 0.031743 0.042157
5 0.581788 0.364686 0.686481 0.199257
5 0.566293 0.859583 0.058806 0.038628
5 0.888860 0.932346 0.048428 0.029644
5 0.820758 0.859134 0.088641 0.041322
5 0.821190 0.897761 0.087776 0.041322
5 0.820542 0.931448 0.086479 0.027848
5 0.605425 0.859134 0.020323 0.039526
5 0.605425 0.899558 0.020323 0.041322
5 0.605425 0.932795 0.018593 0.028746
5 0.656448 0.858834 0.079993 0.037729
5 0.655799 0.897013 0.082155 0.042221
5 0.654934 0.931148 0.080425 0.027848
5 0.520027 0.859583 0.035456 0.040424
5 0.239763 0.859134 0.081723 0.039526
3 0.327949 0.752054 0.015976 0.042410