5 0.209476 0.425348 0.146848 0.046862
0 0.580709 0.273429 0.024587 0.042807
0 0.556079 0.273604 0.024192 0.042649
0 0.609512 0.273146 0.023188 0.042469
5 0.178252 0.882933 0.086870 0.044683
0 0.527497 0.273750 0.023981 0.042488
0 0.632733 0.273232 0.022827 0.042658
0 0.890798 0.975568 0.071855 0.040204
0 0.964168 0.977420 0.062256 0.033459
5 0.208083 0.477685 0.146208 0.046554
3 0.119647 0.096729 0.038814 0.033286
5 0.154444 0.731386 0.037892 0.043530
0 0.300257 0.882901 0.022737 0.040724
5 0.237998 0.783532 0.039470 0.043937
5 0.261058 0.883147 0.056875 0.042552
5 0.155788 0.681254 0.037826 0.040363
5 0.171158 0.781114 0.071662 0.045805
0 0.971460 0.097692 0.049402 0.041689
0 0.617691 0.832863 0.022224 0.044279
5 0.576813 0.731695 0.033433 0.049479
5 0.209130 0.274863 0.143551 0.047483
5 0.576762 0.679676 0.032096 0.040862
5 0.579720 0.780128 0.037776 0.044113
0 0.045181 0.225965 0.029517 0.037453
0 0.594686 0.832389 0.021852 0.042748
3 0.216782 0.832244 0.157278 0.045779
3 0.049920 0.096682 0.081999 0.035975
5 0.397691 0.274930 0.237894 0.048851
0 0.572151 0.832003 0.022185 0.042936