0 0.046527 0.894409 0.026576 0.037074
0 0.135378 0.344147 0.017371 0.032451
0 0.135007 0.080718 0.070620 0.032016
0 0.156877 0.344545 0.016290 0.031292
0 0.986430 0.342120 0.016543 0.035809
0 0.311513 0.344788 0.084131 0.033732
0 0.965984 0.342203 0.018072 0.035539
3 0.579412 0.074463 0.086640 0.026926
0 0.967595 0.974106 0.057281 0.032468
0 0.219670 0.344692 0.091765 0.035494
0 0.945417 0.342403 0.018879 0.035877
5 0.168382 0.525141 0.050031 0.035557
3 0.233653 0.073763 0.100415 0.029100
5 0.084648 0.530308 0.060741 0.032440
3 0.347289 0.074442 0.098751 0.028606
5 0.085491 0.499258 0.061487 0.035221
3 0.974213 0.077242 0.026459 0.032772
5 0.442766 0.524855 0.050857 0.034682
5 0.085257 0.466818 0.062180 0.035221
3 0.465333 0.074135 0.111790 0.029062
5 0.909939 0.523458 0.022629 0.032345
5 0.168431 0.491300 0.049992 0.036047
0 0.098044 0.345507 0.052673 0.037124
5 0.206508 0.524063 0.031582 0.034003
5 0.084832 0.560723 0.061314 0.032097
5 0.492269 0.525411 0.050730 0.035108
5 0.531077 0.525245 0.030188 0.034576
0 0.018329 0.894409 0.026266 0.035221
5 0.345079 0.525210 0.049954 0.034774
5 0.168324 0.458792 0.050116 0.030993
5 0.442768 0.427753 0.050703 0.033151
5 0.442590 0.491483 0.050897 0.035557
5 0.129146 0.524828 0.030131 0.034022
5 0.023563 0.526520 0.020996 0.028572
5 0.491856 0.491730 0.051554 0.036264
5 0.168664 0.559396 0.049992 0.034703
5 0.442674 0.459537 0.050727 0.031634
5 0.531154 0.492174 0.030721 0.035672
5 0.870466 0.523615 0.020550 0.030569
5 0.491511 0.560338 0.049509 0.035390
5 0.207220 0.559352 0.030580 0.034135
5 0.394176 0.523833 0.049818 0.034689
5 0.491792 0.458603 0.051622 0.031205
5 0.044125 0.527991 0.022882 0.035221
5 0.345168 0.491693 0.049400 0.036106
5 0.908841 0.491650 0.022062 0.034677
5 0.023926 0.495551 0.021620 0.033367
0 0.011923 0.976153 0.023141 0.033006
5 0.206834 0.492478 0.030366 0.035486
5 0.344998 0.559807 0.049673 0.034503
5 0.242177 0.525847 0.040653 0.035042
5 0.442878 0.559645 0.050990 0.033974
5 0.345686 0.427153 0.049470 0.033880
5 0.129079 0.559906 0.030261 0.034642
5 0.207136 0.426387 0.031521 0.035448
5 0.531766 0.560241 0.030682 0.033154
5 0.023272 0.558611 0.021198 0.031732
5 0.731800 0.432833 0.080627 0.035221
5 0.345086 0.458648 0.049611 0.032518
5 0.291542 0.525784 0.060137 0.035067
5 0.890334 0.523103 0.019165 0.032134
5 0.491742 0.427404 0.050368 0.035080
5 0.206924 0.459367 0.030733 0.031529
5 0.044686 0.496941 0.021629 0.030586
5 0.531593 0.459309 0.030743 0.030212
5 0.241517 0.559383 0.040855 0.034665
5 0.929160 0.526196 0.020897 0.032223
5 0.242000 0.492377 0.040325 0.035885
5 0.929279 0.492498 0.021004 0.034227
5 0.129470 0.491407 0.029453 0.034735
5 0.044671 0.560586 0.021600 0.029970
5 0.291721 0.560148 0.059864 0.033796
5 0.393928 0.559745 0.049916 0.034470
5 0.241789 0.427630 0.040019 0.034519
5 0.045336 0.463574 0.020335 0.030586
5 0.910062 0.459459 0.023299 0.032850
5 0.242449 0.459158 0.039018 0.031019
5 0.888764 0.491608 0.019940 0.034575
5 0.731456 0.526843 0.079586 0.030453
5 0.870903 0.491713 0.019688 0.031469
5 0.909664 0.426547 0.022518 0.032150
5 0.732131 0.559688 0.079101 0.034081
5 0.291859 0.491946 0.059632 0.036403
5 0.928797 0.459670 0.023810 0.034017
5 0.909351 0.559366 0.020810 0.033548
1 0.007699 0.561336 0.009921 0.022202
0 0.046484 0.074749 0.082370 0.028086
5 0.393382 0.492226 0.050252 0.036255
5 0.929236 0.559719 0.020293 0.032918
5 0.889499 0.427100 0.018354 0.033031
5 0.395063 0.460023 0.050666 0.035573
5 0.394042 0.426602 0.048863 0.035903
5 0.129336 0.458964 0.029078 0.030391
5 0.291811 0.458411 0.059951 0.031042
5 0.889227 0.559135 0.020198 0.033138
5 0.169655 0.426541 0.048958 0.035228
5 0.888826 0.459460 0.019551 0.031039
5 0.584978 0.460948 0.079040 0.032732
5 0.732070 0.466200 0.079222 0.033367
5 0.731581 0.496786 0.079336 0.033367
5 0.870275 0.428488 0.020587 0.032267
5 0.657913 0.524639 0.071125 0.033818
5 0.870757 0.460656 0.019791 0.029704
5 0.871019 0.558367 0.019311 0.031863
5 0.658274 0.494567 0.070386 0.029545
1 0.007961 0.494438 0.011309 0.023726
5 0.929358 0.427895 0.019767 0.032285
5 0.788223 0.558657 0.030910 0.031972
5 0.084946 0.431597 0.061474 0.035221
0 0.960065 0.145835 0.013516 0.028397
5 0.584725 0.558762 0.079814 0.032730
3 0.031805 0.341330 0.057046 0.033485
5 0.585079 0.429472 0.079886 0.030971
1 0.007800 0.528483 0.011853 0.021375
5 0.530832 0.427191 0.031398 0.032309
5 0.584700 0.524541 0.079386 0.033106
5 0.657921 0.465119 0.071058 0.033058
1 0.007960 0.463586 0.012172 0.021341
5 0.787061 0.526783 0.030962 0.026627
0 0.060401 0.650785 0.077682 0.041616
5 0.585164 0.491950 0.079294 0.034365
5 0.284372 0.791064 0.380508 0.156639
5 0.658386 0.559094 0.070281 0.033433
5 0.787234 0.497196 0.031909 0.032547
5 0.658809 0.431906 0.069612 0.033367
5 0.241761 0.391568 0.038814 0.035168
5 0.787521 0.431349 0.030354 0.035115
5 0.787039 0.465947 0.030354 0.029951