0 0.749420 0.726932 0.023964 0.044006
0 0.101330 0.343861 0.025101 0.046811
0 0.068184 0.343503 0.023592 0.044636
0 0.306128 0.727022 0.022908 0.044820
0 0.586854 0.385682 0.016406 0.035882
0 0.775793 0.726840 0.022368 0.043533
0 0.717490 0.728081 0.021968 0.042424
0 0.878860 0.728044 0.109987 0.047478
0 0.948537 0.727566 0.023730 0.046201
0 0.042063 0.343669 0.022757 0.043923
0 0.801811 0.727557 0.024388 0.045616
0 0.279999 0.101671 0.078732 0.031875
3 0.718451 0.101085 0.038280 0.029403
0 0.279445 0.721882 0.023225 0.041317
0 0.217131 0.102218 0.030364 0.032462
0 0.464867 0.102120 0.025177 0.028563
5 0.499285 0.165064 0.085920 0.042557
0 0.543803 0.103793 0.115190 0.034094
0 0.654369 0.771563 0.060996 0.030793
3 0.013338 0.345258 0.026676 0.047433
0 0.387523 0.102855 0.113779 0.034651
0 0.938672 0.101271 0.014966 0.028228
0 0.279265 0.216940 0.021459 0.038778
0 0.575121 0.771221 0.081003 0.032428
5 0.536396 0.385121 0.081562 0.041494
0 0.306446 0.218979 0.030124 0.036129
0 0.104018 0.103492 0.176289 0.039374
5 0.343656 0.537647 0.013252 0.027465
0 0.977884 0.101673 0.044231 0.033621
3 0.377667 0.164788 0.160655 0.044957
0 0.133034 0.344741 0.019418 0.047379
3 0.151941 0.344043 0.017374 0.043195
5 0.343587 0.588252 0.013650 0.027838
3 0.648708 0.101652 0.082111 0.031891
5 0.343223 0.488739 0.013570 0.027770
0 0.280024 0.164218 0.025635 0.046665
0 0.681864 0.299367 0.016456 0.030250