0 0.060402 0.907023 0.024750 0.033106
5 0.197921 0.300560 0.091563 0.032821
0 0.263438 0.077739 0.018427 0.027828
5 0.380817 0.301520 0.048993 0.031466
0 0.284296 0.077263 0.018525 0.028416
5 0.222264 0.435367 0.138887 0.032831
5 0.221578 0.368433 0.138928 0.031762
0 0.345022 0.907125 0.024213 0.035150
0 0.319273 0.907079 0.024841 0.035028
0 0.254303 0.907144 0.025805 0.034459
0 0.139095 0.908346 0.024062 0.036110
0 0.519304 0.075883 0.018284 0.027410
5 0.259353 0.402800 0.211875 0.031233
0 0.027924 0.906798 0.026879 0.035426
0 0.310904 0.076441 0.023520 0.029717
0 0.109829 0.907505 0.025733 0.032688
0 0.279135 0.907609 0.026110 0.033769
0 0.084676 0.907501 0.023326 0.031420
3 0.112636 0.077541 0.140276 0.032749
0 0.214127 0.076129 0.017692 0.026816
5 0.706425 0.335536 0.259768 0.033893
0 0.470113 0.076714 0.016881 0.027912
0 0.215290 0.907027 0.026502 0.033475
5 0.881402 0.795208 0.128503 0.033179
5 0.703987 0.436312 0.259610 0.035655
0 0.242200 0.077072 0.019142 0.027920
0 0.222191 0.181147 0.044679 0.025302
0 0.139339 0.181511 0.095251 0.024025
0 0.380008 0.075182 0.019898 0.026677
0 0.540600 0.074946 0.017438 0.025943
5 0.881187 0.826004 0.128450 0.032881
0 0.491406 0.075808 0.018639 0.027045
0 0.176976 0.907809 0.048769 0.035564
0 0.287958 0.181031 0.063623 0.024275
1 0.952408 0.699718 0.013865 0.019211
5 0.197789 0.334469 0.091359 0.032329
0 0.070037 0.235815 0.072154 0.030439
0 0.437135 0.181511 0.097369 0.025144
0 0.444590 0.076355 0.019622 0.026801
5 0.881726 0.763717 0.126692 0.030574
1 0.952983 0.826728 0.014445 0.023495
1 0.951982 0.733908 0.013851 0.023099
0 0.136733 0.235785 0.054500 0.029715
0 0.047890 0.181297 0.063880 0.027506
0 0.423174 0.076312 0.016577 0.025174
0 0.332051 0.076320 0.017554 0.028650
0 0.352983 0.075691 0.022534 0.028173
1 0.952497 0.669892 0.013687 0.021306
0 0.401468 0.075593 0.019612 0.026116
5 0.881077 0.700233 0.127989 0.031218
1 0.952500 0.796147 0.014546 0.022709
5 0.108322 0.668221 0.089237 0.032689
5 0.881726 0.668693 0.128421 0.031258
0 0.353864 0.181892 0.043916 0.025147
5 0.423891 0.825057 0.249060 0.031533
5 0.881509 0.731867 0.127124 0.034498
5 0.108687 0.698533 0.089063 0.032122
5 0.108375 0.794431 0.089795 0.034267
3 0.268392 0.796228 0.061600 0.032932
5 0.424005 0.795653 0.250487 0.033156
1 0.952422 0.764553 0.012972 0.022641
5 0.108812 0.762558 0.088641 0.034167
5 0.423785 0.763881 0.250188 0.029986
5 0.108750 0.825995 0.087554 0.031582
0 0.194637 0.076343 0.020595 0.025585
5 0.108548 0.731245 0.089379 0.032955
3 0.268609 0.763948 0.062150 0.031627
5 0.424530 0.670632 0.249183 0.033764
5 0.808062 0.763197 0.021105 0.030982
5 0.807898 0.794901 0.021168 0.031017
5 0.807521 0.731506 0.021301 0.030990
1 0.050637 0.764545 0.029673 0.031244
1 0.050824 0.796203 0.029768 0.030881
5 0.807858 0.827656 0.020755 0.029536
1 0.953878 0.853567 0.015074 0.025118
1 0.050361 0.825878 0.029989 0.028738
5 0.807484 0.700012 0.021126 0.030944
1 0.050623 0.668835 0.030818 0.031166
1 0.051184 0.700888 0.030805 0.031806
5 0.423708 0.731377 0.248241 0.032216
1 0.050923 0.732175 0.031099 0.030830
3 0.269238 0.699489 0.061400 0.030188
0 0.988512 0.664244 0.016110 0.023865
5 0.807803 0.669011 0.020828 0.029803
5 0.424058 0.700976 0.246799 0.031331
1 0.988331 0.826001 0.016029 0.024278
1 0.971061 0.853583 0.018691 0.026762
5 0.970090 0.732715 0.021701 0.031430
5 0.970156 0.762851 0.021632 0.034279
5 0.969934 0.701433 0.020323 0.033618
3 0.269397 0.825730 0.061082 0.028816
3 0.268614 0.731237 0.060811 0.032558
3 0.269887 0.669187 0.062697 0.030874
5 0.970799 0.668158 0.021187 0.032932
5 0.969718 0.796456 0.021620 0.031560
5 0.969934 0.825615 0.022052 0.028130