3 0.076013 0.262335 0.016032 0.039841
0 0.176688 0.262778 0.021073 0.044267
0 0.730284 0.169966 0.023691 0.039254
0 0.058594 0.261893 0.018562 0.038955
0 0.105039 0.261893 0.020973 0.038955
0 0.071236 0.313199 0.018668 0.039043
0 0.953448 0.169816 0.021998 0.040726
0 0.541791 0.263663 0.019890 0.038955
0 0.128796 0.262778 0.020883 0.042497
0 0.152708 0.263221 0.019458 0.041611
0 0.498984 0.262778 0.044969 0.040726
0 0.417134 0.262778 0.109863 0.040726
0 0.035618 0.261450 0.021158 0.038070
5 0.639427 0.171000 0.134501 0.039552
0 0.965993 0.978512 0.057732 0.035173
3 0.193734 0.171515 0.230569 0.038810
0 0.188245 0.313243 0.019600 0.038955
3 0.492064 0.171165 0.159876 0.038112
3 0.221272 0.085528 0.033802 0.026009
0 0.362004 0.313886 0.020587 0.041209
0 0.337796 0.313153 0.022070 0.040905
0 0.095291 0.313243 0.019912 0.038955
0 0.865660 0.171208 0.155573 0.039968
0 0.971651 0.086037 0.042005 0.029563
0 0.897219 0.979280 0.068045 0.041103
0 0.252433 0.262335 0.109080 0.039841
0 0.291339 0.314675 0.017775 0.039632
3 0.262824 0.315013 0.030700 0.038955
0 0.609805 0.651109 0.056727 0.031578
0 0.143371 0.314128 0.018607 0.040726
0 0.044007 0.085991 0.082656 0.030433
0 0.525793 0.487350 0.016048 0.039352
0 0.016947 0.313685 0.021785 0.039841
3 0.206321 0.314571 0.016006 0.038070
0 0.012049 0.261893 0.020736 0.040726
3 0.160156 0.312800 0.016295 0.038070
0 0.227518 0.312675 0.019471 0.037819
0 0.634359 0.406108 0.014821 0.028044
0 0.560494 0.648776 0.026241 0.027947
0 0.119805 0.314128 0.020754 0.037185
0 0.334746 0.263663 0.046266 0.042497
1 0.012612 0.410197 0.013404 0.023921
0 0.144663 0.086775 0.100530 0.029847
3 0.309523 0.314128 0.015134 0.037185
0 0.047708 0.313243 0.020755 0.038955
5 0.511211 0.489761 0.013116 0.042202
3 0.558654 0.263663 0.016431 0.038955
1 0.121791 0.409746 0.012107 0.023019