0 0.588980 0.101494 0.079991 0.041008
0 0.429549 0.101556 0.081252 0.039270
5 0.915949 0.090301 0.153546 0.040968
0 0.509307 0.100487 0.080841 0.038994
0 0.412519 0.361206 0.024806 0.042919
4 0.052554 0.978249 0.102886 0.032679
4 0.098681 0.294416 0.194320 0.033015
4 0.039020 0.657599 0.077237 0.028973
4 0.067845 0.430644 0.134356 0.031647
4 0.050741 0.703796 0.100799 0.030422
4 0.098750 0.248170 0.195529 0.032363
4 0.061767 0.932306 0.119067 0.031417
4 0.054561 0.522265 0.108858 0.031413
4 0.098527 0.383774 0.193278 0.030720
4 0.097243 0.340402 0.190448 0.031246
4 0.032868 0.612697 0.065359 0.029732
4 0.039879 0.750062 0.078697 0.029530
4 0.071391 0.886024 0.141462 0.031795
4 0.069054 0.475817 0.135911 0.030479
4 0.031374 0.840539 0.062252 0.029176
0 0.412461 0.682769 0.024045 0.041036
4 0.271529 0.802487 0.103260 0.033097
4 0.043507 0.796305 0.084945 0.028525
4 0.040317 0.567764 0.079651 0.030366
4 0.058376 0.203579 0.112716 0.030146
4 0.274531 0.480729 0.108887 0.035125
4 0.340683 0.888032 0.162008 0.036970
4 0.340264 0.565166 0.161898 0.036797
0 0.411953 0.991704 0.021615 0.016591
4 0.340946 0.243008 0.165284 0.037180