5 0.223697 0.438122 0.177114 0.047545
0 0.967428 0.096884 0.048410 0.039559
5 0.383013 0.187075 0.280922 0.054263
0 0.329408 0.637390 0.024933 0.039721
5 0.206947 0.636508 0.145842 0.048166
0 0.305037 0.636671 0.021270 0.040395
5 0.074298 0.234465 0.136368 0.043929
3 0.047913 0.098582 0.080320 0.029666
5 0.223994 0.537772 0.176520 0.042650
3 0.119309 0.097406 0.037381 0.031571
5 0.192383 0.184227 0.100337 0.050865
5 0.326588 0.435042 0.035413 0.047357
5 0.237212 0.486784 0.209106 0.045603
5 0.325745 0.536771 0.035413 0.047357
5 0.208715 0.892282 0.148105 0.044230
0 0.526676 0.887707 0.023462 0.044230
5 0.398367 0.889232 0.234621 0.050331