3 0.299716 0.210424 0.121366 0.044940
0 0.020870 0.466999 0.025402 0.044641
0 0.278133 0.472584 0.024191 0.049076
0 0.523788 0.472804 0.022156 0.045401
0 0.462145 0.472960 0.022952 0.050121
0 0.496997 0.472561 0.023635 0.047794
0 0.081886 0.472277 0.024567 0.049282
0 0.048910 0.470383 0.021782 0.044481
0 0.244604 0.474060 0.037502 0.046626
0 0.627383 0.474924 0.111931 0.048013
0 0.344288 0.473601 0.034134 0.050268
0 0.109332 0.472125 0.025412 0.049276
0 0.311740 0.472430 0.022417 0.046396
0 0.160319 0.472245 0.022717 0.046547
0 0.549060 0.472662 0.023022 0.047065
0 0.020466 0.930196 0.025381 0.046214
0 0.204725 0.473740 0.019392 0.045884
0 0.382367 0.473174 0.032911 0.048007
0 0.424522 0.474396 0.033126 0.045480
0 0.134716 0.471901 0.023751 0.047878
0 0.976686 0.101361 0.046627 0.034541