5 0.283982 0.521778 0.202333 0.339391
5 0.835587 0.920720 0.230508 0.043124
3 0.802968 0.771644 0.165989 0.047025
0 0.964252 0.971360 0.070850 0.044288
3 0.732715 0.105474 0.103666 0.033147
0 0.181031 0.104590 0.089820 0.030751
3 0.442646 0.106780 0.121350 0.040284
3 0.590622 0.106593 0.149511 0.032478
3 0.303500 0.105471 0.129441 0.033931
3 0.976276 0.109354 0.040544 0.046113
0 0.066370 0.109279 0.100083 0.037471
2 0.764922 0.824304 0.090982 0.049694
2 0.199555 0.821406 0.090104 0.042411
0 0.022301 0.975357 0.030829 0.046607
4 0.452378 0.360817 0.134181 0.031832
0 0.082345 0.315945 0.109550 0.050702
0 0.472831 0.259978 0.180438 0.056589
5 0.270299 0.771928 0.232017 0.044839
5 0.240061 0.875930 0.170379 0.048576