5 0.254942 0.511894 0.145535 0.335913
0 0.638129 0.715616 0.061514 0.040523
5 0.837026 0.898367 0.231817 0.046345
3 0.805734 0.751509 0.170606 0.048643
0 0.965642 0.949857 0.068716 0.043931
0 0.588074 0.714422 0.024515 0.039812
5 0.555449 0.528357 0.095852 0.043965
2 0.554687 0.480112 0.093862 0.040610
0 0.179521 0.103005 0.088820 0.028888
1 0.410179 0.629721 0.014998 0.029508
0 0.021785 0.951293 0.031103 0.048440
3 0.733628 0.104501 0.099993 0.029293
2 0.766660 0.799595 0.092869 0.043370
0 0.315788 0.851253 0.013583 0.026174
0 0.062983 0.104779 0.103456 0.031854
5 0.237069 0.852288 0.167253 0.040137
3 0.974121 0.102593 0.028984 0.038135
3 0.592523 0.105521 0.143252 0.029197
3 0.442704 0.104625 0.121747 0.027813
3 0.302295 0.102840 0.124539 0.030830
2 0.198848 0.801516 0.087479 0.039618
0 0.670366 0.349489 0.013056 0.024992