5 0.306741 0.294465 0.131668 0.037468
5 0.260904 0.161886 0.036653 0.041447
5 0.280237 0.251386 0.076196 0.036268
5 0.307508 0.207499 0.133170 0.038335
5 0.307837 0.514857 0.133571 0.039734
5 0.307617 0.471907 0.131978 0.036902
5 0.280364 0.427278 0.076203 0.037537
5 0.260865 0.338701 0.036636 0.037269
5 0.478067 0.207160 0.134477 0.039616
5 0.477628 0.294582 0.135958 0.038296
5 0.450133 0.427037 0.079238 0.039446
5 0.449594 0.251717 0.081196 0.039052
5 0.476834 0.513983 0.133376 0.041045
0 0.968586 0.976026 0.047877 0.039440
0 0.080056 0.087674 0.138525 0.028372
0 0.971279 0.086888 0.044247 0.035694
5 0.250043 0.383194 0.016968 0.040470
1 0.556119 0.470025 0.027608 0.040115
0 0.174093 0.086897 0.035317 0.024929
5 0.429623 0.337190 0.037585 0.038792
1 0.555695 0.382805 0.029963 0.041811
5 0.478081 0.473315 0.134459 0.036684
5 0.556020 0.383389 0.028621 0.044404
5 0.419133 0.384851 0.014731 0.034799
4 0.971543 0.086622 0.043992 0.033055
5 0.556332 0.294299 0.027474 0.039237
1 0.555982 0.428023 0.027640 0.044103
5 0.556255 0.338021 0.027877 0.043484
0 0.557237 0.206321 0.027061 0.041110
5 0.308151 0.286183 0.131643 0.036258