5 0.443946 0.538121 0.513536 0.351569
5 0.290388 0.794830 0.266442 0.049871
3 0.510160 0.109509 0.141566 0.046387
3 0.684580 0.105762 0.161403 0.037247
3 0.843405 0.107908 0.122894 0.038777
5 0.247653 0.899204 0.177001 0.051901
5 0.800991 0.793589 0.188738 0.051773
0 0.206342 0.103998 0.100582 0.033545
0 0.949017 0.956604 0.083909 0.042473
0 0.078517 0.105663 0.118358 0.034643
5 0.199206 0.847526 0.085647 0.041474
3 0.957372 0.105917 0.035959 0.039432
5 0.747863 0.846965 0.082434 0.041881
0 0.027732 0.954949 0.035088 0.048097
0 0.348234 0.104444 0.145462 0.034730