0 0.259430 0.797809 0.020541 0.041570
0 0.720356 0.798975 0.123949 0.050410
0 0.334864 0.798462 0.021428 0.041716
0 0.409835 0.798700 0.021964 0.042236
0 0.379593 0.798919 0.022290 0.042378
0 0.432156 0.798756 0.022920 0.043016
0 0.893922 0.975737 0.070424 0.041641
0 0.968944 0.799308 0.062112 0.049574
0 0.067856 0.343971 0.024255 0.045915
0 0.304068 0.797688 0.022003 0.041393
0 0.356308 0.798723 0.020646 0.041335
3 0.014389 0.344798 0.028355 0.044943
1 0.249054 0.644686 0.019138 0.039221
1 0.249276 0.723790 0.019911 0.037071
0 0.042628 0.344223 0.020521 0.043994
0 0.529233 0.798298 0.020523 0.039897
0 0.975942 0.105250 0.045123 0.033467
0 0.461572 0.798333 0.022112 0.042696
1 0.249740 0.684196 0.019357 0.037370
3 0.478351 0.897252 0.309646 0.047219
0 0.507074 0.797826 0.019920 0.040629
0 0.281188 0.797401 0.019835 0.040867
1 0.227823 0.723762 0.018315 0.035506
1 0.227153 0.644027 0.016809 0.038478
0 0.552894 0.797096 0.021952 0.040703
0 0.102004 0.344687 0.024556 0.045202
0 0.485108 0.797888 0.022116 0.041883
0 0.968543 0.979268 0.061270 0.035845
0 0.664303 0.899618 0.024329 0.043461
3 0.481134 0.295209 0.122260 0.044114
0 0.934747 0.107031 0.015651 0.031143
0 0.687827 0.898343 0.023750 0.047328
1 0.227434 0.684053 0.017708 0.035304
0 0.207014 0.898382 0.022294 0.038232
1 0.580541 0.685031 0.015943 0.031885
0 0.647362 0.106033 0.023119 0.028108
0 0.216028 0.104791 0.028816 0.027091
0 0.283461 0.104098 0.083247 0.028373
1 0.548581 0.726430 0.017620 0.031642
0 0.205826 0.545681 0.021116 0.037004
1 0.580750 0.646050 0.017917 0.035258
1 0.580386 0.724419 0.016678 0.032195
1 0.548447 0.686373 0.016842 0.032284
0 0.413814 0.106357 0.046956 0.030632
0 0.599360 0.105409 0.049709 0.030030
3 0.809099 0.106105 0.039330 0.029708
0 0.356965 0.104759 0.045418 0.029478
3 0.820144 0.547004 0.291508 0.043936
0 0.908320 0.106676 0.015421 0.031012
0 0.007088 0.461327 0.014016 0.035934
1 0.548854 0.645965 0.019481 0.036994
3 0.426672 0.547675 0.176501 0.042734
0 0.228943 0.796587 0.024591 0.047723
0 0.108207 0.105519 0.174958 0.039703
0 0.506078 0.105519 0.118044 0.039703
0 0.725214 0.107173 0.113301 0.031983