1 0.016301 0.623980 0.012045 0.026844
1 0.016060 0.589415 0.013491 0.025855
3 0.423748 0.270827 0.097558 0.039646
0 0.579107 0.270695 0.060821 0.038549
3 0.510574 0.269874 0.068039 0.038472
1 0.015819 0.655470 0.013973 0.021682
1 0.016783 0.490233 0.011082 0.023656
0 0.733754 0.268193 0.068969 0.039510
0 0.652266 0.268185 0.077249 0.037770
3 0.318779 0.271774 0.103954 0.040966
1 0.016274 0.456350 0.013063 0.024033
1 0.016641 0.356765 0.013688 0.027224
1 0.016500 0.523621 0.013407 0.026420
3 0.970243 0.081262 0.029671 0.030384
1 0.016442 0.390644 0.013291 0.024775
1 0.016542 0.321599 0.013491 0.027098
1 0.016301 0.555377 0.012045 0.023855
1 0.016060 0.423168 0.011563 0.025811
3 0.079154 0.271311 0.107855 0.044109
3 0.201750 0.270810 0.126842 0.040849