1 0.030148 0.597855 0.012425 0.028322
1 0.030232 0.565868 0.012228 0.024435
1 0.030101 0.535008 0.012514 0.029045
0 0.596820 0.354526 0.069227 0.042450
0 0.865454 0.354908 0.085767 0.037422
1 0.030290 0.632085 0.012840 0.028946
0 0.421504 0.355623 0.077686 0.040383
0 0.351188 0.354998 0.059649 0.038177
1 0.029722 0.727516 0.014136 0.029351
0 0.506986 0.355221 0.091380 0.041651
0 0.971908 0.354381 0.017774 0.035103
1 0.030448 0.470714 0.014483 0.029159
1 0.030205 0.502201 0.013298 0.029498
1 0.030084 0.663401 0.013263 0.028579
1 0.030516 0.439296 0.015080 0.027042
1 0.030197 0.693002 0.012686 0.026810
1 0.030749 0.400303 0.016151 0.033517
3 0.093758 0.354473 0.107666 0.036544
3 0.199262 0.352189 0.098154 0.037458
3 0.934334 0.353102 0.048861 0.037458
3 0.975627 0.085875 0.022485 0.027408
3 0.946801 0.766049 0.065724 0.026494