0 0.127886 0.080724 0.068675 0.035112
0 0.049976 0.078945 0.074269 0.030510
5 0.365397 0.555010 0.079715 0.039950
5 0.150068 0.152457 0.066979 0.036005
3 0.464327 0.081157 0.030959 0.031527
0 0.284172 0.080098 0.044083 0.028936
0 0.419628 0.080226 0.041260 0.028772
0 0.212235 0.080180 0.088261 0.031196
0 0.354352 0.080688 0.082310 0.028710
5 0.199534 0.554837 0.044884 0.037660
5 0.151496 0.878794 0.068939 0.038741
5 0.150461 0.230893 0.069770 0.038168
0 0.867854 0.981088 0.059355 0.032883
5 0.156735 0.919426 0.080946 0.036724
5 0.358726 0.352647 0.068820 0.035629
5 0.149996 0.351867 0.069669 0.036565
5 0.129731 0.554968 0.027365 0.034614
5 0.357575 0.877412 0.067547 0.035311
5 0.132261 0.674237 0.031189 0.035719
5 0.129645 0.634951 0.027318 0.033745
5 0.523381 0.191502 0.030495 0.033488
5 0.199806 0.596864 0.046475 0.035734
5 0.340589 0.149583 0.031280 0.032556
5 0.526930 0.311425 0.037990 0.033081
5 0.150582 0.311789 0.069253 0.037046
5 0.129771 0.716816 0.025952 0.036205
5 0.129449 0.596047 0.026715 0.036342
0 0.979139 0.080956 0.041722 0.033707
5 0.340777 0.190907 0.031124 0.035480
5 0.390012 0.513343 0.127423 0.036365
5 0.343976 0.312420 0.036297 0.033156
1 0.121863 0.395104 0.011675 0.027696
4 0.979385 0.081381 0.040988 0.034868
5 0.519813 0.150026 0.025285 0.032338
0 0.927551 0.981139 0.051484 0.033274
5 0.131701 0.514145 0.030651 0.032134
5 0.517311 0.351624 0.021229 0.034425
0 0.472326 0.514000 0.037736 0.031532
0 0.979659 0.979623 0.039683 0.031554
5 0.319571 0.757832 0.406900 0.039535
5 0.420155 0.916948 0.192006 0.030507
1 0.515796 0.556691 0.011129 0.023884