5 0.225365 0.672825 0.050905 0.041952
0 0.143380 0.095159 0.071190 0.032890
5 0.411921 0.673248 0.088986 0.044676
5 0.170367 0.184468 0.076321 0.043618
5 0.171350 0.281049 0.077247 0.045705
5 0.593996 0.378692 0.042147 0.041950
5 0.147524 0.673753 0.029966 0.041567
0 0.056523 0.095061 0.087179 0.033174
5 0.149211 0.819413 0.034486 0.040114
5 0.225590 0.722919 0.051581 0.040641
0 0.472259 0.094900 0.047161 0.029865
5 0.146118 0.719362 0.028638 0.041064
5 0.589065 0.230453 0.034705 0.040516
5 0.146635 0.866793 0.029008 0.043868
5 0.409217 0.430240 0.085938 0.037311
5 0.387333 0.377470 0.041394 0.040370
5 0.146425 0.767727 0.029428 0.045036
5 0.383067 0.230923 0.035650 0.040163
0 0.395237 0.095442 0.085805 0.032036
3 0.521303 0.095854 0.033814 0.030246
0 0.319948 0.095912 0.047360 0.030507
0 0.238013 0.093862 0.100706 0.034043
5 0.437944 0.623296 0.147035 0.042463
5 0.383539 0.179668 0.034842 0.041819
0 0.970916 0.096586 0.048963 0.040725
5 0.169847 0.425937 0.076738 0.043165
5 0.149243 0.623789 0.034230 0.042142
5 0.586012 0.182743 0.028557 0.042657
5 0.583549 0.427398 0.022746 0.039103
4 0.971335 0.096516 0.049426 0.041592
5 0.531142 0.623488 0.040279 0.040957
5 0.360017 0.917582 0.458183 0.051610
5 0.170814 0.378321 0.077865 0.046655
1 0.139424 0.478849 0.013852 0.032173