0 0.972030 0.974965 0.055388 0.036789
5 0.193213 0.580413 0.036345 0.040575
5 0.201850 0.627742 0.054301 0.039899
5 0.218758 0.721062 0.088831 0.039506
5 0.732877 0.582491 0.035050 0.037028
5 0.760126 0.722865 0.091429 0.040906
5 0.215261 0.674339 0.080201 0.041065
5 0.217271 0.423815 0.069558 0.039142
5 0.787669 0.676005 0.145908 0.042545
0 0.050858 0.086127 0.079397 0.029754
5 0.222489 0.469618 0.079126 0.042023
5 0.206623 0.377749 0.046107 0.040007
5 0.728700 0.423624 0.052709 0.037156
3 0.981434 0.086128 0.026844 0.031988
5 0.832170 0.630830 0.051980 0.042653
5 0.759756 0.629627 0.091168 0.037815
5 0.729225 0.377024 0.052398 0.038185
0 0.055019 0.883883 0.029457 0.038924
3 0.162272 0.086370 0.115238 0.033470
3 0.278812 0.085188 0.094234 0.032169
0 0.024449 0.883394 0.033207 0.041411
0 0.015490 0.818579 0.020094 0.041611
0 0.014298 0.975161 0.024943 0.034723
0 0.305771 0.271510 0.068215 0.039560
0 0.994454 0.168150 0.010936 0.033925
0 0.072473 0.021892 0.031413 0.033804
0 0.404717 0.090487 0.132635 0.038824
4 0.385552 0.134037 0.081290 0.023942
4 0.417549 0.178697 0.150473 0.021179
4 0.382742 0.225199 0.080858 0.025783
4 0.412145 0.269859 0.137934 0.024862