0 0.867798 0.974333 0.076624 0.039599
1 0.031925 0.623642 0.015134 0.030904
1 0.031925 0.660113 0.015134 0.023713
3 0.854414 0.091860 0.042650 0.030351
0 0.948460 0.974937 0.073738 0.040485
1 0.031709 0.697727 0.014701 0.025348
5 0.128668 0.179714 0.040829 0.042251
0 0.609573 0.372535 0.022688 0.040187
1 0.031709 0.584771 0.014701 0.028390
0 0.617332 0.178338 0.024534 0.042563
5 0.906989 0.582850 0.041938 0.038924
5 0.907259 0.696505 0.041810 0.036656
0 0.633660 0.372635 0.023633 0.039973
0 0.665428 0.178028 0.027042 0.042899
1 0.032825 0.469803 0.016068 0.029587
0 0.504413 0.093462 0.077077 0.028759
0 0.126927 0.092248 0.111928 0.030449
1 0.032141 0.736392 0.015566 0.025816
5 0.906806 0.733681 0.041922 0.037554
0 0.064772 0.373096 0.089972 0.043450
0 0.422340 0.094053 0.067812 0.028665
0 0.777003 0.372947 0.090411 0.046251
5 0.906664 0.621638 0.042130 0.037000
5 0.906911 0.659111 0.040759 0.037925
5 0.550272 0.229913 0.210305 0.043782
0 0.417859 0.373057 0.091428 0.044050
0 0.585081 0.372578 0.023198 0.040419
0 0.041656 0.091922 0.039990 0.028531
5 0.264442 0.230365 0.315499 0.047802
0 0.433440 0.228184 0.024344 0.038667
0 0.516439 0.373192 0.114110 0.046260
0 0.285844 0.094811 0.186443 0.033570
0 0.665783 0.228885 0.026170 0.040870
1 0.031709 0.508568 0.014701 0.026984
1 0.031709 0.546727 0.015566 0.026439
5 0.441821 0.181097 0.332771 0.041623
0 0.152674 0.373465 0.089248 0.043614
0 0.617060 0.092471 0.124590 0.032803
5 0.906332 0.545668 0.043015 0.036282
0 0.690377 0.372418 0.092550 0.046243
0 0.757103 0.093971 0.136144 0.030891
0 0.329651 0.372570 0.089126 0.045358
5 0.905730 0.423355 0.042126 0.041039
5 0.203076 0.180297 0.102616 0.041778
0 0.954283 0.091946 0.049761 0.031204
0 0.241296 0.373185 0.088536 0.043188
5 0.392642 0.696324 0.058317 0.036952
5 0.585395 0.585256 0.280070 0.038739
5 0.586059 0.660646 0.279654 0.043183
0 0.035201 0.974987 0.016259 0.027912
0 0.150977 0.327949 0.061397 0.041742
5 0.587127 0.469182 0.282656 0.040885
5 0.392521 0.583358 0.058140 0.039830
5 0.392220 0.545424 0.058266 0.038385
5 0.392837 0.733018 0.058162 0.035478
0 0.739815 0.470861 0.026075 0.037205
5 0.585626 0.697304 0.280519 0.040833
5 0.392571 0.468438 0.058604 0.041351
5 0.435639 0.658878 0.026806 0.038770
5 0.392883 0.623261 0.057744 0.039621
5 0.392543 0.660795 0.058373 0.039249
5 0.434125 0.470000 0.026808 0.039249
5 0.434341 0.545636 0.028106 0.038431
5 0.433692 0.584886 0.025944 0.041702
5 0.434233 0.621258 0.027958 0.037764
5 0.434233 0.698045 0.026183 0.041960
5 0.434233 0.735390 0.027958 0.039443
5 0.905284 0.469798 0.042159 0.037205
5 0.585965 0.547119 0.278930 0.041371
5 0.585965 0.622391 0.278930 0.039072
5 0.586117 0.736304 0.278018 0.035338