1 0.045977 0.568785 0.014348 0.030485
1 0.142821 0.844635 0.012869 0.027741
1 0.046092 0.534455 0.013720 0.028122
1 0.046069 0.842762 0.014199 0.030208
1 0.039537 0.209118 0.016177 0.031759
1 0.039018 0.174881 0.015950 0.030039
1 0.045721 0.705174 0.013934 0.029381
1 0.046140 0.739746 0.013916 0.031146
1 0.045777 0.671103 0.014245 0.029884
1 0.045859 0.774245 0.014118 0.030396
1 0.045809 0.637150 0.013804 0.029638
3 0.264135 0.371521 0.282929 0.043625
1 0.045305 0.603154 0.014120 0.029683
1 0.142377 0.570658 0.014645 0.025056
1 0.045837 0.809064 0.013714 0.029145
1 0.142270 0.810936 0.013084 0.026562
1 0.142457 0.741157 0.013598 0.023023
1 0.142821 0.639175 0.013757 0.026070
1 0.142417 0.777688 0.013678 0.026286
1 0.142559 0.707760 0.014282 0.022449
1 0.142156 0.604216 0.014201 0.027741
0 0.898211 0.975159 0.064807 0.037588
1 0.143129 0.913797 0.013486 0.022885
0 0.435184 0.369029 0.022069 0.037600
1 0.142377 0.536653 0.013757 0.025056
5 0.951505 0.705363 0.075702 0.036702
1 0.045751 0.500302 0.014260 0.030660
1 0.046301 0.912747 0.013570 0.026284
0 0.963643 0.975273 0.055622 0.034197
5 0.951301 0.636355 0.076843 0.034468
0 0.019958 0.368348 0.023732 0.039962
5 0.199053 0.705061 0.084309 0.037564
5 0.951887 0.738826 0.077534 0.035749
0 0.457483 0.369001 0.021891 0.037821
1 0.142362 0.673741 0.014676 0.023614
5 0.198467 0.739186 0.085500 0.036290
5 0.952529 0.809309 0.078555 0.037065
5 0.197836 0.808739 0.086711 0.036339
5 0.951170 0.603320 0.076916 0.037084
5 0.200735 0.606699 0.083002 0.033068
5 0.198018 0.842632 0.086228 0.036967
5 0.953334 0.842140 0.079601 0.036451
3 0.683284 0.084291 0.034651 0.027986
5 0.950891 0.670818 0.075288 0.039173
5 0.200059 0.636617 0.082081 0.035188
1 0.045862 0.878564 0.014115 0.029939
5 0.692629 0.842928 0.118850 0.037234
5 0.951891 0.534854 0.079043 0.036050
5 0.951299 0.773538 0.076886 0.037737
5 0.826828 0.843683 0.101492 0.035521
5 0.694003 0.705902 0.117428 0.037526
5 0.199373 0.501717 0.079226 0.035720
5 0.199212 0.569688 0.082161 0.038307
5 0.198936 0.535564 0.081609 0.036810
5 0.951716 0.877425 0.077287 0.037708
5 0.827119 0.878262 0.101782 0.036028
5 0.825198 0.705331 0.100578 0.038073
5 0.693000 0.809146 0.118600 0.036912
5 0.825714 0.809146 0.101204 0.037090
5 0.693502 0.773326 0.116998 0.036166
0 0.080673 0.083153 0.140363 0.030008
5 0.952327 0.569385 0.078930 0.038544
5 0.823836 0.913189 0.097196 0.035887
5 0.827662 0.773848 0.102735 0.037354
5 0.825742 0.637728 0.101938 0.035400
0 0.395599 0.083925 0.079219 0.027747
5 0.216057 0.140025 0.072281 0.038571
5 0.826089 0.604396 0.102569 0.039306
5 0.693780 0.740798 0.117285 0.036320
0 0.172006 0.084089 0.026753 0.026794
5 0.824814 0.739037 0.100349 0.036163
5 0.197677 0.773627 0.086622 0.038353
0 0.455683 0.083920 0.024082 0.026398
5 0.133164 0.208757 0.033992 0.034723
5 0.133507 0.138115 0.033399 0.038906
5 0.326872 0.177165 0.150500 0.037102
5 0.215682 0.176604 0.072728 0.036576
5 0.692772 0.877395 0.118143 0.037936
1 0.039264 0.138539 0.017679 0.034667
5 0.199578 0.670808 0.082893 0.039308
0 0.325589 0.083442 0.044492 0.026024
1 0.142156 0.501754 0.014201 0.026846
5 0.587867 0.140269 0.073044 0.040621
5 0.951641 0.499212 0.078063 0.038943
1 0.142821 0.879982 0.012869 0.026846
5 0.691986 0.604937 0.118878 0.039359
5 0.693755 0.639826 0.117375 0.035293
5 0.827632 0.569872 0.102278 0.038238
5 0.826808 0.535412 0.103785 0.036408
0 0.244032 0.082733 0.106954 0.029822
5 0.215828 0.209604 0.072914 0.034780
5 0.588192 0.176230 0.073893 0.035320
5 0.198605 0.878114 0.087008 0.033516
5 0.827739 0.670357 0.102589 0.039538
5 0.692958 0.912655 0.117949 0.035991
5 0.692528 0.569276 0.118029 0.037599
5 0.694295 0.671046 0.115239 0.034435
5 0.692950 0.534432 0.117890 0.037845
5 0.133252 0.244114 0.034348 0.039926
5 0.098653 0.174577 0.040835 0.033670
5 0.950839 0.912313 0.077293 0.034164
5 0.438382 0.843413 0.398572 0.040941
0 0.525354 0.084443 0.104992 0.030609
3 0.621769 0.084072 0.073284 0.029723
0 0.971256 0.082567 0.042166 0.028912
5 0.164311 0.209288 0.032887 0.034240
1 0.247729 0.499918 0.018153 0.035370
5 0.508641 0.176609 0.054482 0.036515
5 0.326284 0.210552 0.152304 0.036379
5 0.326026 0.140635 0.149609 0.040364
5 0.133154 0.175746 0.033742 0.035796
5 0.164337 0.175359 0.031956 0.034536
5 0.165335 0.140037 0.031191 0.037632
5 0.164562 0.244521 0.032705 0.039256
5 0.588277 0.209540 0.074122 0.034805
5 0.437891 0.536822 0.396579 0.041735
5 0.763435 0.842301 0.026913 0.034300
5 0.693273 0.499632 0.118713 0.040882
5 0.827853 0.499335 0.105396 0.040166
5 0.215453 0.246359 0.073357 0.041882
5 0.763555 0.534786 0.027825 0.033495
5 0.941564 0.139723 0.069076 0.039459
5 0.424854 0.176418 0.054681 0.035768
1 0.038821 0.245113 0.016035 0.034005
5 0.763598 0.912863 0.027063 0.034244
5 0.763317 0.569417 0.027634 0.036651
5 0.197621 0.913051 0.085055 0.035181
5 0.763432 0.876872 0.027657 0.037033
5 0.735553 0.176544 0.081823 0.036038
5 0.438333 0.741054 0.396687 0.041589
5 0.763650 0.636253 0.027171 0.033190
5 0.509731 0.209627 0.053204 0.035475
5 0.325544 0.245655 0.150988 0.041207
5 0.735331 0.139861 0.082402 0.041514
5 0.763255 0.604847 0.027172 0.035814
5 0.763581 0.738048 0.027372 0.033915
5 0.097884 0.137920 0.039102 0.039322
5 0.438589 0.774302 0.398159 0.034315
0 0.933062 0.084228 0.015417 0.030170
5 0.659759 0.176476 0.073469 0.035940
5 0.763382 0.809413 0.027090 0.035591
5 0.660295 0.140697 0.075962 0.039609
5 0.987260 0.176564 0.024951 0.033963
5 0.734507 0.210355 0.083403 0.035053
5 0.424459 0.210230 0.054480 0.035165
5 0.763291 0.773406 0.027140 0.037817
5 0.942778 0.209833 0.067984 0.035015
5 0.438170 0.570408 0.395029 0.042138
5 0.507992 0.140577 0.054049 0.040083
5 0.942634 0.176522 0.068549 0.035123
5 0.438906 0.706084 0.395209 0.037889
5 0.426416 0.141065 0.053766 0.039087
5 0.588899 0.244819 0.073172 0.039391
5 0.987564 0.208883 0.024872 0.033397
5 0.439077 0.639858 0.395199 0.038545
5 0.807465 0.139942 0.066361 0.040942
5 0.987275 0.139471 0.025450 0.037233
5 0.763240 0.670298 0.027319 0.038192
5 0.660335 0.210027 0.072174 0.034995
5 0.893491 0.209288 0.033147 0.033995
5 0.763283 0.705793 0.026781 0.035741
5 0.467480 0.211336 0.034757 0.034860
5 0.858667 0.140015 0.037732 0.038961
5 0.734914 0.246163 0.083029 0.041742
5 0.543129 0.139932 0.019774 0.039040
5 0.446913 0.500328 0.377735 0.037942
5 0.424955 0.245752 0.054948 0.040711
5 0.438078 0.604368 0.391244 0.038024
5 0.807797 0.175885 0.066463 0.036082
5 0.942572 0.245224 0.067764 0.040897
5 0.987180 0.244940 0.024824 0.040825
5 0.763460 0.499919 0.027490 0.035076
5 0.893403 0.176064 0.033392 0.034260
5 0.659457 0.246048 0.073694 0.041976
5 0.859218 0.209426 0.037468 0.033988
5 0.438880 0.877901 0.395593 0.040334
5 0.893534 0.139962 0.032276 0.039418
5 0.893533 0.244904 0.033375 0.038332
5 0.543142 0.209242 0.018880 0.034260
5 0.438344 0.811152 0.398649 0.036005
5 0.098932 0.210428 0.039123 0.046247
5 0.099269 0.245793 0.039798 0.035365
5 0.859809 0.245113 0.036425 0.039446
5 0.857448 0.176423 0.038449 0.038085
5 0.809219 0.210428 0.067454 0.035365
5 0.808881 0.245793 0.064081 0.038085
5 0.543665 0.176015 0.018161 0.037492
5 0.543232 0.245769 0.017296 0.037492
5 0.508857 0.247948 0.052320 0.034877
5 0.467131 0.142010 0.031132 0.035749
5 0.466698 0.176887 0.031132 0.035749
5 0.466482 0.247513 0.033294 0.034005
5 0.438697 0.673633 0.395959 0.035005
5 0.437545 0.912913 0.396491 0.038863