1 0.063483 0.432500 0.020445 0.035208
1 0.041894 0.435053 0.017868 0.033476
0 0.938552 0.100722 0.016745 0.031840
5 0.338327 0.438437 0.039826 0.043667
1 0.157628 0.884991 0.014996 0.030940
5 0.413854 0.595368 0.190761 0.046077
1 0.063552 0.473400 0.020670 0.038843
5 0.361604 0.492369 0.087133 0.046004
0 0.072565 0.548552 0.023311 0.042061
0 0.096716 0.547929 0.022495 0.041528
0 0.899153 0.983888 0.072076 0.032224
0 0.043368 0.548880 0.023094 0.043589
0 0.120395 0.548226 0.022328 0.042851
0 0.935524 0.547422 0.022017 0.041254
0 0.019783 0.651702 0.024955 0.047063
5 0.339313 0.208142 0.085763 0.045343
1 0.048978 0.884423 0.017298 0.035177
0 0.149481 0.548546 0.023231 0.044156
1 0.048796 0.845921 0.017964 0.033611
0 0.870581 0.548843 0.064438 0.043528
1 0.041799 0.474306 0.018185 0.035537
1 0.156884 0.845829 0.014854 0.032478
1 0.063315 0.392937 0.019613 0.036967
5 0.367891 0.545012 0.100798 0.048618
3 0.114829 0.189420 0.151224 0.045177
0 0.766822 0.207815 0.024307 0.047459
5 0.682929 0.593634 0.100382 0.044525
0 0.410971 0.388084 0.019294 0.037905
0 0.978422 0.099794 0.042561 0.033191
0 0.019305 0.291805 0.024369 0.043951
5 0.751191 0.593371 0.039406 0.043677
0 0.089387 0.101984 0.163328 0.036329
1 0.048719 0.805734 0.017653 0.035599
1 0.041696 0.396653 0.017678 0.035270
0 0.912652 0.099764 0.016450 0.033731
0 0.019159 0.240113 0.022766 0.040906
0 0.969933 0.985025 0.058353 0.029950
1 0.156530 0.802011 0.016229 0.035143
0 0.685986 0.962347 0.016912 0.035328
1 0.158260 0.927057 0.015589 0.034713
0 0.808455 0.120296 0.018370 0.043876
0 0.659814 0.961677 0.017352 0.035254
0 0.687319 0.776811 0.199816 0.037335
0 0.183086 0.100693 0.014238 0.028693
5 0.652051 0.388316 0.038515 0.042516
1 0.048538 0.927782 0.018883 0.036164
0 0.765719 0.253838 0.023371 0.030229
0 0.489909 0.782601 0.172860 0.040115
5 0.361841 0.388884 0.083085 0.037084
0 0.822291 0.300258 0.014896 0.031265
0 0.020414 0.190844 0.024940 0.047449