5 0.195412 0.268504 0.093043 0.040488
5 0.214292 0.175699 0.131371 0.040128
5 0.165053 0.219760 0.030271 0.039679
0 0.423056 0.174488 0.018655 0.038000
0 0.052408 0.408641 0.052442 0.035785
5 0.188861 0.312417 0.078214 0.037235
0 0.443045 0.173887 0.020331 0.039108
0 0.045626 0.092451 0.083198 0.031825
0 0.137451 0.093034 0.087858 0.032035
3 0.204582 0.092304 0.036054 0.028245
0 0.464561 0.173939 0.020815 0.039258
0 0.964360 0.093516 0.046843 0.038592
0 0.401902 0.174449 0.021760 0.039540
0 0.380669 0.173863 0.019755 0.039322
0 0.312025 0.312619 0.133828 0.037827