5 0.182765 0.712556 0.148596 0.043398
5 0.183784 0.607325 0.148136 0.044067
5 0.182780 0.659793 0.148625 0.044741
5 0.551707 0.660084 0.116689 0.041787
5 0.567375 0.763732 0.148024 0.039757
5 0.207291 0.242643 0.148973 0.046016
5 0.187527 0.554470 0.153990 0.045004
5 0.875368 0.455471 0.163821 0.045242
5 0.182045 0.760744 0.147596 0.042531
5 0.551146 0.607695 0.117296 0.041673
5 0.574573 0.454855 0.162913 0.046523
5 0.186138 0.455496 0.157841 0.047982
5 0.571264 0.506369 0.156757 0.046499
5 0.550980 0.711378 0.116965 0.041516
5 0.874706 0.506997 0.164535 0.047756
0 0.085455 0.098588 0.040510 0.029188
5 0.186851 0.505075 0.155518 0.045484
0 0.033654 0.098847 0.043784 0.029705
5 0.132303 0.811677 0.048134 0.043726
0 0.318495 0.242643 0.031337 0.046016
5 0.529364 0.403013 0.071497 0.047203
5 0.308757 0.501889 0.031010 0.044545
0 0.062400 0.344568 0.055506 0.037287
0 0.975406 0.097617 0.049188 0.042062
5 0.309033 0.449778 0.031644 0.045298
3 0.134687 0.098203 0.042345 0.030224
5 0.152752 0.188205 0.036664 0.041516
5 0.286164 0.907979 0.294185 0.023277
0 0.180298 0.187891 0.018428 0.042432