4 0.498835 0.107364 0.073490 0.034122
4 0.408504 0.106860 0.075382 0.035047
4 0.096458 0.109112 0.061013 0.036850
4 0.192834 0.107931 0.102407 0.037020
4 0.642972 0.107009 0.183759 0.038812
4 0.831303 0.107866 0.161142 0.038218
4 0.307449 0.107530 0.096003 0.035635
0 0.492709 0.584069 0.124082 0.218745
0 0.745734 0.583582 0.123489 0.223268
0 0.874426 0.587688 0.121278 0.223348
0 0.618558 0.584763 0.123770 0.220133
0 0.366180 0.586725 0.122723 0.224056
0 0.112936 0.815204 0.128433 0.221810
0 0.113476 0.583004 0.125541 0.223945
0 0.238892 0.811453 0.124012 0.221735
3 0.937809 0.030708 0.113078 0.052234
0 0.239382 0.582372 0.124942 0.222682
0 0.366506 0.272365 0.124419 0.222145
0 0.875323 0.272989 0.124115 0.221749
0 0.014790 0.030207 0.021547 0.032953
0 0.853151 0.029191 0.018447 0.027640
3 0.942945 0.109059 0.013031 0.019244
0 0.748173 0.268949 0.124789 0.224991
0 0.621585 0.270158 0.123440 0.222572
0 0.493536 0.271368 0.124115 0.224991
0 0.176504 0.271973 0.250927 0.218943
0 0.963041 0.956877 0.027825 0.049897