5 0.2905675459632294 0.2756797583081571 0.07034372501998401 0.03323262839879154
5 0.2749800159872102 0.324773413897281 0.0407673860911271 0.03927492447129909
5 0.27218225419664266 0.3723564954682779 0.03357314148681055 0.03625377643504532
1 0.26578737010391684 0.7598187311178247 0.012789768185451638 0.0256797583081571
5 0.30775379696243005 0.5158610271903323 0.10231814548361311 0.03625377643504532
5 0.2753796962430056 0.6140483383685801 0.042366107114308556 0.03323262839879154
5 0.2765787370103917 0.5657099697885196 0.03996802557953637 0.03625377643504532
4 0.9536370903277378 0.09138972809667674 0.060751398880895285 0.03172205438066465
0 0.8169464428457234 0.9735649546827795 0.09832134292565947 0.04380664652567976
0 0.9288569144684252 0.9720543806646526 0.10871302957633892 0.04380664652567976
3 0.04476418864908074 0.09516616314199396 0.042366107114308556 0.04380664652567976