0 0.140367 0.116118 0.065652 0.026056
0 0.078426 0.116235 0.033236 0.025577
3 0.953872 0.115665 0.016169 0.025739
5 0.091046 0.194849 0.113062 0.042837
0 0.205698 0.687910 0.111720 0.215965
0 0.046218 0.116282 0.012202 0.026170
0 0.320580 0.687947 0.111720 0.218288
0 0.320363 0.935084 0.112964 0.129831
0 0.778268 0.116575 0.063967 0.028289
0 0.254921 0.116869 0.137146 0.030468
0 0.865488 0.116001 0.085601 0.028145
0 0.205312 0.934631 0.111517 0.130738
0 0.090513 0.688208 0.112327 0.219452
0 0.434900 0.934977 0.111532 0.130046
0 0.924140 0.116585 0.013632 0.026467
0 0.474527 0.116102 0.075203 0.028760
4 0.098134 0.542746 0.115503 0.029112
3 0.102586 0.063245 0.043934 0.028365
4 0.017721 0.019748 0.025382 0.024288
0 0.380462 0.116107 0.091417 0.027505
0 0.583267 0.119116 0.117156 0.028365
0 0.695246 0.118686 0.077217 0.025786
0 0.955261 0.064787 0.017383 0.028011
0 0.925268 0.063487 0.015976 0.032286
0 0.895092 0.064798 0.015976 0.026313
0 0.896423 0.018549 0.009763 0.023208
0 0.926822 0.018119 0.012869 0.015472
0 0.956111 0.018119 0.013757 0.025786
0 0.984956 0.017260 0.014645 0.022348
0 0.091163 0.397044 0.111990 0.216076
0 0.090797 0.935084 0.111954 0.129831