0 0.898377 0.962761 0.030894 0.030977
0 0.093309 0.547446 0.016748 0.030946
0 0.174839 0.546903 0.018759 0.031830
0 0.039539 0.813950 0.018666 0.029888
0 0.517934 0.505414 0.074904 0.027659
5 0.302713 0.505767 0.069799 0.028366
0 0.070453 0.547860 0.017776 0.029804
0 0.101831 0.815546 0.069962 0.029283
0 0.258059 0.548852 0.016945 0.027847
3 0.183094 0.388152 0.082392 0.029558
5 0.428024 0.505132 0.069596 0.029065
0 0.049333 0.547326 0.018641 0.030706
0 0.048880 0.078603 0.064892 0.026247
0 0.058606 0.813864 0.017828 0.030042
0 0.932613 0.963534 0.027015 0.024807
3 0.514953 0.271110 0.081884 0.029927
0 0.022056 0.546868 0.019129 0.031759
0 0.167951 0.078841 0.055197 0.026111
0 0.335297 0.078287 0.056437 0.024745
0 0.420973 0.078291 0.086801 0.026165
0 0.020010 0.813775 0.018737 0.030726
0 0.546948 0.348486 0.020114 0.029033
0 0.112654 0.547491 0.015766 0.031035
0 0.293072 0.548209 0.019344 0.030501
0 0.134389 0.547984 0.015498 0.030051
3 0.651476 0.078343 0.039334 0.026176
0 0.109993 0.078927 0.033643 0.023857
0 0.272710 0.078586 0.040234 0.025437
0 0.223614 0.079382 0.030413 0.025357
0 0.049595 0.227116 0.039172 0.028041
0 0.496611 0.078947 0.038247 0.026494
3 0.240311 0.271981 0.194792 0.029698
0 0.974011 0.963030 0.037214 0.027367
3 0.573812 0.078091 0.091880 0.027457
5 0.176567 0.505111 0.069000 0.029024
3 0.201501 0.548542 0.026896 0.029197
5 0.175575 0.149788 0.068713 0.029616
0 0.968559 0.078564 0.022610 0.028700
3 0.148927 0.548667 0.014619 0.029447
3 0.232570 0.548496 0.027701 0.029105
5 0.473646 0.656171 0.063848 0.033341
3 0.273421 0.548145 0.014003 0.030373
5 0.473332 0.626772 0.063977 0.030012
5 0.057492 0.657594 0.095575 0.028609
5 0.378472 0.658972 0.126885 0.031366
5 0.222673 0.628507 0.186980 0.029300
5 0.378683 0.628207 0.124564 0.030165
0 0.134015 0.224131 0.093073 0.030538
0 0.274641 0.224624 0.162750 0.029553
5 0.222256 0.658906 0.186146 0.031498
5 0.057471 0.627528 0.094599 0.025612
0 0.116214 0.628513 0.019835 0.031523
0 0.116723 0.661021 0.019835 0.027583