5 0.530172 0.395102 0.068670 0.031535
5 0.530078 0.425263 0.068511 0.031701
5 0.530201 0.453977 0.068178 0.028761
5 0.530234 0.364903 0.068902 0.031386
5 0.530011 0.484248 0.068505 0.028817
5 0.666768 0.425552 0.068366 0.031534
5 0.666738 0.455749 0.068332 0.031701
5 0.666779 0.395386 0.068306 0.031448
5 0.666704 0.485973 0.068226 0.031891
5 0.733057 0.455477 0.068474 0.031773
5 0.733057 0.425289 0.068448 0.031619
5 0.666656 0.516118 0.068147 0.031786
5 0.733038 0.485702 0.068410 0.031927
5 0.530863 0.515966 0.066822 0.031836
5 0.733001 0.515795 0.068292 0.031842
5 0.733003 0.395182 0.068408 0.031569
5 0.666524 0.546493 0.067817 0.031839
5 0.733020 0.546324 0.068096 0.032096
5 0.667127 0.365069 0.066711 0.031522
5 0.732854 0.364980 0.068523 0.031735
5 0.463665 0.395340 0.068287 0.031768
5 0.463846 0.425600 0.066872 0.031916
5 0.462367 0.458835 0.064807 0.029433
1 0.827060 0.365473 0.012619 0.023823
5 0.462601 0.486104 0.066128 0.025105
0 0.082242 0.192045 0.019980 0.030850
1 0.826961 0.395675 0.012562 0.024115
1 0.826989 0.304502 0.013384 0.024573
1 0.826997 0.426085 0.012480 0.023846
1 0.827016 0.456482 0.012467 0.023756
0 0.163551 0.192145 0.017294 0.029318
1 0.827007 0.486775 0.012503 0.023859
5 0.463543 0.516186 0.068206 0.031932
0 0.969853 0.081640 0.021034 0.025320
5 0.530483 0.304742 0.066955 0.027702
5 0.463571 0.365411 0.067215 0.031849
0 0.106501 0.193036 0.018399 0.027637
5 0.873883 0.394742 0.068102 0.032065
5 0.732994 0.306160 0.068532 0.030537
0 0.019195 0.191765 0.018987 0.030289
1 0.827047 0.517032 0.012605 0.023989
0 0.937382 0.082310 0.016636 0.027911
0 0.226886 0.191914 0.018814 0.030588
0 0.207200 0.192011 0.019186 0.030781
5 0.667320 0.305072 0.066203 0.031825
5 0.872810 0.424960 0.066304 0.032207
5 0.872539 0.455240 0.065953 0.032287
0 0.038323 0.192172 0.017435 0.029373
0 0.183204 0.191939 0.018592 0.030637
0 0.057266 0.192630 0.016870 0.028557
5 0.872995 0.485623 0.066829 0.032428
1 0.791583 0.366650 0.012057 0.024308
0 0.125930 0.191339 0.017167 0.030739
1 0.791547 0.396958 0.011945 0.023945
1 0.826745 0.334867 0.012640 0.023894
5 0.622930 0.517144 0.022119 0.028317
5 0.623362 0.395260 0.021194 0.030556
1 0.826956 0.547529 0.012566 0.024203
1 0.791290 0.336614 0.011884 0.024187
5 0.623380 0.485865 0.021231 0.030752
5 0.873991 0.364610 0.068237 0.031925
5 0.623599 0.425414 0.020775 0.030704
5 0.462560 0.546208 0.066209 0.031420
5 0.623175 0.365080 0.021715 0.030765
1 0.791549 0.427368 0.011848 0.023697
5 0.623157 0.455605 0.021678 0.030759
5 0.530038 0.546828 0.068152 0.033511
0 0.144729 0.191753 0.017600 0.030266
5 0.529633 0.335098 0.066148 0.030343
5 0.732828 0.335526 0.068366 0.030684
5 0.622873 0.547788 0.022005 0.029007
0 0.907188 0.082663 0.015242 0.028481
1 0.791563 0.457787 0.011944 0.023837
1 0.791597 0.306323 0.010834 0.025435
5 0.872785 0.515256 0.066355 0.030862
1 0.018219 0.516879 0.013295 0.024929
1 0.018128 0.365136 0.013547 0.024446
1 0.791624 0.487480 0.011944 0.024202
1 0.018175 0.486263 0.013449 0.025192
1 0.018079 0.395025 0.013583 0.025350
5 0.667383 0.335373 0.066330 0.031076
1 0.791629 0.517389 0.011999 0.024271
1 0.018148 0.455782 0.013461 0.025199
5 0.622879 0.305956 0.022016 0.028398
1 0.018089 0.425413 0.013518 0.025257
1 0.018062 0.303530 0.013799 0.025395
1 0.791697 0.547506 0.011899 0.025024
1 0.018147 0.546401 0.013453 0.024558
1 0.017960 0.269286 0.013632 0.026287
3 0.035907 0.082679 0.038438 0.031880
5 0.941259 0.395160 0.069124 0.032549
0 0.467523 0.193656 0.150142 0.030609
5 0.941178 0.364982 0.069463 0.032555
5 0.874225 0.545524 0.067606 0.030405
1 0.018018 0.334666 0.013461 0.023139
5 0.941042 0.425251 0.068766 0.032557
0 0.317229 0.193825 0.149967 0.029216
5 0.941169 0.455527 0.068976 0.032625
5 0.873950 0.303826 0.067296 0.034306
5 0.463951 0.305892 0.067082 0.030002
5 0.941308 0.485772 0.069358 0.032622
5 0.463833 0.335577 0.066845 0.030687
0 0.977295 0.229616 0.012962 0.026380
0 0.931094 0.964725 0.023321 0.029111
5 0.623334 0.335591 0.021138 0.028802
0 0.956870 0.022844 0.014854 0.024054
0 0.249804 0.336278 0.015022 0.030422
5 0.874095 0.335437 0.067668 0.030928
5 0.941032 0.304163 0.068315 0.033912
5 0.941360 0.515995 0.069575 0.032582
5 0.941242 0.334985 0.068294 0.031738
0 0.972596 0.964574 0.040894 0.032108
0 0.071735 0.024692 0.017431 0.026836
5 0.941418 0.549503 0.067754 0.031246