0 0.199353 0.817044 0.113707 0.031860
5 0.157633 0.149485 0.068215 0.029904
0 0.127174 0.815566 0.021517 0.031296
5 0.424982 0.350164 0.038781 0.028932
5 0.468238 0.311229 0.126312 0.032004
0 0.326564 0.817634 0.132544 0.030660
0 0.459416 0.817302 0.131697 0.031083
5 0.157018 0.188938 0.068215 0.030249
5 0.158769 0.350947 0.070132 0.028117
5 0.382413 0.150074 0.069737 0.028701
5 0.741592 0.683804 0.068077 0.032015
5 0.741513 0.715093 0.068082 0.033364
5 0.808250 0.684177 0.067800 0.032154
5 0.741609 0.653536 0.068079 0.032065
0 0.164561 0.077371 0.062880 0.026180
0 0.082626 0.816305 0.018776 0.028002
0 0.930414 0.964130 0.027370 0.028451
0 0.242594 0.078294 0.067637 0.025241
5 0.808187 0.715259 0.067571 0.033156
0 0.970194 0.079085 0.020980 0.025473
0 0.331547 0.078108 0.083779 0.026722
0 0.937880 0.079748 0.017522 0.027740
5 0.808277 0.653901 0.067832 0.032289
0 0.102553 0.816429 0.019520 0.028250
5 0.335533 0.505025 0.102646 0.035019
5 0.175734 0.504510 0.218653 0.035060
5 0.741588 0.623252 0.068151 0.032064
0 0.039387 0.814988 0.018614 0.030129
0 0.067847 0.078010 0.103073 0.026385
5 0.544134 0.310652 0.026456 0.030850
1 0.637993 0.684424 0.015893 0.028621
5 0.335473 0.535533 0.102751 0.027841
0 0.553147 0.816454 0.021039 0.029387
5 0.224288 0.350099 0.038836 0.028803
0 0.020035 0.814820 0.018289 0.029804
5 0.741553 0.593080 0.068277 0.032103
5 0.808241 0.623631 0.067859 0.032376
1 0.637967 0.654204 0.015941 0.028764
0 0.213560 0.187350 0.020339 0.031833
5 0.175947 0.536099 0.218805 0.028119
3 0.403718 0.077933 0.035854 0.024405
0 0.058895 0.816664 0.019714 0.026338
1 0.637954 0.623892 0.016080 0.028797
5 0.741684 0.562842 0.068708 0.032318
1 0.637932 0.593488 0.016298 0.028954
1 0.637919 0.532510 0.016586 0.028637
1 0.638007 0.502147 0.016529 0.028286
1 0.637897 0.562999 0.016511 0.028843
5 0.741045 0.532590 0.067717 0.032482
5 0.808189 0.593382 0.067867 0.032450
5 0.335511 0.563416 0.102770 0.033026
1 0.638001 0.715308 0.016329 0.029510
5 0.741623 0.503206 0.066561 0.030681
5 0.175889 0.563434 0.218850 0.034028
0 0.908029 0.079745 0.016033 0.027308
5 0.224168 0.311171 0.036962 0.029508
1 0.019280 0.684482 0.013491 0.026370
5 0.808687 0.532937 0.066810 0.032623
1 0.019296 0.532425 0.013100 0.025429
5 0.335613 0.593684 0.102745 0.032711
5 0.808696 0.563188 0.066829 0.032692
5 0.336088 0.624387 0.102827 0.032829
1 0.019308 0.562812 0.013303 0.025923
1 0.019317 0.654188 0.013492 0.026386
0 0.971156 0.962715 0.037195 0.026711
5 0.175911 0.593677 0.218669 0.033896
5 0.808911 0.503189 0.066503 0.030646
1 0.019327 0.623853 0.013467 0.026581
1 0.019319 0.593335 0.013400 0.026342
1 0.019313 0.715063 0.013367 0.026014
1 0.019248 0.502191 0.013032 0.024614
0 0.063638 0.265395 0.066957 0.032396
5 0.336032 0.654653 0.102945 0.032814
5 0.158579 0.311798 0.067649 0.028380
5 0.662209 0.683557 0.033430 0.031244
5 0.176051 0.624299 0.219181 0.033047
5 0.662136 0.714558 0.032889 0.032031
5 0.335644 0.715794 0.103103 0.033552
5 0.335857 0.684858 0.103257 0.032560
5 0.662176 0.653266 0.033568 0.031258
5 0.398840 0.533570 0.026245 0.032158
5 0.398879 0.715362 0.026199 0.031766
5 0.398950 0.624331 0.026436 0.031651
5 0.176124 0.684861 0.219412 0.033355
5 0.519350 0.504058 0.217820 0.031242
5 0.398917 0.654691 0.026489 0.031706
5 0.398787 0.684466 0.026858 0.030147
5 0.176115 0.654761 0.219665 0.033769
5 0.662291 0.532216 0.033402 0.031308
5 0.662264 0.562623 0.033108 0.031450
5 0.662206 0.592955 0.033182 0.031299
5 0.175716 0.715604 0.219180 0.034401
5 0.662184 0.623029 0.033557 0.031277
5 0.398928 0.594216 0.026320 0.031434
5 0.398875 0.564082 0.026269 0.031771
5 0.398796 0.503905 0.026331 0.029092
5 0.520616 0.532881 0.218968 0.034381
5 0.700908 0.714294 0.016368 0.031686
5 0.700817 0.683448 0.016361 0.030897
5 0.662284 0.503858 0.033176 0.027589
5 0.700825 0.653095 0.016329 0.030955
5 0.520977 0.563537 0.219088 0.033585
5 0.685800 0.683388 0.016065 0.031162
5 0.893659 0.684515 0.106797 0.027816
5 0.700831 0.622811 0.016204 0.031021
5 0.521196 0.593671 0.219142 0.033620
5 0.685569 0.714216 0.015951 0.031992
5 0.685765 0.653110 0.016037 0.031171
5 0.521329 0.624039 0.219071 0.033518
5 0.047263 0.653361 0.041476 0.031753
0 0.198598 0.310808 0.013785 0.030735
5 0.047384 0.683422 0.041239 0.030965
5 0.521388 0.654376 0.218743 0.033569
5 0.047325 0.622828 0.041524 0.031134
5 0.893218 0.715152 0.106128 0.033192
5 0.700830 0.592596 0.016157 0.031103
5 0.047343 0.592442 0.041526 0.031012
0 0.962753 0.425037 0.014738 0.027818
5 0.685775 0.622884 0.015995 0.031190
5 0.521482 0.684549 0.218452 0.033653
5 0.685790 0.592658 0.015993 0.031179
5 0.047473 0.562047 0.041380 0.030963
5 0.700812 0.562234 0.016145 0.031147
5 0.893490 0.654352 0.106360 0.033303
5 0.047257 0.532590 0.041138 0.031866
5 0.700777 0.532070 0.016250 0.031234
5 0.685789 0.562287 0.015929 0.031165
5 0.047332 0.713994 0.041141 0.031632
5 0.047054 0.502782 0.041000 0.029007
5 0.685704 0.533206 0.015870 0.029150
5 0.893686 0.624213 0.106744 0.033364
0 0.994845 0.135475 0.010106 0.027596
5 0.700720 0.503412 0.016146 0.028163
0 0.013491 0.928296 0.010383 0.021246
5 0.520849 0.715233 0.219240 0.034283
3 0.994181 0.889544 0.011638 0.035878
5 0.893688 0.593911 0.106740 0.033662
0 0.044248 0.026214 0.019666 0.040471
5 0.685841 0.503615 0.013237 0.028568
5 0.894659 0.504087 0.105574 0.030823
5 0.957150 0.504463 0.019407 0.033078
5 0.958120 0.535662 0.020571 0.030823
5 0.894659 0.535286 0.106350 0.031575
5 0.894853 0.564982 0.106738 0.026312
5 0.957538 0.566861 0.019407 0.030071
5 0.957732 0.596933 0.019019 0.028568
5 0.957344 0.625124 0.019795 0.029320
5 0.957150 0.656323 0.019407 0.031575
5 0.957538 0.687146 0.019407 0.028568
5 0.957150 0.716466 0.021736 0.028568