5 0.436564 0.576668 0.106166 0.027724
5 0.279499 0.499057 0.105703 0.030576
5 0.260464 0.221010 0.069601 0.028696
5 0.437101 0.535191 0.106257 0.024759
5 0.437138 0.499751 0.105348 0.030060
5 0.280095 0.576242 0.106895 0.028777
5 0.242598 0.460312 0.030918 0.029268
5 0.279499 0.537560 0.105703 0.029497
5 0.398686 0.182447 0.030410 0.029656
5 0.417415 0.221527 0.068851 0.029730
5 0.399459 0.460724 0.029989 0.030091
5 0.259191 0.420764 0.063722 0.030161
5 0.241476 0.181434 0.031625 0.029534
0 0.514095 0.181556 0.025042 0.031684
5 0.418096 0.420797 0.069230 0.030228
0 0.962146 0.009651 0.014881 0.019301
0 0.162604 0.110617 0.110524 0.028558
0 0.502368 0.460017 0.023990 0.028678
0 0.946626 0.009501 0.014422 0.019001
0 0.966965 0.109119 0.021163 0.026604
0 0.055833 0.109472 0.073400 0.026437
0 0.502302 0.420425 0.023675 0.029483
0 0.968862 0.959151 0.038678 0.034692
3 0.249431 0.109867 0.036392 0.024853
0 0.502918 0.573964 0.022719 0.031082
0 0.502622 0.496956 0.022410 0.031868
0 0.502707 0.535685 0.023034 0.031754
0 0.150269 0.333620 0.079348 0.035885
0 0.983569 0.010221 0.027157 0.020442
0 0.300670 0.420625 0.016893 0.027978
5 0.231563 0.260940 0.010816 0.030472
0 0.925853 0.052086 0.015495 0.025607
0 0.953519 0.052007 0.015623 0.024122
0 0.062684 0.330931 0.071288 0.035234
0 0.227384 0.332360 0.044739 0.036186
0 0.287119 0.326646 0.055064 0.032377