5 0.889336 0.131571 0.123983 0.029347
4 0.084163 0.322177 0.157526 0.028821
4 0.084534 0.904715 0.155949 0.029348
4 0.063435 0.554809 0.113942 0.027247
0 0.582608 0.339194 0.022629 0.036758
0 0.386854 0.849345 0.023513 0.037067
4 0.065886 0.594109 0.119419 0.027018
0 0.777861 0.593918 0.022996 0.037445
4 0.084565 0.282885 0.159109 0.027755
4 0.083832 0.671711 0.152420 0.027322
4 0.074779 0.438637 0.142221 0.027071
4 0.082221 0.866231 0.150179 0.026062
4 0.079600 0.632730 0.146381 0.028305
4 0.062255 0.477544 0.110657 0.028010
0 0.386759 0.339616 0.022941 0.036452
4 0.070895 0.827509 0.128593 0.028061
4 0.087865 0.244646 0.166449 0.028503
4 0.067590 0.399728 0.125947 0.026872
4 0.092382 0.943652 0.169722 0.027117
4 0.065602 0.516129 0.117364 0.026462
4 0.064583 0.710731 0.116045 0.026883
4 0.086478 0.360725 0.164097 0.027662
4 0.085898 0.788725 0.157986 0.027434
4 0.092928 0.749411 0.171092 0.028372
0 0.386635 0.594166 0.023063 0.036457
4 0.065053 0.982418 0.118851 0.027612
4 0.093275 0.204564 0.178947 0.026547
0 0.582411 0.593847 0.022466 0.037026
4 0.286926 0.504098 0.140761 0.054064
4 0.269770 0.766825 0.113153 0.066202
4 0.695897 0.507446 0.168946 0.065547
4 0.478430 0.504510 0.133582 0.053240
4 0.498610 0.248759 0.168579 0.055717
4 0.297267 0.247295 0.166805 0.050852
0 0.960528 0.128326 0.018246 0.028051