0 0.782279 0.083075 0.106638 0.028961
0 0.704951 0.081592 0.041948 0.028852
0 0.886988 0.082000 0.097011 0.029667
0 0.504295 0.225884 0.017799 0.030901
0 0.666599 0.081723 0.027906 0.029114
0 0.068435 0.265837 0.082200 0.035203
0 0.949288 0.079372 0.016939 0.028987
0 0.485336 0.225997 0.016653 0.030535
0 0.994006 0.077734 0.011959 0.026811
0 0.944595 0.846920 0.017557 0.033994
0 0.168142 0.262855 0.095870 0.037138
0 0.241150 0.266426 0.028024 0.027139
0 0.290560 0.267855 0.042773 0.027139
0 0.358407 0.266426 0.075221 0.032853
0 0.435103 0.263570 0.061947 0.027139
0 0.502212 0.266426 0.057522 0.032853
0 0.578909 0.259999 0.078171 0.034281
0 0.641962 0.264284 0.027286 0.031425
0 0.682153 0.264284 0.032448 0.031425
0 0.734882 0.266426 0.058260 0.029996
0 0.807891 0.261427 0.058260 0.039995