0 0.068316 0.586487 0.050570 0.036808
0 0.128517 0.588036 0.051566 0.037707
3 0.870490 0.529060 0.157136 0.038422
5 0.489278 0.528281 0.157136 0.039061
5 0.149762 0.528467 0.066939 0.039433
5 0.271443 0.527812 0.157136 0.040320
0 0.934593 0.379052 0.049353 0.041664
5 0.654924 0.528182 0.157136 0.038864
3 0.911224 0.062143 0.108570 0.031787
0 0.814896 0.064074 0.019044 0.032755
0 0.083284 0.224102 0.080561 0.036940
0 0.840443 0.064231 0.017009 0.031569
0 0.795483 0.112061 0.018420 0.041827
0 0.725489 0.111372 0.023411 0.041007
0 0.325785 0.224937 0.097731 0.037758
0 0.918709 0.836730 0.025528 0.034062
0 0.984924 0.009352 0.026350 0.018704
1 0.031284 0.703382 0.011508 0.021753
1 0.031609 0.668007 0.011377 0.020919
1 0.032032 0.740619 0.010080 0.020193
0 0.073602 0.838266 0.079131 0.037133
3 0.092359 0.380391 0.072827 0.039946
0 0.962588 0.011000 0.014727 0.022000
0 0.072648 0.071744 0.113693 0.041954
0 0.892759 0.837585 0.025237 0.033573
0 0.946438 0.009936 0.015291 0.019872
0 0.160824 0.041778 0.053892 0.024173
0 0.028364 0.143962 0.028364 0.050543
0 0.069775 0.147808 0.031768 0.036259
0 0.113740 0.145610 0.036873 0.038457
0 0.167347 0.145061 0.045382 0.046148
0 0.945371 0.836730 0.028931 0.034062
0 0.160824 0.838378 0.091332 0.037358
1 0.030066 0.480732 0.017018 0.023074