0 0.758258 0.172218 0.020685 0.031742
3 0.083153 0.172623 0.075418 0.030194
0 0.955961 0.171171 0.020232 0.029649
0 0.935562 0.078432 0.068437 0.028552
0 0.934889 0.171505 0.020384 0.028729
0 0.883815 0.171273 0.016211 0.026677
0 0.945465 0.974704 0.043210 0.026896
0 0.908273 0.171061 0.014002 0.026253
0 0.858444 0.171139 0.015330 0.026409
0 0.833790 0.169413 0.014656 0.029306
0 0.036115 0.975247 0.058706 0.028951
0 0.985620 0.973850 0.016705 0.027825
0 0.808546 0.172100 0.017617 0.028332
0 0.733760 0.169015 0.015011 0.031286
0 0.783346 0.171092 0.015577 0.029490
3 0.500062 0.132541 0.015666 0.028568
0 0.708992 0.169085 0.014648 0.030824