5 0.586378 0.755596 0.070721 0.031497
5 0.291203 0.756243 0.070343 0.029861
0 0.959080 0.965094 0.036368 0.030033
0 0.024168 0.964897 0.028671 0.029640
3 0.245566 0.864212 0.125639 0.031907
0 0.918434 0.966559 0.034282 0.031498
5 0.602475 0.506938 0.194306 0.030096
3 0.201384 0.755091 0.088117 0.031952
5 0.602171 0.361726 0.194948 0.029002
5 0.665409 0.755920 0.032883 0.030679
5 0.779820 0.755542 0.064292 0.031388
5 0.488238 0.755651 0.072612 0.031607
5 0.602546 0.432270 0.196730 0.029810
5 0.861697 0.755563 0.032902 0.029966
5 0.483760 0.662610 0.188853 0.033405
5 0.137471 0.433986 0.194010 0.031416
5 0.834846 0.361464 0.195522 0.029943
5 0.703615 0.756929 0.032902 0.029768
0 0.794120 0.658553 0.033785 0.022544
0 0.626564 0.658582 0.082636 0.028066
5 0.369299 0.361361 0.193253 0.028273
3 0.145980 0.360767 0.211784 0.030015
0 0.873369 0.658834 0.024307 0.023172
5 0.899894 0.755429 0.032146 0.031162
0 0.836629 0.658435 0.029211 0.022835
0 0.721932 0.659154 0.088840 0.026141
0 0.911957 0.658968 0.030407 0.023972
5 0.397852 0.755718 0.086983 0.031741
0 0.944435 0.659622 0.014398 0.026036
0 0.949230 0.098288 0.021685 0.036032
2 0.940248 0.360813 0.015224 0.028493
5 0.044650 0.753742 0.014953 0.028640
0 0.708292 0.431986 0.015178 0.030072
0 0.335132 0.755636 0.016471 0.027182
0 0.707637 0.505204 0.016532 0.032991
0 0.728510 0.756492 0.017643 0.030358
0 0.708119 0.360222 0.016260 0.029675
0 0.924330 0.756091 0.016725 0.029557
0 0.631071 0.755315 0.016602 0.029469
0 0.994055 0.965260 0.011890 0.031150
0 0.475758 0.359809 0.018153 0.029037
0 0.994032 0.078099 0.011845 0.026614
0 0.532654 0.755963 0.016180 0.032230
0 0.067879 0.198702 0.080703 0.037024
0 0.243719 0.431368 0.017184 0.029750
0 0.137758 0.196572 0.030088 0.041138
0 0.188791 0.196572 0.049558 0.036567
0 0.269027 0.197143 0.084956 0.035424
0 0.373746 0.198857 0.097345 0.034281
0 0.446018 0.197143 0.034218 0.033139
0 0.498820 0.196001 0.058407 0.033139
0 0.577581 0.198286 0.079056 0.030853