0 0.934114 0.973726 0.051703 0.027394
0 0.982491 0.974262 0.024381 0.024968
0 0.875483 0.973978 0.046699 0.025191
0 0.144441 0.169519 0.095389 0.027895
0 0.959858 0.029322 0.020883 0.036887
0 0.220361 0.084757 0.019887 0.032785
0 0.814799 0.974335 0.053993 0.025214
0 0.134543 0.974014 0.017176 0.025936
0 0.967354 0.402577 0.013674 0.025710
0 0.926809 0.350467 0.012885 0.023252
0 0.160113 0.972091 0.013289 0.024297
0 0.185012 0.973420 0.015654 0.026673
0 0.085222 0.974574 0.015541 0.028060
0 0.109392 0.974563 0.014952 0.027609
5 0.064038 0.130178 0.121023 0.031742
0 0.924246 0.910282 0.049646 0.027981
0 0.952511 0.350148 0.010975 0.022275
0 0.977619 0.349891 0.012869 0.023904
0 0.044018 0.029252 0.016790 0.032252
0 0.923854 0.861732 0.049336 0.027578
0 0.159856 0.128143 0.012947 0.028867
0 0.048445 0.169062 0.091428 0.023806
0 0.059556 0.974260 0.012943 0.026847
0 0.947122 0.403945 0.012321 0.027052
0 0.185367 0.128173 0.013746 0.028046
0 0.923468 0.778055 0.048538 0.027935
0 0.907643 0.351080 0.012304 0.022983
0 0.924036 0.544824 0.047803 0.025584
0 0.923731 0.739819 0.047874 0.026842
0 0.923664 0.816783 0.047909 0.025925
0 0.923126 0.583941 0.047286 0.025621
0 0.923774 0.622891 0.048174 0.027602
0 0.924158 0.501116 0.048387 0.028222
0 0.135611 0.129384 0.017207 0.026981
0 0.924098 0.662935 0.049542 0.024905
0 0.923720 0.702124 0.048786 0.024173
0 0.212021 0.352362 0.015978 0.019045
0 0.222468 0.401761 0.015978 0.022616
0 0.019442 0.086382 0.020113 0.027269