3 0.897181 0.193837 0.125618 0.030532
3 0.762765 0.192796 0.125510 0.032530
3 0.226803 0.192811 0.124059 0.032561
3 0.628786 0.192874 0.126243 0.032687
3 0.361053 0.192478 0.124923 0.031894
3 0.494724 0.192853 0.125699 0.032645
0 0.944621 0.966225 0.095588 0.034689
1 0.030556 0.499874 0.014858 0.026119
1 0.030456 0.441705 0.014912 0.026023
1 0.030467 0.557916 0.015226 0.026427
1 0.030492 0.802690 0.014590 0.026559
1 0.030386 0.615724 0.015061 0.027124
1 0.030462 0.732913 0.014548 0.026170
1 0.030480 0.674487 0.014940 0.026988
3 0.082534 0.194093 0.106739 0.031044
1 0.030330 0.391127 0.015160 0.028970
3 0.044494 0.085675 0.037597 0.028266
0 0.928297 0.023694 0.015151 0.026831
0 0.022183 0.965451 0.028563 0.031100
0 0.928438 0.339343 0.044168 0.028459
0 0.956640 0.022905 0.015271 0.024071
0 0.967609 0.339782 0.015504 0.029025
0 0.901667 0.023175 0.014756 0.025576
0 0.512512 0.290378 0.019201 0.025680
0 0.490606 0.290350 0.020995 0.025623
0 0.098553 0.023762 0.013113 0.025026
0 0.144595 0.192345 0.017383 0.031629
0 0.071376 0.024510 0.013169 0.038771
0 0.916825 0.251521 0.067952 0.041831
0 0.874421 0.343346 0.047408 0.033669
3 0.500421 0.028081 0.217025 0.043872