1 0.197311 0.572347 0.018207 0.034533
0 0.790622 0.184127 0.025197 0.039672
0 0.936766 0.296573 0.026665 0.043164
5 0.375799 0.304749 0.178835 0.040471
5 0.376721 0.250590 0.179449 0.041661
1 0.197110 0.692198 0.018030 0.033411
5 0.693830 0.251185 0.175762 0.042852
1 0.197331 0.750789 0.017917 0.034326
3 0.894583 0.209932 0.111252 0.043669
5 0.079892 0.211075 0.097099 0.043574
0 0.776760 0.943358 0.026353 0.039281
1 0.197082 0.513292 0.017661 0.034007
5 0.694752 0.303559 0.178835 0.040471
5 0.082043 0.296417 0.102630 0.042852
5 0.375799 0.359344 0.177606 0.042530
0 0.215383 0.109382 0.082828 0.041021
3 0.068894 0.091947 0.085070 0.036874
0 0.814957 0.940899 0.035220 0.030291
0 0.881475 0.293906 0.069935 0.035886
5 0.319875 0.184527 0.258727 0.040471
1 0.197289 0.810243 0.017478 0.032220
0 0.928638 0.390628 0.024182 0.038441
5 0.693830 0.357124 0.176991 0.042852
0 0.947807 0.085376 0.017659 0.029760
5 0.033992 0.766295 0.015633 0.030918
5 0.034088 0.599058 0.015789 0.031253
5 0.034337 0.515171 0.015365 0.030384
5 0.034038 0.933373 0.015746 0.030196
3 0.952741 0.388667 0.024213 0.044042
1 0.196243 0.631753 0.018373 0.035539
5 0.034381 0.682543 0.016684 0.030713
5 0.034260 0.849585 0.016372 0.030408
0 0.864692 0.387331 0.031006 0.025263
0 0.900650 0.388040 0.014417 0.029417
0 0.723648 0.180102 0.095782 0.034898
0 0.994207 0.077956 0.011486 0.025144
0 0.474727 0.358274 0.018045 0.042931
0 0.475014 0.252302 0.017770 0.042998
0 0.460239 0.183457 0.018909 0.040230
0 0.474654 0.305325 0.018961 0.041701
0 0.794249 0.304677 0.017814 0.038236
0 0.143874 0.297316 0.017551 0.043434
0 0.141347 0.210714 0.022124 0.042852
0 0.316802 0.110727 0.092797 0.042852
0 0.792466 0.251780 0.020280 0.041661
0 0.792773 0.359504 0.019666 0.042852
5 0.237832 0.574953 0.049164 0.061897
5 0.235681 0.636254 0.048550 0.058326
5 0.235681 0.692795 0.047321 0.054755
5 0.235374 0.752311 0.049164 0.064277
5 0.235374 0.812422 0.047935 0.058326
5 0.284845 0.574953 0.046091 0.061897
5 0.284538 0.634086 0.047935 0.056371
5 0.283616 0.693985 0.049779 0.059516
5 0.284398 0.753501 0.048885 0.059516
5 0.284398 0.813663 0.048885 0.060807
5 0.383034 0.573539 0.149280 0.056270
5 0.383257 0.632406 0.147940 0.059733
5 0.383257 0.692571 0.148833 0.058867
5 0.382810 0.751871 0.148833 0.059733
5 0.382810 0.813335 0.148833 0.059733
5 0.533208 0.573972 0.151068 0.055404
5 0.532314 0.634137 0.150174 0.061464
5 0.532538 0.693869 0.149727 0.059733
5 0.532314 0.754901 0.150174 0.062330
5 0.532761 0.815499 0.150174 0.060598
5 0.683829 0.576136 0.150174 0.058001
5 0.683606 0.635003 0.152409 0.059733
5 0.683159 0.693869 0.150621 0.058001
5 0.682936 0.751871 0.150174 0.059733
5 0.682712 0.812902 0.148833 0.062330
5 0.777465 0.573972 0.036203 0.058867
5 0.777465 0.635868 0.036203 0.061464
5 0.776571 0.693869 0.035309 0.058001
5 0.777018 0.752736 0.036203 0.058001
5 0.776348 0.814200 0.038437 0.061464