5 0.338048 0.672300 0.074734 0.028903
5 0.338030 0.699903 0.074714 0.029178
5 0.338084 0.644900 0.074726 0.028767
5 0.338017 0.727760 0.074621 0.029444
5 0.275799 0.644878 0.051961 0.028405
5 0.226722 0.644913 0.048958 0.028522
5 0.338064 0.617776 0.074716 0.028629
5 0.275793 0.672402 0.051900 0.028457
5 0.226730 0.672453 0.049048 0.028592
5 0.338101 0.755386 0.074566 0.028982
5 0.275847 0.617490 0.052105 0.028621
5 0.507841 0.365611 0.080439 0.022890
5 0.275818 0.700042 0.051800 0.028663
5 0.276090 0.755493 0.052031 0.028320
5 0.938391 0.617506 0.087277 0.029437
5 0.226741 0.700106 0.049041 0.028725
5 0.226708 0.617537 0.048924 0.028728
5 0.611445 0.617603 0.045217 0.028129
5 0.145655 0.366876 0.055798 0.023072
5 0.275839 0.727930 0.051795 0.028826
5 0.611396 0.700067 0.045427 0.028230
5 0.145470 0.335728 0.057159 0.022303
5 0.611373 0.672441 0.045341 0.028004
5 0.276059 0.783096 0.052094 0.028315
5 0.611362 0.644968 0.045216 0.027877
5 0.938288 0.589961 0.087153 0.029826
5 0.226749 0.727972 0.049003 0.028892
5 0.338031 0.782933 0.074556 0.028756
5 0.938479 0.644791 0.087414 0.029359
5 0.507708 0.399333 0.080706 0.024031
5 0.226749 0.755776 0.048969 0.028487
0 0.486309 0.226674 0.052075 0.031317
5 0.611528 0.590184 0.045087 0.028362
5 0.611349 0.727967 0.045313 0.028475
5 0.275740 0.810967 0.052373 0.028371
5 0.275922 0.590330 0.052412 0.028710
5 0.337755 0.590565 0.073686 0.028730
5 0.938529 0.562629 0.087352 0.029278
5 0.226746 0.783310 0.048583 0.027770
5 0.611678 0.562959 0.044978 0.027410
0 0.433457 0.227056 0.052563 0.031079
5 0.338030 0.810815 0.074215 0.029039
5 0.226784 0.590304 0.049046 0.028320
5 0.938530 0.672382 0.087611 0.029554
5 0.519096 0.335617 0.102499 0.021312
5 0.869730 0.590352 0.051721 0.029220
0 0.021827 0.132903 0.030054 0.021867
5 0.145818 0.303042 0.056990 0.021534
5 0.611357 0.755761 0.045275 0.028070
5 0.564924 0.302861 0.195260 0.023679
5 0.226833 0.811203 0.048925 0.027757
5 0.221726 0.366876 0.057468 0.023072
5 0.451911 0.672124 0.024734 0.027854
0 0.105910 0.226432 0.047360 0.030545
5 0.938479 0.700330 0.087556 0.029158
5 0.869719 0.617828 0.051544 0.028802
5 0.451893 0.755304 0.024531 0.027884
0 0.092613 0.132927 0.027226 0.022051
5 0.869806 0.562809 0.051960 0.028802
5 0.451886 0.727489 0.024569 0.028410
5 0.451868 0.699600 0.024662 0.027995
0 0.058067 0.133034 0.039356 0.022904
5 0.451988 0.644699 0.024809 0.027574
5 0.611559 0.811055 0.045323 0.028180
0 0.371936 0.226521 0.068791 0.030539
5 0.452099 0.562726 0.024956 0.028082
5 0.611182 0.783301 0.044842 0.027641
5 0.869765 0.645233 0.051416 0.028523
5 0.452052 0.617483 0.024882 0.027787
5 0.938465 0.728330 0.087584 0.029580
1 0.472704 0.433043 0.011298 0.019558
5 0.452052 0.590075 0.025147 0.028187
0 0.216099 0.133097 0.030231 0.021008
5 0.869797 0.672743 0.051357 0.028455
5 0.938445 0.756130 0.087624 0.029134
0 0.157235 0.504208 0.026932 0.022282
5 0.938473 0.783837 0.088414 0.029786
0 0.123364 0.132728 0.030609 0.020956
0 0.052511 0.226346 0.056673 0.031265
0 0.380862 0.562974 0.012005 0.025538
0 0.073744 0.503906 0.038062 0.022740
3 0.115363 0.811365 0.062000 0.027673
5 0.491094 0.672689 0.056383 0.028362
5 0.869844 0.700383 0.051333 0.028471
0 0.118186 0.504165 0.048094 0.022318
5 0.338235 0.562765 0.073956 0.028397
0 0.150535 0.226905 0.039697 0.030147
5 0.491130 0.645174 0.056609 0.028158
0 0.169329 0.132893 0.057992 0.022095
5 0.938648 0.811967 0.088934 0.027921
5 0.491050 0.700293 0.056279 0.028304
5 0.213612 0.431848 0.193652 0.023799
5 0.491115 0.617866 0.056697 0.028330
5 0.451828 0.782657 0.024454 0.027771
0 0.249269 0.133226 0.032160 0.022229
5 0.406928 0.672516 0.065289 0.027923
0 0.416450 0.974434 0.022081 0.035908
5 0.491132 0.728099 0.056472 0.028512
5 0.491208 0.755832 0.056673 0.028477
5 0.491674 0.810557 0.056739 0.027709
5 0.562040 0.366836 0.023520 0.024270
5 0.491171 0.590395 0.056684 0.028518
5 0.214471 0.399305 0.193071 0.022303
3 0.115434 0.783182 0.061912 0.027199
0 0.264611 0.503892 0.032284 0.023378
5 0.491199 0.562953 0.056465 0.028024
5 0.938832 0.534571 0.087664 0.027381
0 0.979806 0.132949 0.011638 0.022706
5 0.406943 0.618079 0.065259 0.028400
5 0.406981 0.645159 0.065183 0.027779
5 0.869851 0.728289 0.051342 0.028784
0 0.036113 0.503738 0.033328 0.022478
5 0.276118 0.562838 0.052218 0.028356
5 0.491332 0.782994 0.057030 0.027801
0 0.980740 0.012430 0.016789 0.022984
5 0.451604 0.810485 0.025026 0.027687
5 0.406678 0.700089 0.064826 0.028130
5 0.761730 0.590743 0.167181 0.030152
5 0.655746 0.590915 0.045710 0.028257
5 0.407159 0.590932 0.066754 0.027641
5 0.869783 0.756080 0.051448 0.028240
0 0.187217 0.504027 0.029153 0.022416
3 0.115870 0.755507 0.060857 0.027011
5 0.655666 0.618286 0.045576 0.027772
0 0.985429 0.472004 0.013592 0.023222
0 0.297890 0.974497 0.018222 0.029265
5 0.656248 0.562911 0.045291 0.027882
5 0.533447 0.810690 0.028464 0.027640
0 0.316364 0.399356 0.013619 0.023739
5 0.762148 0.618801 0.166288 0.028561
0 0.579880 0.367019 0.011274 0.023704
5 0.406957 0.810882 0.065231 0.027673
5 0.656002 0.673353 0.045663 0.027521
5 0.869714 0.783511 0.051387 0.028140
5 0.656405 0.645790 0.044740 0.027686
5 0.407344 0.784158 0.064667 0.025709
5 0.761970 0.562871 0.166797 0.029891
5 0.407150 0.727895 0.065810 0.028360
0 0.179279 0.366876 0.012726 0.023072
5 0.656588 0.701113 0.044240 0.027789
0 0.225242 0.504206 0.043619 0.022769
0 0.947673 0.011514 0.014269 0.020456
0 0.307041 0.226404 0.059176 0.030115
0 0.987842 0.531355 0.011226 0.018727
0 0.985422 0.132780 0.023094 0.024796
0 0.982604 0.055248 0.015595 0.025193
0 0.914343 0.010459 0.015060 0.017928
5 0.869719 0.811197 0.051687 0.027663
5 0.533476 0.782727 0.028507 0.026783
0 0.328054 0.974354 0.021259 0.034755
5 0.413193 0.563213 0.054924 0.028919
5 0.226772 0.563099 0.048537 0.027090
5 0.407818 0.755759 0.067106 0.027715
3 0.115866 0.727764 0.060849 0.027214
5 0.870213 0.534423 0.050887 0.026426
5 0.655992 0.756573 0.045644 0.027298
0 0.988367 0.812851 0.012658 0.022700
3 0.115440 0.672607 0.061924 0.026879
0 0.988871 0.132590 0.014607 0.022966
5 0.656133 0.728970 0.045061 0.027810
1 0.988555 0.813791 0.011289 0.019674
0 0.484080 0.133203 0.065894 0.024795
0 0.255694 0.367289 0.012617 0.024667
3 0.115101 0.645046 0.062211 0.026669
5 0.656059 0.783952 0.045777 0.027225
0 0.307289 0.132435 0.081290 0.022303
0 0.399821 0.132435 0.101180 0.020765
0 0.224053 0.225493 0.106802 0.028456
4 0.601822 0.183579 0.097289 0.019996
0 0.179433 0.335486 0.012426 0.020522
0 0.317090 0.431991 0.012107 0.023072
4 0.609745 0.335617 0.075442 0.021312
3 0.115554 0.563916 0.060226 0.030851
3 0.115314 0.591768 0.061672 0.028280
3 0.115073 0.618762 0.060226 0.029137
3 0.115795 0.700603 0.061672 0.026566
5 0.533431 0.563375 0.026808 0.028456
5 0.533648 0.591062 0.028106 0.026918
5 0.533431 0.619133 0.027673 0.027687
5 0.533215 0.646820 0.028106 0.026149
5 0.532999 0.672584 0.028538 0.026918
5 0.533648 0.701809 0.028970 0.028456
5 0.533215 0.728727 0.028970 0.028456
5 0.533648 0.755644 0.028106 0.028456
5 0.655871 0.811402 0.044537 0.026149
5 0.761376 0.646435 0.165607 0.028456
5 0.761592 0.674122 0.165175 0.028456
5 0.760943 0.700655 0.165607 0.027687
5 0.761808 0.728727 0.167337 0.029994
5 0.761376 0.757182 0.164743 0.025380
5 0.762024 0.783331 0.166040 0.028456
5 0.761159 0.811787 0.165175 0.028456