3 0.112375 0.091975 0.146054 0.043998
5 0.502634 0.399908 0.143771 0.040502
5 0.222508 0.399481 0.144127 0.039159
0 0.213786 0.026529 0.039725 0.025289
5 0.477186 0.357487 0.092889 0.039963
0 0.061477 0.027235 0.060569 0.027181
0 0.283415 0.095555 0.019757 0.037022
5 0.696920 0.442010 0.043442 0.039799
0 0.348112 0.027150 0.076788 0.026351
0 0.163152 0.027550 0.030442 0.025185
0 0.271267 0.027302 0.051193 0.025797
0 0.257602 0.095365 0.020591 0.036947
0 0.120481 0.027022 0.026952 0.026834
0 0.224944 0.095052 0.020344 0.038988
0 0.308933 0.097989 0.019445 0.041712
5 0.197849 0.358320 0.093465 0.040633
5 0.176053 0.441062 0.050597 0.038806
0 0.020304 0.095460 0.021277 0.038420
0 0.277982 0.210986 0.101639 0.038299
5 0.451733 0.315707 0.042388 0.037188
1 0.440195 0.441887 0.014835 0.027682
0 0.421630 0.027396 0.044657 0.024847
5 0.688589 0.357852 0.025511 0.040670
0 0.023587 0.211818 0.023456 0.038134
0 0.201034 0.094180 0.021351 0.039624
5 0.197944 0.315503 0.093295 0.038936
0 0.012289 0.026606 0.018567 0.030089
0 0.365999 0.649932 0.020275 0.034069
0 0.018909 0.649060 0.018603 0.033444
0 0.561075 0.097753 0.025461 0.044184
0 0.117033 0.649729 0.019322 0.033706
0 0.473695 0.027965 0.031904 0.032580
0 0.619236 0.096125 0.023700 0.045440
0 0.592802 0.095697 0.022788 0.041153
0 0.535451 0.096554 0.023244 0.042868
0 0.051426 0.210583 0.026890 0.051441
0 0.137566 0.211869 0.136275 0.043725
5 0.696805 0.315963 0.043672 0.039856
5 0.171673 0.566100 0.042842 0.037724
5 0.447601 0.566351 0.034159 0.039043
5 0.968860 0.726996 0.062279 0.034976
5 0.969077 0.759531 0.061846 0.031722
5 0.918047 0.725369 0.039348 0.031722
5 0.918263 0.758718 0.038916 0.033349
5 0.855998 0.726182 0.086479 0.033349
5 0.856214 0.758718 0.086911 0.033349
5 0.801084 0.726996 0.025079 0.033349
5 0.801300 0.759938 0.024647 0.032536
5 0.765411 0.726182 0.047131 0.033349
5 0.765628 0.759125 0.047563 0.034162
5 0.648593 0.725776 0.187659 0.035789
5 0.647944 0.758718 0.188092 0.033349
5 0.472824 0.725776 0.165607 0.035789
5 0.472824 0.758311 0.163878 0.032536
5 0.347718 0.724962 0.086911 0.034162
5 0.347934 0.759125 0.086479 0.034162
5 0.296046 0.726182 0.016431 0.033349
5 0.296911 0.759125 0.016431 0.034162
5 0.210360 0.726589 0.155230 0.034162
5 0.210144 0.759125 0.156527 0.034162
5 0.105072 0.726182 0.055347 0.033349
5 0.105721 0.759125 0.054914 0.032536
5 0.061832 0.725776 0.031132 0.030909
5 0.061832 0.759125 0.031997 0.034162
5 0.026808 0.726996 0.038916 0.031722
5 0.027025 0.758311 0.037618 0.032536
0 0.048212 0.650131 0.020323 0.034162
0 0.070480 0.650944 0.022485 0.035789
0 0.093181 0.651757 0.021187 0.034162
0 0.137069 0.651351 0.017296 0.033349
3 0.151122 0.650131 0.010810 0.034162
3 0.187659 0.651351 0.009513 0.033349
3 0.216846 0.650131 0.010810 0.034162
0 0.174039 0.651351 0.017728 0.036603
0 0.202577 0.651757 0.016863 0.034162
0 0.241493 0.650944 0.022052 0.035789
0 0.267725 0.650537 0.027241 0.034976
0 0.297127 0.649317 0.028970 0.035789
0 0.328908 0.651757 0.018161 0.034162
3 0.343394 0.651351 0.009080 0.034976