3 0.112309 0.092490 0.146603 0.043444
5 0.484213 0.978399 0.136767 0.040178
0 0.259530 0.211593 0.020892 0.035047
0 0.287280 0.211151 0.021010 0.036740
0 0.229778 0.210085 0.021451 0.030772
5 0.483850 0.937043 0.137141 0.042298
0 0.200736 0.212902 0.021061 0.036676
0 0.172122 0.212278 0.021951 0.035417
0 0.283472 0.095632 0.019567 0.036503
3 0.664473 0.271465 0.499918 0.038885
0 0.257600 0.095590 0.020652 0.036711
0 0.224698 0.095299 0.022340 0.040934
0 0.222922 0.027309 0.055373 0.025410
3 0.665470 0.313645 0.500100 0.040483
0 0.166284 0.027151 0.030601 0.024297
0 0.315715 0.211231 0.022037 0.039001
0 0.123502 0.027246 0.026590 0.026813
1 0.422627 0.395795 0.013824 0.025518
0 0.048996 0.024778 0.091605 0.033628
0 0.288919 0.025595 0.046221 0.025641
0 0.020271 0.095744 0.021656 0.038327
0 0.309073 0.095424 0.019514 0.036198
0 0.201297 0.094339 0.020698 0.040332
1 0.591896 0.396390 0.013366 0.025955
1 0.244205 0.480003 0.013277 0.026785
0 0.346849 0.026839 0.047021 0.025885
1 0.244249 0.522478 0.012476 0.024918
1 0.439602 0.521479 0.012972 0.025215
0 0.398164 0.029112 0.030150 0.032683
0 0.618921 0.096402 0.024018 0.044219
0 0.593626 0.094960 0.020440 0.041335
0 0.561688 0.095921 0.022996 0.047103
0 0.533838 0.094479 0.023507 0.044219
0 0.342038 0.094319 0.024529 0.047103
3 0.665470 0.354864 0.500100 0.037862
4 0.073435 0.304711 0.060103 0.027655
4 0.136565 0.336026 0.166472 0.031722
4 0.136781 0.368969 0.166040 0.029282
1 0.244889 0.562612 0.013757 0.025044
1 0.244667 0.605186 0.013313 0.023374
0 0.367075 0.095265 0.021745 0.042575
0 0.393036 0.094013 0.020414 0.041740
0 0.426097 0.096100 0.021745 0.042575
0 0.451836 0.094848 0.021745 0.043409
0 0.477353 0.097352 0.021301 0.041740
0 0.501538 0.096935 0.020857 0.040905
0 0.023002 0.209215 0.024408 0.038401
1 0.244519 0.729165 0.015134 0.026842
1 0.244303 0.771868 0.013837 0.026028
1 0.244736 0.813351 0.014701 0.024402