5 0.457593 0.473766 0.092637 0.040238
5 0.444415 0.578880 0.066776 0.042553
3 0.080353 0.157172 0.131016 0.041625
3 0.184678 0.157975 0.050702 0.032057
5 0.444259 0.527388 0.066500 0.041239
4 0.186595 0.689548 0.097178 0.033982
4 0.196724 0.639235 0.075631 0.030759
4 0.182364 0.834204 0.110937 0.036093
0 0.732931 0.349270 0.019464 0.038397
4 0.214188 0.589896 0.041001 0.031175
0 0.398875 0.527122 0.018434 0.037442
0 0.708140 0.824634 0.056519 0.036731
0 0.260728 0.350058 0.021493 0.035355
0 0.454921 0.824950 0.085295 0.035971
0 0.019662 0.023092 0.017799 0.026878
0 0.056363 0.025983 0.034638 0.032660
0 0.095787 0.025554 0.024156 0.026643
0 0.134072 0.024694 0.030536 0.033519
0 0.195221 0.024264 0.069277 0.032660
0 0.265409 0.025554 0.049223 0.030081
0 0.319873 0.025554 0.043298 0.035238
0 0.367501 0.022545 0.030992 0.029222
0 0.025655 0.084990 0.016431 0.027723
0 0.583527 0.828922 0.120453 0.037857
0 0.708428 0.350019 0.021823 0.031800