5 0.223040 0.524371 0.144556 0.038917
3 0.112929 0.093220 0.145145 0.042277
3 0.271952 0.851537 0.066356 0.039588
5 0.260727 0.483562 0.220824 0.039751
5 0.222885 0.441395 0.144306 0.040196
0 0.127886 0.278547 0.058118 0.036603
0 0.213669 0.026575 0.039509 0.025228
3 0.272015 0.890860 0.065905 0.039005
5 0.197508 0.399334 0.094077 0.040001
3 0.272491 0.969852 0.066008 0.040865
5 0.726580 0.524640 0.272722 0.043755
0 0.283422 0.095597 0.019848 0.036856
0 0.062432 0.027399 0.061288 0.027647
3 0.271979 0.812854 0.065143 0.039027
3 0.272470 0.929746 0.066211 0.039589
0 0.271398 0.027432 0.051186 0.025949
0 0.257557 0.095558 0.020749 0.037219
0 0.163230 0.027564 0.030564 0.025367
5 0.044492 0.850575 0.031337 0.039597
5 0.197985 0.357764 0.094063 0.038867
0 0.348241 0.027263 0.076294 0.026499
0 0.120462 0.026970 0.026950 0.026908
0 0.225037 0.095228 0.022295 0.040671
0 0.309112 0.096332 0.019668 0.038802
5 0.044188 0.811647 0.030855 0.039495
5 0.044602 0.890126 0.031851 0.040129
5 0.044841 0.928868 0.032038 0.040266
5 0.726289 0.399939 0.272140 0.039379
5 0.388020 0.358404 0.051852 0.041549
5 0.044755 0.968890 0.031495 0.040226
0 0.421661 0.027490 0.044508 0.024637
0 0.020387 0.096265 0.022030 0.038923
1 0.984541 0.851716 0.014459 0.026842
1 0.984532 0.930208 0.014476 0.024402
0 0.286087 0.211967 0.056428 0.034835
1 0.984419 0.891165 0.014701 0.026028
1 0.984560 0.812673 0.014421 0.026842
0 0.056665 0.277223 0.085853 0.040981
1 0.984179 0.969657 0.013453 0.023588
5 0.104792 0.970112 0.092064 0.040632
0 0.341575 0.094801 0.019128 0.036987
0 0.200520 0.094104 0.021517 0.040348
5 0.018209 0.928990 0.024105 0.040185
5 0.104509 0.994040 0.091925 0.011920
5 0.017998 0.890060 0.023741 0.040277
0 0.561062 0.097573 0.025238 0.043907
5 0.045069 0.993352 0.030944 0.012122
0 0.013433 0.026670 0.017808 0.030201
0 0.252223 0.358879 0.016560 0.038814
5 0.017961 0.969146 0.023442 0.040713
5 0.434986 0.930163 0.257598 0.043209
0 0.473833 0.027480 0.028970 0.034976
0 0.619694 0.095805 0.023782 0.044736
0 0.593750 0.096618 0.021187 0.041483
0 0.534080 0.096212 0.023782 0.043923
0 0.502803 0.097025 0.022052 0.043923
0 0.476860 0.097432 0.021187 0.043110
0 0.451781 0.096212 0.022917 0.042296
0 0.426702 0.096618 0.022917 0.046363
0 0.052032 0.210493 0.077831 0.046363
0 0.174327 0.210900 0.125827 0.040670
0 0.377841 0.211713 0.086911 0.035789
0 0.468356 0.214153 0.056644 0.043923
0 0.579698 0.212933 0.128854 0.044736
5 0.018305 0.812266 0.022485 0.039043
5 0.017872 0.850089 0.022485 0.038229
0 0.017224 0.771190 0.016863 0.026842
5 0.104351 0.811860 0.089938 0.041483
5 0.104784 0.852529 0.089938 0.039856
5 0.104351 0.890758 0.091668 0.039856
5 0.104784 0.930208 0.091668 0.039043
5 0.193785 0.811453 0.089506 0.040670
5 0.194434 0.851309 0.089073 0.040670
5 0.194001 0.891165 0.089073 0.039043
5 0.194217 0.930208 0.089506 0.039043
5 0.194866 0.969657 0.089073 0.041483
5 0.910480 0.813893 0.131448 0.040670
5 0.910480 0.852936 0.131448 0.037416
5 0.910696 0.890352 0.131016 0.040670
5 0.910264 0.930615 0.131880 0.039856
5 0.910480 0.968844 0.133178 0.039856
5 0.833946 0.813486 0.023349 0.039856
5 0.833946 0.852529 0.022485 0.039856
5 0.833730 0.892385 0.022917 0.038229
5 0.833730 0.930208 0.021187 0.039043
5 0.833514 0.967624 0.021620 0.042296
5 0.693065 0.813951 0.259821 0.038772
5 0.693351 0.852786 0.259978 0.037890
5 0.692649 0.891557 0.259509 0.041415
5 0.694054 0.930769 0.258572 0.040534
5 0.693351 0.970863 0.259978 0.041415
5 0.434233 0.812111 0.257491 0.039043
5 0.433548 0.851231 0.257996 0.039198
5 0.433548 0.890352 0.257996 0.040670
5 0.433476 0.971284 0.259005 0.039856