5 0.222972 0.732961 0.143555 0.038229
5 0.620854 0.732906 0.146277 0.042681
5 0.621160 0.399810 0.144733 0.040657
5 0.570421 0.440916 0.043145 0.041776
5 0.630829 0.816861 0.165520 0.042040
5 0.222972 0.607834 0.143555 0.039586
3 0.111868 0.091603 0.144751 0.040670
5 0.260444 0.441767 0.220526 0.038229
5 0.595382 0.775144 0.093686 0.040969
5 0.197062 0.775240 0.093329 0.041449
5 0.243843 0.566720 0.051655 0.040322
5 0.282066 0.690487 0.261743 0.040210
5 0.645992 0.316511 0.095070 0.041402
5 0.222967 0.399874 0.144141 0.040662
5 0.595066 0.359017 0.093258 0.039690
5 0.197749 0.273395 0.092533 0.036603
5 0.282282 0.651357 0.262176 0.040954
5 0.197261 0.358763 0.092643 0.039780
5 0.197460 0.317377 0.093110 0.038346
5 0.282066 0.816130 0.262608 0.038364
0 0.217645 0.029017 0.049759 0.029192
0 0.283433 0.095632 0.020134 0.037505
0 0.163221 0.027530 0.030801 0.026077
0 0.120534 0.026820 0.027123 0.027502
0 0.020440 0.096315 0.022634 0.040508
5 0.366534 0.483982 0.431690 0.035936
5 0.570213 0.607534 0.044407 0.043987
0 0.257595 0.095577 0.020320 0.037271
0 0.560897 0.097222 0.024729 0.043000
5 0.366829 0.316863 0.025916 0.040556
0 0.047711 0.027389 0.089061 0.034074
0 0.280497 0.028176 0.048087 0.029246
0 0.309092 0.095929 0.019875 0.037974
5 0.570182 0.274940 0.041898 0.039550
5 0.574382 0.316741 0.049027 0.039272
0 0.225250 0.095302 0.023032 0.041375
5 0.176735 0.567018 0.050909 0.040918
5 0.366796 0.273666 0.025981 0.037144
5 0.222972 0.941718 0.143555 0.040914
1 0.251326 0.984026 0.013218 0.027521
0 0.200407 0.094072 0.023478 0.041764
0 0.535491 0.097840 0.024081 0.042259
0 0.331359 0.026531 0.029403 0.030909
0 0.618685 0.095670 0.022917 0.045550
0 0.593606 0.094856 0.023782 0.043923
0 0.252807 0.274209 0.014701 0.038229
5 0.159842 0.981045 0.017296 0.036603
5 0.438304 0.941189 0.013837 0.026842
5 0.438088 0.983078 0.015134 0.026028