0 0.428070 0.808767 0.117790 0.044542
0 0.546141 0.809327 0.117848 0.045662
0 0.114934 0.836063 0.167951 0.047138
0 0.311234 0.808967 0.118241 0.044942
3 0.080471 0.157705 0.132245 0.042209
3 0.309629 0.157621 0.051409 0.032434
0 0.232788 0.159535 0.074438 0.033511
0 0.513116 0.398741 0.043817 0.041325
0 0.169979 0.158488 0.020203 0.035157
0 0.115241 0.738117 0.168887 0.044201
5 0.239551 0.295897 0.040077 0.043474
0 0.019557 0.023495 0.023187 0.030475
0 0.025529 0.083783 0.016863 0.039750
0 0.074036 0.025299 0.069672 0.030126
0 0.132319 0.026136 0.023520 0.028453
0 0.170261 0.024044 0.030177 0.029290
0 0.220408 0.023626 0.044377 0.031800
0 0.267004 0.025299 0.031064 0.031800
0 0.215510 0.507930 0.021079 0.031800
0 0.720409 0.507930 0.018670 0.031800