5 0.729743 0.707138 0.177409 0.042037
5 0.730613 0.824743 0.176356 0.041469
5 0.730648 0.746191 0.176664 0.042697
5 0.730932 0.785325 0.175554 0.043024
5 0.729754 0.668302 0.175591 0.042718
5 0.730738 0.864010 0.176661 0.042882
5 0.730681 0.942765 0.176213 0.041800
5 0.730162 0.903478 0.176871 0.043090
5 0.513730 0.746200 0.259475 0.043043
5 0.513658 0.863928 0.260129 0.043236
5 0.317395 0.706603 0.133107 0.040751
5 0.513105 0.785177 0.260915 0.042993
5 0.908512 0.785690 0.182976 0.042893
5 0.907894 0.707422 0.184211 0.041064
5 0.908530 0.903313 0.182940 0.043347
5 0.317212 0.824182 0.134081 0.041346
5 0.907912 0.825182 0.184176 0.041933
5 0.317376 0.746135 0.134453 0.042818
5 0.908401 0.746636 0.183197 0.042595
5 0.513018 0.903204 0.260918 0.043326
5 0.513293 0.824304 0.260853 0.042267
5 0.317196 0.942125 0.134150 0.041720
5 0.317076 0.863892 0.134678 0.043286
3 0.112098 0.092416 0.144347 0.040670
5 0.907963 0.942901 0.182848 0.041851
5 0.317442 0.785078 0.134693 0.042172
5 0.908360 0.864410 0.183280 0.043095
5 0.513288 0.707078 0.260601 0.042376
5 0.730526 0.979714 0.176173 0.039453
5 0.317669 0.902815 0.134080 0.043235
5 0.513596 0.942462 0.261363 0.042503
5 0.317360 0.667939 0.133114 0.042795
5 0.317093 0.979689 0.133946 0.039829
5 0.511581 0.979543 0.257377 0.039814
1 0.977017 0.472269 0.013075 0.024402
5 0.908391 0.980169 0.182752 0.039458
0 0.172115 0.212115 0.021954 0.035309
0 0.258639 0.211640 0.020644 0.034308
5 0.908165 0.668229 0.183669 0.041610
0 0.283418 0.095699 0.019830 0.037158
5 0.512610 0.667595 0.261062 0.041968
0 0.223004 0.027233 0.055512 0.025625
1 0.976626 0.432820 0.012993 0.023588
1 0.977256 0.355141 0.013463 0.024402
0 0.200862 0.212997 0.021142 0.035938
0 0.230044 0.210566 0.021976 0.031283
0 0.286713 0.211613 0.019583 0.036473
0 0.166278 0.027119 0.030679 0.024465
1 0.977064 0.392557 0.013846 0.022775
0 0.257589 0.095450 0.020648 0.036843
0 0.123517 0.027223 0.026607 0.026964
1 0.977304 0.628514 0.013366 0.024254
0 0.224682 0.095002 0.022229 0.040754
0 0.049358 0.024770 0.091055 0.033894
0 0.346800 0.026744 0.047017 0.025969
0 0.288902 0.025594 0.046358 0.026285
0 0.020285 0.095696 0.021652 0.038799
0 0.561051 0.097571 0.025134 0.043086
0 0.200128 0.094121 0.022343 0.040078
0 0.309108 0.095331 0.019395 0.036679
1 0.977069 0.510905 0.013837 0.023588
1 0.977285 0.550761 0.013404 0.025215
1 0.976636 0.591024 0.012972 0.024402
0 0.397803 0.028158 0.031997 0.030909
0 0.619838 0.096483 0.022052 0.043923
0 0.593678 0.096076 0.022485 0.041483
0 0.534224 0.095263 0.020323 0.041483
0 0.502227 0.097703 0.022052 0.039856
0 0.476716 0.098516 0.019458 0.044736
0 0.452069 0.096076 0.022917 0.043110
0 0.427206 0.096483 0.021620 0.045550
0 0.392687 0.095263 0.021187 0.043110
0 0.367392 0.096483 0.020755 0.043923
0 0.341880 0.096483 0.023349 0.043923
0 0.022629 0.211035 0.019890 0.039856
0 0.315576 0.211849 0.020323 0.039856
4 0.088137 0.304982 0.087776 0.029282
4 0.132025 0.335891 0.175552 0.032536
4 0.130727 0.368020 0.174688 0.033349
4 0.065436 0.399335 0.043240 0.032536
4 0.136132 0.431871 0.165607 0.032536
4 0.142402 0.466033 0.153068 0.030909