5 0.265882 0.792591 0.161946 0.042185
5 0.815084 0.427070 0.208646 0.042003
5 0.337417 0.472112 0.305023 0.040183
5 0.815423 0.385196 0.208725 0.047542
3 0.985740 0.091460 0.026733 0.033009
5 0.289136 0.380744 0.207439 0.042332
5 0.789735 0.519187 0.160353 0.040671
0 0.016687 0.971249 0.025991 0.040531
5 0.733620 0.471511 0.047017 0.038888
3 0.278944 0.090833 0.091742 0.030638
5 0.218596 0.426172 0.065707 0.039267
3 0.162397 0.089657 0.114648 0.031025
0 0.972830 0.971646 0.054298 0.039984
5 0.215473 0.700311 0.059539 0.038518
5 0.221247 0.746255 0.071440 0.040546
5 0.268076 0.564294 0.160278 0.041488
3 0.406350 0.091949 0.126809 0.033490
5 0.750145 0.654252 0.079659 0.038411
0 0.051108 0.094081 0.081562 0.037920
5 0.203499 0.654198 0.036780 0.039158
5 0.729624 0.745231 0.039917 0.036515
5 0.733449 0.700270 0.044848 0.037319
5 0.209445 0.517664 0.046908 0.038993
0 0.197677 0.274864 0.115068 0.041549