1 0.021867 0.576073 0.017445 0.031115
0 0.951656 0.962989 0.078234 0.043575
1 0.021900 0.612969 0.017537 0.031743
0 0.073233 0.095150 0.108180 0.032055
1 0.021840 0.537829 0.017402 0.034299
0 0.024695 0.962097 0.033224 0.045466
1 0.021702 0.500357 0.018060 0.032975
3 0.959112 0.093947 0.032753 0.032903
0 0.024759 0.400613 0.025306 0.042489
3 0.322606 0.094180 0.132751 0.034972
3 0.471382 0.094208 0.131083 0.035221
0 0.189786 0.095627 0.092565 0.040770
1 0.022248 0.456731 0.019421 0.035103
0 0.976305 0.400118 0.024096 0.042092
3 0.628786 0.094430 0.152403 0.032713
5 0.281106 0.576592 0.073547 0.037449
1 0.021723 0.648886 0.017549 0.031100
5 0.102536 0.576292 0.142999 0.039918
0 0.098314 0.402714 0.100645 0.038746
3 0.777241 0.094224 0.117068 0.034601
5 0.892166 0.858682 0.175035 0.040785
5 0.209430 0.576426 0.070391 0.038460
4 0.907930 0.577811 0.141278 0.028923
4 0.908406 0.613463 0.141174 0.027963
5 0.675732 0.576603 0.323095 0.040011
4 0.911265 0.539359 0.136345 0.028229
5 0.281103 0.612236 0.073477 0.037685
0 0.893568 0.282682 0.068990 0.037947
5 0.675944 0.614029 0.322548 0.042163
5 0.675579 0.650843 0.323349 0.039925
0 0.208166 0.401619 0.109197 0.039364
4 0.909406 0.650230 0.144812 0.028356
5 0.209624 0.612210 0.071910 0.038954
5 0.282288 0.540455 0.075218 0.038027
5 0.102724 0.613470 0.145186 0.040363
5 0.103354 0.540207 0.145707 0.039718
3 0.414962 0.613032 0.194271 0.038603
5 0.210096 0.540092 0.071103 0.038291
3 0.414946 0.650561 0.194092 0.036144
5 0.409674 0.859939 0.791509 0.043298
5 0.892958 0.894568 0.175058 0.036746
5 0.281942 0.650127 0.073295 0.034826
3 0.415181 0.576239 0.194001 0.037920
5 0.101505 0.650699 0.148443 0.036931
5 0.209960 0.650158 0.074151 0.035131
4 0.907989 0.501422 0.141360 0.030751
5 0.892958 0.812435 0.171846 0.046831
5 0.675520 0.537022 0.325105 0.048083
5 0.502141 0.966921 0.995717 0.066156
5 0.409005 0.893532 0.791777 0.035833
3 0.414523 0.540356 0.193713 0.038589