5 0.196881 0.393739 0.031464 0.044231
0 0.058366 0.642829 0.023074 0.045351
0 0.092147 0.642915 0.024043 0.044791
0 0.215183 0.642664 0.105816 0.045038
5 0.858587 0.291649 0.087322 0.046764
0 0.032447 0.642489 0.022120 0.045347
0 0.123937 0.643120 0.018992 0.043237
0 0.976832 0.101965 0.046336 0.035722
0 0.936607 0.102573 0.018254 0.034166
0 0.061613 0.101647 0.092998 0.032662
0 0.140536 0.100857 0.048487 0.031918
3 0.193277 0.100629 0.039243 0.032490
3 0.143358 0.642893 0.018606 0.043100
5 0.336276 0.241740 0.311616 0.050286