5 0.294112 0.399753 0.039966 0.038946
5 0.293779 0.760579 0.038820 0.038940
5 0.315720 0.806507 0.086094 0.041249
5 0.480602 0.760049 0.038562 0.039582
5 0.346927 0.581098 0.147309 0.042324
0 0.620511 0.761009 0.031607 0.039760
5 0.346579 0.536550 0.147583 0.043032
5 0.297858 0.896140 0.046422 0.037972
5 0.480949 0.399498 0.039455 0.039710
5 0.323656 0.851393 0.102271 0.038065
5 0.532544 0.580908 0.143794 0.043225
5 0.347299 0.624740 0.147579 0.040237
5 0.533166 0.535957 0.145245 0.044211
5 0.552877 0.217799 0.060743 0.037786
0 0.620869 0.399340 0.031623 0.039861
5 0.308288 0.715864 0.069817 0.036843
0 0.620961 0.354048 0.030764 0.038415
5 0.346170 0.489935 0.148052 0.043587
0 0.953980 0.977490 0.052651 0.036554
5 0.532952 0.445109 0.145976 0.041460
5 0.323136 0.671831 0.097610 0.037793
5 0.495462 0.715249 0.069191 0.037857
0 0.620670 0.670919 0.032560 0.040497
0 0.622961 0.219244 0.069104 0.038040
5 0.346479 0.445215 0.148545 0.041068
5 0.503944 0.805901 0.083746 0.039502
0 0.620174 0.716206 0.031190 0.038724
5 0.511102 0.671729 0.102492 0.038890
0 0.228461 0.091206 0.100017 0.031140
5 0.532399 0.489455 0.143736 0.044750
5 0.533150 0.624870 0.144811 0.040167
0 0.344286 0.092347 0.109026 0.030599
0 0.956888 0.091937 0.049834 0.033238
0 0.620335 0.626335 0.031042 0.039555
5 0.323880 0.353389 0.099659 0.040035
0 0.094307 0.092711 0.148695 0.032167
0 0.430426 0.091435 0.046806 0.028112
3 0.482076 0.091576 0.038988 0.028795
3 0.188682 0.851279 0.173623 0.041815
0 0.620721 0.580785 0.030307 0.040048
0 0.620555 0.444236 0.031041 0.039559
5 0.510261 0.354248 0.103071 0.039298
0 0.621219 0.534737 0.030753 0.042018
1 0.243766 0.218190 0.016378 0.028921
0 0.621163 0.489790 0.031897 0.039183
1 0.340125 0.218726 0.015844 0.027212