5 0.288659 0.808814 0.040386 0.043795
5 0.477219 0.447866 0.039574 0.046911
5 0.287685 0.449630 0.039072 0.047603
5 0.284878 0.397077 0.034568 0.041176
5 0.474074 0.397111 0.034403 0.041619
5 0.500090 0.296430 0.086398 0.044946
0 0.617242 0.500760 0.031165 0.043279
5 0.478079 0.808154 0.040089 0.044798
5 0.476836 0.345576 0.038226 0.048436
5 0.500004 0.243472 0.085019 0.047113
5 0.311191 0.500197 0.086391 0.044081
5 0.500299 0.499752 0.086236 0.043867
5 0.277174 0.860657 0.020799 0.041254
5 0.311001 0.296393 0.085856 0.044345
5 0.287684 0.346802 0.038895 0.049167
0 0.617208 0.398486 0.031615 0.042819
0 0.617328 0.807764 0.032317 0.045944
5 0.312044 0.244480 0.084069 0.046628
0 0.617083 0.449700 0.031802 0.045761
0 0.973644 0.104333 0.051072 0.042319
0 0.617046 0.245029 0.030093 0.047176
0 0.971188 0.984185 0.053290 0.031630
5 0.280925 0.757188 0.024354 0.040946
3 0.191671 0.101953 0.038593 0.033078
0 0.359611 0.244432 0.018874 0.043621
0 0.617337 0.296317 0.030825 0.042211
0 0.617214 0.347492 0.030972 0.045877
5 0.277542 0.911963 0.018323 0.039723
0 0.087496 0.102784 0.149968 0.034455