0 0.238338 0.091642 0.016285 0.029992
0 0.261861 0.091647 0.015569 0.030464
0 0.971476 0.090988 0.042734 0.031923
0 0.933551 0.092322 0.016736 0.030822
0 0.214296 0.091187 0.016195 0.030453
0 0.167762 0.091076 0.016001 0.030907
0 0.473891 0.091917 0.071259 0.030662
0 0.393743 0.092326 0.077660 0.030523
0 0.190930 0.090864 0.016169 0.031596
0 0.120530 0.091573 0.014736 0.027677
0 0.313130 0.092164 0.072695 0.030268
0 0.557392 0.091745 0.081948 0.030976
0 0.096666 0.092208 0.016177 0.029381
0 0.911708 0.092502 0.016271 0.030487
0 0.027225 0.091085 0.018036 0.028586
3 0.623343 0.091323 0.036086 0.030313
0 0.143979 0.091579 0.015894 0.027402
0 0.072587 0.092454 0.014467 0.030232
0 0.051262 0.091912 0.013134 0.028668
0 0.887978 0.092818 0.016192 0.028521
1 0.030208 0.806068 0.013061 0.029112
1 0.029799 0.371250 0.013267 0.027507
1 0.030065 0.488270 0.012775 0.031690
1 0.029809 0.528156 0.014308 0.028412
1 0.030065 0.646721 0.012775 0.029505
1 0.030320 0.766925 0.013286 0.027319
1 0.030065 0.923737 0.013797 0.028412