5 0.219568 0.339953 0.039985 0.041216
5 0.242656 0.290602 0.086961 0.044256
5 0.223384 0.643986 0.048475 0.044532
4 0.452687 0.748467 0.206623 0.035106
4 0.424880 0.698834 0.150635 0.033183
4 0.446660 0.799494 0.192485 0.036070
0 0.975122 0.100623 0.049147 0.040253
3 0.032609 0.099248 0.042340 0.035259
4 0.444813 0.849809 0.189848 0.035308
5 0.209334 0.796695 0.018069 0.041816
5 0.356153 0.189608 0.314114 0.046617
5 0.208092 0.746537 0.020375 0.043016
5 0.208144 0.695310 0.020094 0.042616
4 0.141513 0.746139 0.113451 0.031462
4 0.422277 0.645387 0.149966 0.035321
4 0.154007 0.795976 0.087566 0.030152
4 0.127917 0.591999 0.236506 0.041606
4 0.137794 0.696129 0.124287 0.033407
4 0.147899 0.846889 0.101238 0.033849
5 0.208676 0.847423 0.020039 0.047937
1 0.207633 0.493802 0.014667 0.028077
4 0.080183 0.440325 0.141571 0.036718