0 0.580016 0.492789 0.076614 0.042892
0 0.022565 0.189930 0.026524 0.044836
0 0.502440 0.492012 0.074445 0.043679
0 0.908068 0.102575 0.017094 0.032685
0 0.283517 0.491595 0.063658 0.044992
5 0.632842 0.340866 0.031673 0.043332
0 0.934221 0.101651 0.017673 0.032638
0 0.097457 0.491554 0.025060 0.043133
5 0.368423 0.708664 0.080606 0.040619
1 0.046360 0.630816 0.019762 0.034475
0 0.187480 0.100732 0.049574 0.032424
5 0.174143 0.341461 0.038522 0.040947
0 0.250351 0.101009 0.058724 0.033339
0 0.428055 0.492409 0.075567 0.044473
0 0.122060 0.491222 0.024588 0.043419
5 0.368351 0.669554 0.080481 0.043859
5 0.368540 0.748330 0.081281 0.043680
0 0.151523 0.491358 0.024210 0.042332
0 0.021840 0.491557 0.023028 0.042756
0 0.173915 0.490885 0.022284 0.040906
0 0.974654 0.101773 0.047085 0.034084
5 0.368800 0.786908 0.080325 0.040370
0 0.216760 0.492295 0.061520 0.043454
5 0.368478 0.629171 0.080211 0.042375
0 0.881532 0.102866 0.018590 0.032805
0 0.068997 0.491407 0.023414 0.041944
0 0.081080 0.102226 0.144341 0.035557
5 0.197063 0.290358 0.084963 0.042222
5 0.099249 0.748667 0.083707 0.044073
5 0.492654 0.341469 0.039818 0.043481
0 0.045148 0.490737 0.023330 0.040310
0 0.352625 0.490994 0.074558 0.041191
5 0.257665 0.748904 0.141492 0.044836
3 0.768690 0.341802 0.199550 0.045204
5 0.098679 0.709043 0.082118 0.039367
3 0.504126 0.101329 0.039082 0.032450
5 0.099651 0.786729 0.083945 0.040598
5 0.162853 0.708987 0.051501 0.037600
0 0.021718 0.542604 0.023144 0.044120
5 0.369407 0.825614 0.080591 0.043961
1 0.046829 0.671246 0.020015 0.037104
0 0.381887 0.102853 0.192104 0.040017
5 0.420579 0.747975 0.027966 0.041694
5 0.163374 0.747902 0.050121 0.043460
5 0.333644 0.340517 0.024408 0.042753
5 0.421064 0.708471 0.027437 0.039241
5 0.099806 0.826384 0.083277 0.045509
5 0.257930 0.787528 0.141983 0.041602
5 0.497565 0.787146 0.129779 0.042019
5 0.258913 0.710086 0.140017 0.040760
5 0.497574 0.748910 0.128739 0.044033
0 0.855887 0.101872 0.017465 0.033564
5 0.498095 0.669774 0.129740 0.043410
5 0.163292 0.786800 0.050125 0.039735
5 0.420680 0.669138 0.028098 0.042071
5 0.368832 0.591623 0.081387 0.041125
5 0.420939 0.786905 0.027368 0.039076
5 0.498602 0.826237 0.129749 0.045572
5 0.420896 0.824251 0.027281 0.041614
5 0.258864 0.827158 0.138579 0.045735
5 0.601756 0.341100 0.030334 0.044112
1 0.046559 0.591782 0.019068 0.036827
5 0.627268 0.787303 0.131671 0.041549
5 0.627012 0.749615 0.132182 0.043937
5 0.626360 0.827164 0.129856 0.044484
5 0.163484 0.824451 0.048359 0.042870
5 0.420855 0.629815 0.026555 0.038485
5 0.498351 0.629615 0.129229 0.043136
5 0.627523 0.709342 0.129116 0.041087
5 0.498383 0.709166 0.129407 0.039235
5 0.311079 0.189631 0.310440 0.042814
0 0.473433 0.189788 0.015532 0.040654