0 0.561741 0.253159 0.020972 0.037179
0 0.348405 0.253708 0.021770 0.037717
0 0.902650 0.976201 0.065760 0.037347
0 0.074798 0.253333 0.021394 0.037981
0 0.484367 0.253018 0.020524 0.036464
0 0.537957 0.253567 0.021242 0.036999
0 0.514001 0.253212 0.021510 0.037137
0 0.142496 0.253673 0.021268 0.037312
5 0.327950 0.517105 0.149950 0.038991
0 0.694331 0.252734 0.020945 0.038061
0 0.436581 0.643004 0.021784 0.036860
5 0.864679 0.481500 0.039706 0.036124
0 0.631214 0.253701 0.099921 0.038937
0 0.165873 0.253516 0.020574 0.036565
5 0.948071 0.481261 0.068001 0.035530
5 0.591174 0.481272 0.072321 0.037316
0 0.465883 0.159552 0.022130 0.038648
5 0.326878 0.412819 0.148149 0.039642
5 0.899622 0.411939 0.033658 0.038079
5 0.098470 0.481116 0.040932 0.035415
5 0.327210 0.481850 0.147039 0.036999
5 0.864210 0.412042 0.040287 0.037526
5 0.899700 0.481599 0.032360 0.035346
5 0.133573 0.481254 0.033257 0.035901
5 0.217519 0.412242 0.073011 0.038269
5 0.948917 0.411756 0.070631 0.037868
5 0.428181 0.481450 0.054041 0.036929
5 0.511443 0.481078 0.053155 0.037678
1 0.038793 0.344069 0.014683 0.031522
0 0.019895 0.249039 0.022188 0.037542
0 0.189270 0.253256 0.020721 0.036581
5 0.098410 0.515233 0.040596 0.035953
5 0.062797 0.481517 0.035458 0.034004
3 0.679734 0.081023 0.035769 0.026877
5 0.591368 0.412467 0.071823 0.036716
5 0.325695 0.378232 0.146951 0.037965
5 0.811703 0.481331 0.067503 0.036914
0 0.019787 0.204519 0.022182 0.033559
5 0.218263 0.481857 0.074111 0.037421
5 0.899857 0.378174 0.031902 0.034890
5 0.217626 0.378320 0.073583 0.035973
5 0.098359 0.378562 0.040300 0.035847
0 0.449975 0.081503 0.022211 0.025567
5 0.098304 0.447459 0.040027 0.035459
0 0.044514 0.251860 0.022495 0.038674
5 0.098291 0.411658 0.041731 0.038939
5 0.166412 0.411988 0.035161 0.037609
5 0.740391 0.481545 0.081363 0.036752
5 0.469652 0.378799 0.033145 0.035050
0 0.212702 0.253211 0.021219 0.037369
5 0.864614 0.377973 0.040212 0.035713
5 0.948919 0.378104 0.069892 0.035853
5 0.511835 0.447797 0.053634 0.037082
5 0.165563 0.481064 0.032177 0.035319
0 0.231784 0.079784 0.072928 0.030565
0 0.458314 0.642554 0.020857 0.035525
5 0.427816 0.378648 0.052574 0.035630
1 0.038937 0.482141 0.014544 0.030444
0 0.081578 0.081259 0.141523 0.033523
0 0.328409 0.080910 0.103007 0.031223
5 0.428090 0.515746 0.052442 0.037106
5 0.217770 0.447586 0.073207 0.037615
5 0.812254 0.411968 0.066471 0.038214
0 0.318693 0.254119 0.022003 0.037936
5 0.133271 0.411722 0.032971 0.037602
5 0.511826 0.411967 0.053333 0.038802
5 0.511755 0.378807 0.052222 0.035177
5 0.590458 0.378905 0.072714 0.034916
5 0.427787 0.411420 0.053068 0.038410
0 0.408822 0.080465 0.045147 0.028830
5 0.812722 0.447334 0.067427 0.037097
5 0.469936 0.481773 0.032758 0.036660
5 0.812346 0.344007 0.067581 0.037262
3 0.108091 0.160134 0.140815 0.039834
5 0.166201 0.447797 0.034036 0.035800
5 0.948489 0.344628 0.068947 0.036462
5 0.739990 0.411889 0.080579 0.038240
5 0.166152 0.377394 0.034685 0.036276
0 0.097548 0.253518 0.018215 0.035903
5 0.217687 0.516013 0.073731 0.036064
5 0.133752 0.378699 0.032509 0.035208
5 0.663560 0.481434 0.076717 0.036886
0 0.521666 0.081045 0.103942 0.031380
5 0.590726 0.447634 0.072917 0.037576
5 0.133689 0.447810 0.033723 0.037023
5 0.739486 0.379100 0.078899 0.036226
5 0.811699 0.377916 0.068453 0.036641
5 0.063137 0.379000 0.033753 0.035533
1 0.143195 0.811154 0.014269 0.025203
5 0.899338 0.447414 0.033981 0.035699
3 0.376748 0.254265 0.029520 0.038948
1 0.039226 0.448239 0.015105 0.030613
1 0.046274 0.843411 0.013694 0.028295
5 0.063004 0.343497 0.033035 0.035437
5 0.663476 0.378739 0.075195 0.035226
5 0.327419 0.447724 0.150295 0.039010
5 0.863790 0.515895 0.039738 0.035898
5 0.428127 0.447597 0.053055 0.036689
1 0.046385 0.809883 0.013776 0.028531
5 0.740310 0.447744 0.080621 0.036912
5 0.469804 0.447763 0.033143 0.035341
5 0.217579 0.343291 0.074073 0.035725
5 0.469581 0.412451 0.033232 0.035085
5 0.812352 0.515865 0.065627 0.036339
5 0.864324 0.447697 0.038984 0.035678
5 0.899497 0.516109 0.032625 0.036472
1 0.143425 0.844597 0.013808 0.026039
5 0.663593 0.411698 0.076010 0.038568
5 0.590976 0.515602 0.073035 0.036403
5 0.062666 0.412014 0.034862 0.036396
5 0.133304 0.515126 0.033939 0.035880
5 0.948250 0.515767 0.068531 0.037231
5 0.740539 0.515709 0.079608 0.036328
0 0.173590 0.081865 0.027123 0.027401
1 0.038741 0.515715 0.014910 0.030919
5 0.948257 0.447470 0.069911 0.037152
1 0.039048 0.413191 0.014846 0.032184
1 0.038715 0.379170 0.014542 0.031596
3 0.411665 0.254444 0.029721 0.038589
5 0.832379 0.808542 0.101957 0.036095
5 0.512161 0.515525 0.053951 0.037497
5 0.663654 0.447634 0.075709 0.036882
5 0.899074 0.344715 0.032411 0.034828
5 0.062402 0.514675 0.034559 0.034110
1 0.143355 0.913383 0.012220 0.026298
0 0.968657 0.975825 0.057888 0.032228
5 0.832272 0.843130 0.102130 0.037313
3 0.114923 0.254673 0.016657 0.038132
5 0.664289 0.515637 0.075801 0.036367
5 0.991479 0.481407 0.017040 0.035019
5 0.696307 0.843282 0.116761 0.037654
1 0.046627 0.911448 0.013860 0.027024
0 0.235032 0.253446 0.018129 0.036528
5 0.063196 0.448062 0.032952 0.034386
5 0.469731 0.516782 0.032975 0.034136
1 0.046333 0.878905 0.013751 0.028310
5 0.991036 0.344667 0.017928 0.036309
5 0.956105 0.809473 0.074337 0.035535
3 0.296772 0.253927 0.017128 0.036886
5 0.990474 0.411455 0.019051 0.037549
5 0.832308 0.877266 0.102468 0.036313
5 0.955907 0.910965 0.074528 0.035697
5 0.991479 0.515275 0.017041 0.036686
5 0.832475 0.913744 0.101693 0.041347
0 0.975231 0.081408 0.043265 0.028708
5 0.991025 0.377859 0.017908 0.034174
5 0.098508 0.343220 0.040190 0.035848
5 0.166119 0.515817 0.033533 0.034299
5 0.956254 0.843108 0.074410 0.036340
5 0.328496 0.344849 0.147263 0.037319
0 0.439163 0.253510 0.018670 0.036195
5 0.990681 0.447569 0.018638 0.034996
5 0.546533 0.412718 0.018171 0.034693
3 0.617351 0.081925 0.077006 0.027208
5 0.696248 0.809320 0.118376 0.036484
5 0.956277 0.774292 0.073921 0.039452
5 0.512173 0.343842 0.053315 0.036213
5 0.591164 0.344381 0.073770 0.034777
5 0.166063 0.343591 0.032306 0.034873
1 0.143551 0.880388 0.013556 0.026358
5 0.546018 0.378776 0.018978 0.034015
5 0.426964 0.344178 0.053124 0.036106
5 0.956464 0.877767 0.074295 0.037510
3 0.266229 0.644155 0.283628 0.039607
5 0.695774 0.913539 0.117971 0.041179
5 0.767469 0.843076 0.028849 0.035832
0 0.937885 0.082378 0.014983 0.028646
5 0.440755 0.880246 0.395209 0.033025
5 0.695494 0.878143 0.116917 0.034034
1 0.046061 0.776351 0.014924 0.029786
5 0.767422 0.809009 0.028644 0.033868
5 0.767487 0.913976 0.029673 0.040885
5 0.767592 0.877340 0.029690 0.035394
5 0.832459 0.773161 0.101983 0.038515
5 0.440106 0.915009 0.395641 0.036501
1 0.143843 0.775522 0.012972 0.023465
5 0.546300 0.448457 0.018936 0.034783
3 0.252340 0.253667 0.015759 0.036035
5 0.546641 0.482329 0.018282 0.033647
5 0.864112 0.345035 0.040201 0.033481
5 0.200499 0.809441 0.086008 0.036043
5 0.546554 0.516115 0.018264 0.033519
5 0.200531 0.843202 0.086042 0.037163
5 0.469489 0.344616 0.032230 0.034145
5 0.697336 0.773862 0.117954 0.040460
5 0.200411 0.877264 0.085044 0.034015
5 0.200862 0.911288 0.085787 0.037495
5 0.440755 0.846352 0.394344 0.034763
5 0.134396 0.344144 0.030905 0.034873
1 0.296860 0.160019 0.015277 0.029344
0 0.020702 0.160779 0.022951 0.047287
5 0.547025 0.344605 0.015976 0.036570
5 0.200990 0.774345 0.085394 0.038603
0 0.071479 0.687269 0.040215 0.033612
5 0.440322 0.772747 0.396074 0.039362
5 0.996140 0.911114 0.007434 0.032810
5 0.996210 0.809996 0.007580 0.033247
5 0.996210 0.842445 0.007580 0.032413
5 0.664317 0.345391 0.075567 0.034064
5 0.219139 0.159944 0.078185 0.038605
0 0.279694 0.253410 0.018396 0.038980
5 0.996036 0.773291 0.007928 0.035049
5 0.996180 0.879387 0.007333 0.035255
0 0.021335 0.643031 0.025295 0.039411
3 0.456419 0.252170 0.015841 0.039029
5 0.440106 0.810719 0.394777 0.038239