5 0.162458 0.209078 0.092060 0.040099
3 0.200415 0.526326 0.153804 0.037567
0 0.410165 0.163825 0.020684 0.039211
0 0.430586 0.164049 0.020772 0.038068
0 0.388904 0.163851 0.021383 0.040655
0 0.471936 0.164587 0.023242 0.040010
0 0.451091 0.164202 0.019952 0.039932
0 0.533815 0.434345 0.024630 0.041808
5 0.138282 0.570126 0.029774 0.037791
0 0.506291 0.434669 0.023461 0.040788
5 0.162648 0.254785 0.092939 0.042907
3 0.231102 0.481112 0.216587 0.040789
0 0.890675 0.964480 0.063914 0.039499
0 0.926697 0.083575 0.017091 0.030427
3 0.200082 0.708924 0.153138 0.037538
0 0.285989 0.255264 0.120020 0.042319
0 0.046907 0.082648 0.076700 0.029632
0 0.965007 0.082756 0.046155 0.031580
0 0.054506 0.345749 0.052267 0.035640
0 0.959268 0.963590 0.058155 0.033641
5 0.134983 0.797117 0.022241 0.039517
5 0.224845 0.167232 0.215426 0.040469
0 0.155495 0.082660 0.115977 0.030812
3 0.321508 0.083426 0.035078 0.028975
5 0.231304 0.925746 0.215582 0.025155
1 0.371078 0.842905 0.014383 0.025404
3 0.258784 0.083354 0.076089 0.030992
5 0.231859 0.435910 0.215416 0.042530
1 0.130121 0.843421 0.014130 0.023713
4 0.421033 0.931263 0.077592 0.025362
5 0.370550 0.753396 0.014359 0.029282
4 0.412104 0.841165 0.058741 0.029351
4 0.408767 0.752550 0.054223 0.028712
4 0.124045 0.346936 0.063352 0.040269
4 0.183295 0.345999 0.028713 0.044015
4 0.239354 0.343658 0.051502 0.046824
4 0.307947 0.346936 0.060161 0.044015
1 0.371326 0.931604 0.012896 0.015287