0 0.111924 0.804814 0.149051 0.044824
5 0.423205 0.518518 0.116766 0.040614
5 0.421114 0.564173 0.122257 0.044422
0 0.111877 0.757565 0.148895 0.041652
5 0.399184 0.472344 0.078544 0.041288
0 0.902178 0.971987 0.065909 0.039213
5 0.147448 0.167252 0.066921 0.040450
0 0.045325 0.086620 0.084208 0.030660
0 0.129019 0.087294 0.063157 0.029567
5 0.421056 0.425984 0.121588 0.042417
5 0.497254 0.289792 0.049578 0.035304
5 0.706367 0.564534 0.121246 0.043297
5 0.706546 0.517620 0.121542 0.045069
5 0.191823 0.576392 0.070564 0.042400
5 0.422299 0.607517 0.119187 0.039487
0 0.113387 0.712147 0.151445 0.040750
5 0.378740 0.336511 0.036116 0.038486
5 0.684891 0.471094 0.079087 0.042094
0 0.205146 0.086522 0.073774 0.029558
5 0.420465 0.381773 0.121534 0.042976
5 0.707638 0.427646 0.121784 0.043921
5 0.314632 0.167153 0.037221 0.037386
1 0.016796 0.759016 0.016583 0.031771
5 0.191940 0.621128 0.070022 0.041235
5 0.525370 0.165591 0.050202 0.040624
5 0.170706 0.213562 0.114134 0.045053
3 0.270099 0.087199 0.034664 0.028057
5 0.372011 0.291126 0.023168 0.036842
0 0.725789 0.839126 0.057379 0.032518
0 0.976888 0.086681 0.046223 0.034013
5 0.707299 0.382182 0.121632 0.041629
5 0.176497 0.349819 0.037451 0.037726
5 0.705243 0.607248 0.118167 0.038463
0 0.666229 0.838286 0.045907 0.029602
0 0.970525 0.971374 0.058943 0.036378
5 0.707436 0.290669 0.121553 0.040000
5 0.168404 0.532075 0.022139 0.036965
5 0.191575 0.666038 0.070567 0.042837
5 0.192500 0.484397 0.070589 0.042957
0 0.623401 0.838161 0.027253 0.024684
1 0.016966 0.713496 0.016774 0.032515
0 0.269946 0.087048 0.033501 0.028606
5 0.191755 0.531668 0.069927 0.042247
1 0.016634 0.803386 0.016588 0.029882
5 0.188638 0.930719 0.062588 0.029713
0 0.762172 0.213212 0.017225 0.040357