0 0.261983 0.515809 0.018757 0.039664
0 0.481666 0.718213 0.017974 0.033185
5 0.183256 0.516694 0.114307 0.035951
5 0.182240 0.837699 0.117387 0.034780
0 0.919546 0.980357 0.056459 0.031643
0 0.438666 0.720455 0.017706 0.035876
5 0.182382 0.880195 0.116995 0.033669
0 0.505476 0.716528 0.017524 0.034760
0 0.445462 0.152492 0.020325 0.036922
3 0.112258 0.076283 0.033043 0.026578
5 0.195644 0.354644 0.140164 0.031844
5 0.195591 0.436372 0.140596 0.032064
0 0.462268 0.718661 0.018565 0.035876
0 0.981003 0.076292 0.037625 0.034821
0 0.977157 0.980835 0.045207 0.031649
5 0.276906 0.434914 0.025292 0.033036
5 0.322584 0.152006 0.226706 0.037894
0 0.280681 0.515466 0.017655 0.038406
0 0.524221 0.717472 0.015335 0.036461
5 0.277467 0.353483 0.024637 0.031464
0 0.076041 0.192815 0.112423 0.035951
0 0.052147 0.676475 0.022936 0.024851
5 0.195757 0.395289 0.140257 0.035402
5 0.169655 0.152492 0.080426 0.036922
5 0.336961 0.718511 0.186043 0.030212
3 0.055578 0.076740 0.067160 0.025681
5 0.183653 0.718774 0.117475 0.030739
5 0.277424 0.395073 0.025601 0.031085