0 0.020251 0.690695 0.022576 0.046400
0 0.066920 0.690731 0.022009 0.044499
0 0.043632 0.690503 0.022573 0.044954
0 0.612877 0.887994 0.023500 0.041343
0 0.089476 0.691077 0.021366 0.043807
0 0.894417 0.967608 0.073504 0.041947
0 0.584215 0.887349 0.025134 0.043186
1 0.019896 0.544383 0.016420 0.029268
0 0.973931 0.096704 0.050808 0.037901
0 0.112502 0.690835 0.021416 0.044291
0 0.559381 0.887742 0.023954 0.042781
0 0.637001 0.887989 0.022622 0.040724
1 0.019230 0.465247 0.013313 0.026484
3 0.122092 0.096201 0.038295 0.030509
0 0.538302 0.189884 0.024628 0.044235
0 0.048152 0.839427 0.030260 0.033534
0 0.968433 0.964572 0.063133 0.034742
1 0.019896 0.504597 0.013757 0.030183
3 0.050879 0.096688 0.086192 0.031623
1 0.020118 0.583085 0.015088 0.029843
0 0.530096 0.887375 0.025547 0.043849
1 0.020224 0.385717 0.015409 0.028308
5 0.854726 0.618213 0.137881 0.042091
0 0.077830 0.237796 0.138285 0.042110
5 0.853916 0.540598 0.137927 0.041588
5 0.331920 0.540924 0.204682 0.041383
5 0.332164 0.623968 0.204283 0.040267
5 0.854332 0.579370 0.137184 0.040187
1 0.019674 0.425481 0.015976 0.025610
1 0.019452 0.622584 0.014645 0.028354
5 0.385665 0.189188 0.286380 0.049162
5 0.195363 0.185851 0.100106 0.042488
5 0.123295 0.581571 0.154877 0.044527
5 0.332138 0.582304 0.204231 0.046719
5 0.123295 0.540670 0.154877 0.041954
5 0.122685 0.622127 0.155210 0.040244
5 0.330981 0.502320 0.203692 0.043236
5 0.331005 0.388141 0.203258 0.040748
5 0.655963 0.620858 0.262161 0.047777
5 0.210760 0.889706 0.146729 0.044344
5 0.854501 0.422281 0.136094 0.042455
5 0.854323 0.502191 0.138472 0.041651
5 0.123517 0.502456 0.155321 0.042773
5 0.855786 0.384788 0.137588 0.038836
5 0.655868 0.579598 0.261795 0.046057
5 0.331456 0.462899 0.204945 0.043319
5 0.477655 0.540736 0.091772 0.041002
5 0.479302 0.579673 0.094303 0.039973
5 0.479365 0.619344 0.095206 0.044122
5 0.123961 0.388438 0.154433 0.037500
5 0.854158 0.463021 0.136826 0.043726
5 0.655334 0.540268 0.262862 0.040639
5 0.331082 0.424998 0.204090 0.037761
5 0.123777 0.463681 0.155840 0.043154
5 0.400296 0.890905 0.236915 0.046741
0 0.085544 0.288513 0.118265 0.045197
5 0.123543 0.425596 0.156261 0.038644
5 0.216376 0.622127 0.029331 0.040244
5 0.215516 0.464856 0.029434 0.036678
5 0.478475 0.388740 0.092458 0.037153
5 0.479056 0.426492 0.091295 0.040748
5 0.478184 0.505592 0.093039 0.035955
5 0.478766 0.467241 0.091876 0.040748
5 0.214491 0.388896 0.029289 0.038415
5 0.215156 0.426395 0.028845 0.040244
5 0.214491 0.505054 0.028402 0.040244
5 0.214934 0.543468 0.028402 0.038415
5 0.215378 0.581883 0.031064 0.040244