0 0.025062 0.382038 0.022233 0.040186
0 0.238247 0.292801 0.020261 0.040759
0 0.725627 0.976896 0.057824 0.038685
5 0.155972 0.293040 0.147345 0.039757
0 0.700067 0.564624 0.022197 0.037889
0 0.856835 0.972679 0.066269 0.032496
0 0.421291 0.293757 0.097421 0.039413
0 0.045571 0.882148 0.020552 0.038005
0 0.323618 0.292635 0.096942 0.040725
0 0.788088 0.972928 0.055541 0.034532
0 0.259280 0.292855 0.021357 0.038872
0 0.919477 0.971960 0.044964 0.029710
0 0.066614 0.882132 0.021113 0.037045
0 0.528588 0.292044 0.022357 0.037764
0 0.917180 0.090605 0.055288 0.032714
0 0.065926 0.292577 0.022176 0.037052
0 0.973127 0.972417 0.046803 0.030211
0 0.486259 0.292144 0.022038 0.037050
0 0.973159 0.091435 0.042494 0.031260
0 0.045487 0.292045 0.019773 0.037767
0 0.590254 0.293405 0.021838 0.038707
0 0.507212 0.291958 0.020279 0.037745
0 0.054442 0.091246 0.077979 0.032299
3 0.202000 0.091728 0.034670 0.030340
0 0.342673 0.882316 0.020580 0.037025
0 0.700330 0.610066 0.022303 0.037674
0 0.699954 0.654661 0.022780 0.038932
0 0.700390 0.428970 0.020999 0.038412
1 0.057869 0.686688 0.012539 0.026679
5 0.314738 0.881855 0.035108 0.039960
5 0.125985 0.508618 0.118523 0.038929
1 0.058517 0.651116 0.012972 0.028458
0 0.700665 0.473548 0.021723 0.038110
1 0.057869 0.615988 0.013404 0.029347
5 0.126323 0.544526 0.119057 0.038913
0 0.700401 0.518086 0.022373 0.039831
1 0.058573 0.544667 0.013083 0.029701
1 0.058457 0.509327 0.012850 0.027458
1 0.058194 0.721874 0.014054 0.027686
5 0.126375 0.580487 0.118357 0.037434
1 0.089474 0.883391 0.014223 0.028125
3 0.138546 0.090575 0.072272 0.029469
5 0.125755 0.650803 0.118909 0.040211
5 0.125705 0.473395 0.118912 0.034817
5 0.126451 0.685127 0.119427 0.038937
0 0.408980 0.383457 0.079695 0.039630
5 0.126425 0.614383 0.118384 0.037794
1 0.058657 0.580609 0.014115 0.028961
5 0.126061 0.718672 0.119520 0.034117
1 0.695499 0.744859 0.015754 0.027311
1 0.057912 0.474760 0.013491 0.027910
0 0.070230 0.382287 0.034216 0.036072