0 0.307389 0.729425 0.024395 0.044931
0 0.280594 0.726091 0.021546 0.040302
0 0.774147 0.730831 0.022127 0.042367
0 0.104542 0.336292 0.023992 0.046180
0 0.747801 0.730679 0.022794 0.043190
0 0.071086 0.336105 0.023774 0.045934
0 0.135154 0.336950 0.021519 0.044651
0 0.566253 0.731884 0.023595 0.045707
3 0.015191 0.336474 0.030382 0.045456
0 0.876648 0.732682 0.109619 0.047120
0 0.340633 0.730975 0.023330 0.047154
0 0.044818 0.336473 0.023082 0.042985
0 0.799111 0.731976 0.024131 0.044276
0 0.945580 0.731597 0.023280 0.043967
0 0.532845 0.732465 0.024990 0.047497
3 0.684430 0.734316 0.018283 0.047652
0 0.218142 0.099746 0.029737 0.031657
0 0.366663 0.731295 0.023682 0.045612
0 0.715246 0.731957 0.024040 0.045891
0 0.391692 0.731107 0.022642 0.044834
0 0.442442 0.731972 0.020379 0.043556
0 0.417696 0.731173 0.023895 0.043561
3 0.554577 0.470438 0.122005 0.048385
5 0.746346 0.343144 0.507307 0.211365
5 0.498824 0.163603 0.086578 0.043492
0 0.280728 0.099292 0.077695 0.032465
3 0.647611 0.101615 0.082628 0.035124
0 0.666709 0.732373 0.020439 0.046379
3 0.460299 0.732452 0.017195 0.044285
3 0.717774 0.100865 0.039331 0.032209
0 0.107252 0.102333 0.171417 0.038094
3 0.154530 0.337844 0.018262 0.043975
3 0.509274 0.731677 0.017801 0.045587
0 0.542957 0.101833 0.115866 0.034372
3 0.598369 0.732056 0.033556 0.047621
0 0.280586 0.217178 0.021919 0.039036
0 0.387352 0.101234 0.118276 0.044211
0 0.491518 0.732203 0.020081 0.045068
0 0.936108 0.099603 0.015507 0.033202
5 0.008616 0.491384 0.017201 0.039395
0 0.466181 0.100261 0.027005 0.034800
5 0.139148 0.570004 0.252646 0.044133
5 0.139355 0.490814 0.252231 0.042500
0 0.976121 0.100318 0.046583 0.033173
5 0.347423 0.396019 0.115171 0.041277
5 0.008669 0.650731 0.017338 0.039629
5 0.140786 0.451281 0.249967 0.045622
5 0.008676 0.570626 0.017352 0.039308
5 0.008648 0.532157 0.017246 0.039263
3 0.635104 0.732175 0.033782 0.046255
5 0.137990 0.729582 0.250362 0.043881
5 0.008656 0.809912 0.017312 0.039612
5 0.008637 0.611787 0.017256 0.039969
5 0.140425 0.531170 0.252221 0.044821
5 0.139839 0.610985 0.252734 0.045309
5 0.348017 0.434321 0.114017 0.042122
5 0.008628 0.771090 0.017254 0.039865
5 0.008664 0.730168 0.017328 0.039541
5 0.140116 0.649546 0.253775 0.043380
5 0.008743 0.689039 0.017399 0.041910
5 0.008628 0.850851 0.017256 0.040075
5 0.008506 0.452635 0.016955 0.039423
5 0.140339 0.809980 0.251556 0.043072
0 0.307781 0.219567 0.031351 0.037125
5 0.140151 0.770209 0.252173 0.045010
5 0.008674 0.889332 0.017347 0.039691
5 0.139299 0.890019 0.252343 0.044805
5 0.140344 0.690593 0.253773 0.044973
5 0.140096 0.849914 0.252282 0.044925
5 0.420759 0.433679 0.032454 0.038487
5 0.420553 0.396166 0.032202 0.039447
3 0.380095 0.164533 0.153629 0.040771
5 0.420602 0.355065 0.033741 0.039782