0 0.839567 0.950215 0.029890 0.036345
0 0.194345 0.192193 0.131444 0.029283
0 0.356304 0.190916 0.157262 0.029927
0 0.810286 0.950039 0.028144 0.036548
0 0.672635 0.080291 0.023953 0.030174
0 0.609930 0.081081 0.025271 0.027915
0 0.087003 0.189660 0.021390 0.026026
0 0.638173 0.080797 0.026234 0.028624
5 0.335653 0.715302 0.117260 0.034372
5 0.683020 0.786131 0.118211 0.037937
0 0.701269 0.079656 0.023486 0.029531
5 0.414526 0.434001 0.273359 0.032946
5 0.388156 0.644662 0.221867 0.033881
5 0.388213 0.751207 0.223721 0.034492
0 0.459430 0.080425 0.028207 0.030947
5 0.604454 0.313928 0.115916 0.034235
5 0.345271 0.680071 0.136833 0.032747
0 0.314906 0.081115 0.025601 0.028914
0 0.060602 0.189970 0.022174 0.026337
0 0.279534 0.079976 0.025272 0.030547
3 0.145003 0.080469 0.182157 0.038301
5 0.335679 0.786180 0.116470 0.033803
0 0.113332 0.190214 0.022323 0.026111
5 0.573011 0.278580 0.053137 0.033485
5 0.256522 0.277813 0.118511 0.036076
0 0.431107 0.079890 0.022362 0.030552
5 0.878990 0.278336 0.054041 0.033586
0 0.369463 0.081162 0.027410 0.029819
0 0.548116 0.079272 0.021817 0.028694
0 0.251979 0.080819 0.023696 0.031003
0 0.491365 0.080275 0.030561 0.031030
0 0.023084 0.027649 0.019527 0.020924
0 0.402683 0.079648 0.027708 0.030309
0 0.341871 0.081695 0.023731 0.028882
5 0.309040 0.574255 0.063973 0.032231
0 0.033658 0.190756 0.024857 0.028681
5 0.682991 0.539540 0.114268 0.032624
5 0.309615 0.608712 0.062905 0.031034
0 0.574147 0.079729 0.027547 0.029466
5 0.335860 0.469531 0.116182 0.031654
5 0.737866 0.891165 0.227237 0.037894
5 0.367017 0.504677 0.180365 0.033712
5 0.388437 0.891205 0.222942 0.035301
5 0.683254 0.503416 0.116199 0.033964
5 0.882531 0.385274 0.047942 0.034771
5 0.672605 0.715503 0.096373 0.035079
5 0.869094 0.313696 0.032003 0.031621
5 0.256973 0.314523 0.115833 0.033968
5 0.682441 0.644094 0.119083 0.035693
0 0.036265 0.456296 0.030923 0.031616
0 0.520072 0.079928 0.024569 0.030821
5 0.304425 0.856653 0.054503 0.032620
0 0.070292 0.455808 0.024893 0.031035
5 0.641241 0.574409 0.029630 0.031720
5 0.303787 0.821005 0.052535 0.032594
5 0.704338 0.574623 0.053153 0.031632
5 0.293286 0.398148 0.032904 0.033592
0 0.096393 0.454617 0.017329 0.025526
0 0.034701 0.081394 0.023818 0.032263