0 0.259251 0.078922 0.017380 0.027784
0 0.353623 0.181026 0.015890 0.026512
0 0.410649 0.077072 0.016403 0.025111
0 0.432759 0.076943 0.015761 0.026208
0 0.220934 0.078524 0.016593 0.025601
0 0.202092 0.077587 0.017052 0.025637
3 0.093885 0.078431 0.117247 0.035187
0 0.333495 0.180551 0.014818 0.025899
0 0.315322 0.180553 0.015490 0.025234
0 0.179906 0.076703 0.016885 0.026439
0 0.277003 0.078378 0.015060 0.027665
0 0.393585 0.077031 0.017061 0.024908
0 0.204499 0.180640 0.015833 0.027229
0 0.294430 0.180894 0.016782 0.024633
0 0.238867 0.180647 0.014784 0.025437
0 0.055928 0.182436 0.011802 0.022784
0 0.295441 0.078067 0.016508 0.027360
0 0.259459 0.180664 0.015464 0.025400
0 0.129103 0.180853 0.015197 0.025617
0 0.184612 0.180650 0.014648 0.026638
0 0.148000 0.180405 0.014138 0.025546
0 0.165751 0.180598 0.016431 0.027382
0 0.393192 0.180927 0.059958 0.025912
0 0.222156 0.180170 0.014065 0.025081
0 0.237204 0.078880 0.013507 0.026411
0 0.369823 0.076383 0.018232 0.026434
0 0.073077 0.182177 0.012689 0.022843
0 0.451161 0.075399 0.015607 0.026066
0 0.094347 0.180899 0.015786 0.025236
0 0.276877 0.180522 0.013837 0.025200
0 0.332693 0.076434 0.013978 0.025636
0 0.111715 0.181227 0.013863 0.027577
0 0.038975 0.182064 0.012833 0.024397
0 0.316180 0.076422 0.015099 0.026599
0 0.960638 0.012551 0.013837 0.025102
0 0.022412 0.181858 0.011675 0.025767
0 0.352594 0.076540 0.014569 0.026406
1 0.024358 0.421063 0.012107 0.023000
0 0.945504 0.014380 0.013837 0.024745
0 0.931235 0.013968 0.013837 0.027219
1 0.023926 0.396683 0.011242 0.022270