0 0.072973 0.220026 0.023024 0.040258
0 0.532632 0.219554 0.024715 0.040837
0 0.461941 0.220383 0.106691 0.045031
0 0.355114 0.221411 0.106892 0.042809
0 0.026765 0.320441 0.024120 0.042799
0 0.049868 0.876912 0.022056 0.038212
0 0.072975 0.877392 0.021181 0.038585
0 0.705133 0.975358 0.062584 0.043703
0 0.555815 0.220083 0.022242 0.039648
0 0.493991 0.472503 0.023495 0.043902
0 0.375402 0.878658 0.022146 0.044185
5 0.303071 0.625735 0.196960 0.045920
0 0.283918 0.221651 0.023633 0.044422
5 0.268731 0.524160 0.131616 0.043225
0 0.049062 0.220232 0.023147 0.040917
0 0.773778 0.976577 0.060659 0.032168
0 0.974172 0.976313 0.050718 0.033049
0 0.847468 0.975588 0.073860 0.030677
3 0.669000 0.373273 0.130308 0.045603
0 0.916264 0.974393 0.048390 0.030910
5 0.253740 0.574265 0.099314 0.044350
0 0.260735 0.221768 0.021220 0.044187
5 0.223801 0.675369 0.038698 0.045997
0 0.578509 0.220375 0.022782 0.041395
3 0.221394 0.099292 0.039647 0.031369
0 0.975627 0.099748 0.047335 0.033915
0 0.059205 0.099840 0.087790 0.035184
0 0.164137 0.323141 0.017889 0.035647
5 0.457161 0.523650 0.039158 0.045864
3 0.151457 0.099328 0.084078 0.036524
5 0.170325 0.220840 0.159070 0.043807
1 0.097355 0.879016 0.013584 0.032357
5 0.344554 0.877504 0.038156 0.040623
5 0.219772 0.372726 0.032837 0.043197
5 0.321125 0.473498 0.233493 0.046160
5 0.397227 0.726225 0.386561 0.045746
0 0.077176 0.319514 0.037239 0.038563
0 0.913905 0.099201 0.059832 0.034043
5 0.458020 0.473643 0.040257 0.047732
0 0.125260 0.321127 0.024414 0.034819
5 0.249479 0.372543 0.016745 0.043007