0 0.961829 0.163835 0.020493 0.039536
0 0.905615 0.975219 0.064616 0.036053
0 0.350737 0.765030 0.020307 0.039644
0 0.590082 0.256027 0.056467 0.041246
0 0.275293 0.255578 0.021776 0.040078
0 0.988637 0.666248 0.020616 0.039262
0 0.349851 0.307788 0.020469 0.037249
0 0.251428 0.255793 0.020879 0.039059
3 0.388057 0.713536 0.094152 0.040982
0 0.753883 0.163798 0.022899 0.042443
0 0.305191 0.307550 0.018129 0.036029
0 0.746553 0.256387 0.080722 0.040671
0 0.059805 0.082131 0.084480 0.031149
3 0.500069 0.256047 0.104388 0.041384
0 0.203934 0.255888 0.019620 0.039301
0 0.972436 0.973743 0.055128 0.031186
0 0.180419 0.255977 0.021650 0.039732
3 0.207873 0.165029 0.229952 0.041239
0 0.156640 0.256163 0.020906 0.039988
0 0.227754 0.255886 0.020665 0.039442
0 0.050126 0.255889 0.021076 0.040386
0 0.305236 0.765296 0.017799 0.037325
0 0.240361 0.764859 0.021228 0.040522
3 0.503288 0.165382 0.158222 0.038281
0 0.117653 0.255781 0.018986 0.040226
0 0.159271 0.082759 0.098211 0.031784
0 0.240379 0.308274 0.020539 0.038489
0 0.978329 0.082104 0.043342 0.031800
0 0.073573 0.713610 0.019735 0.039760
0 0.393735 0.255603 0.070981 0.040230
0 0.374256 0.764816 0.021048 0.039311
3 0.234060 0.082025 0.035227 0.029098
0 0.072724 0.256209 0.018565 0.037797
0 0.151495 0.713479 0.022829 0.041435
0 0.374291 0.307308 0.021034 0.036952
0 0.086040 0.308277 0.020251 0.037497
0 0.109492 0.308146 0.020250 0.038299
0 0.133033 0.308126 0.020618 0.038064
0 0.156431 0.308050 0.019456 0.037610
3 0.284042 0.713246 0.106862 0.039182
0 0.062049 0.307987 0.021042 0.038660
3 0.324726 0.256280 0.057598 0.038623
0 0.031205 0.764731 0.021056 0.039005
0 0.201298 0.307830 0.019279 0.037538
0 0.026070 0.256015 0.021171 0.040767
0 0.127407 0.713545 0.020725 0.040706
0 0.103979 0.713223 0.022392 0.041314
0 0.049653 0.712750 0.020323 0.039808
0 0.031182 0.308512 0.021945 0.040014
0 0.062157 0.765348 0.020750 0.038070
0 0.201804 0.765366 0.018489 0.037912
0 0.026413 0.712534 0.019241 0.038635
0 0.874408 0.164543 0.154670 0.042685
0 0.156178 0.765468 0.018898 0.037026
3 0.793818 0.255611 0.017381 0.040527
3 0.460969 0.713377 0.030916 0.040841
0 0.085751 0.765285 0.020101 0.037683
3 0.828746 0.257382 0.030821 0.041075
0 0.132570 0.765254 0.021043 0.038397
0 0.109008 0.765390 0.020407 0.038604
3 0.276044 0.765863 0.031308 0.037119
3 0.088995 0.256335 0.016678 0.039862
3 0.134566 0.255954 0.017863 0.040002
3 0.321526 0.765075 0.016207 0.038552
3 0.173230 0.765596 0.016175 0.036844
3 0.218575 0.765297 0.016523 0.038280
0 0.173739 0.308644 0.016616 0.036745
3 0.275963 0.307579 0.031154 0.037994
0 0.053963 0.669715 0.032323 0.040287
3 0.322059 0.308339 0.016894 0.035736
3 0.218421 0.308175 0.016108 0.038052
1 0.025682 0.403954 0.015722 0.032011
5 0.191523 0.713340 0.039611 0.041157
3 0.694821 0.256277 0.016902 0.039561
3 0.218625 0.714037 0.016386 0.039745
1 0.026304 0.862194 0.012539 0.026788
0 0.191835 0.713607 0.040520 0.041170
5 0.028410 0.975345 0.012883 0.026296
0 0.654419 0.256537 0.065679 0.039277
5 0.657247 0.165569 0.146765 0.038654
3 0.436600 0.257130 0.015532 0.040323