5 0.435442 0.303460 0.118350 0.039947
5 0.393908 0.168971 0.037239 0.040391
0 0.475924 0.166233 0.022535 0.040032
0 0.257372 0.757903 0.021068 0.039699
0 0.449294 0.166338 0.021912 0.039596
0 0.899822 0.972726 0.073397 0.037634
5 0.200594 0.303058 0.038908 0.037947
5 0.435339 0.348361 0.119100 0.039965
0 0.910293 0.084994 0.056324 0.032018
0 0.236129 0.758420 0.020347 0.038666
0 0.427469 0.166167 0.021343 0.038790
0 0.053645 0.084344 0.076408 0.030901
0 0.965043 0.969818 0.046015 0.031715
0 0.065130 0.758490 0.020610 0.040321
0 0.966681 0.084841 0.043118 0.030884
5 0.200729 0.349035 0.039008 0.036554
3 0.215786 0.167206 0.132296 0.038672
5 0.595130 0.349089 0.041140 0.036063
5 0.466265 0.646034 0.028603 0.037118
0 0.023859 0.850457 0.021744 0.041289
0 0.044124 0.758656 0.020695 0.041783
3 0.137191 0.084766 0.074988 0.030309
5 0.326098 0.610175 0.031498 0.035795
5 0.326100 0.646054 0.031490 0.037089
5 0.466391 0.680793 0.028303 0.035352
0 0.136440 0.166489 0.016478 0.035207
5 0.466359 0.610266 0.029168 0.035575
3 0.199755 0.084715 0.035146 0.028776
5 0.397186 0.574720 0.113495 0.039134
5 0.153949 0.758970 0.146085 0.039124
5 0.397737 0.609966 0.113823 0.038522
5 0.397343 0.645714 0.113498 0.039940
5 0.466185 0.574013 0.028767 0.037719
5 0.326169 0.574103 0.031400 0.037962
5 0.397335 0.681023 0.113403 0.037418
5 0.326030 0.680855 0.031601 0.034907
5 0.325483 0.166788 0.077704 0.040386
5 0.532706 0.645837 0.107099 0.039704
4 0.050871 0.614386 0.058059 0.027655
5 0.533112 0.609874 0.107070 0.038522
4 0.086432 0.477508 0.133997 0.030036
4 0.049382 0.569320 0.056044 0.025401
4 0.077749 0.431997 0.115668 0.027678
4 0.057762 0.523478 0.072776 0.026897
5 0.532410 0.680885 0.106250 0.036554
5 0.532784 0.574268 0.107399 0.038229
3 0.080089 0.166282 0.133142 0.037406
0 0.070023 0.852633 0.030733 0.043299
4 0.088845 0.387668 0.134970 0.027814
4 0.060660 0.296093 0.078599 0.028349
4 0.088814 0.207701 0.136834 0.029005
4 0.079419 0.252208 0.118044 0.030005
4 0.060628 0.344222 0.077572 0.026004