0 0.125238 0.176531 0.022968 0.047735
0 0.600068 0.176094 0.021176 0.048870
5 0.261168 0.724227 0.160230 0.047963
5 0.701018 0.835879 0.143921 0.048168
0 0.150064 0.175690 0.022326 0.047142
0 0.024097 0.175031 0.021656 0.045428
5 0.253869 0.668815 0.144956 0.046873
0 0.202926 0.176543 0.023845 0.047719
5 0.594568 0.450544 0.085088 0.045978
5 0.253645 0.451316 0.145770 0.047902
0 0.176992 0.175905 0.021745 0.047186
5 0.708343 0.945329 0.311732 0.049053
5 0.200317 0.835804 0.038956 0.047207
5 0.253818 0.505524 0.145058 0.048759
3 0.617869 0.176239 0.017775 0.048634
5 0.632458 0.890825 0.160925 0.046873
5 0.571915 0.341139 0.038916 0.047613
5 0.571601 0.286613 0.038289 0.046814
0 0.976004 0.108037 0.047992 0.046201
0 0.049629 0.175490 0.020857 0.045103
5 0.329720 0.835051 0.144543 0.049417
5 0.253823 0.395208 0.145040 0.046873
0 0.463972 0.176658 0.120571 0.050773
0 0.168860 0.107242 0.108241 0.038932
5 0.337068 0.945692 0.313419 0.048326
0 0.075689 0.176514 0.020571 0.045922
5 0.571396 0.835543 0.039764 0.048502
3 0.094156 0.176397 0.017894 0.046909
3 0.252095 0.105512 0.038780 0.033942
0 0.059898 0.107497 0.092255 0.039134
0 0.552355 0.176479 0.049642 0.046814
5 0.609646 0.835827 0.038177 0.047875
5 0.594175 0.395272 0.084302 0.046957
5 0.260350 0.890462 0.160903 0.046873
5 0.222991 0.780302 0.084332 0.048926
0 0.375319 0.176154 0.049673 0.047850
5 0.188849 0.560141 0.017709 0.046815
5 0.340777 0.451309 0.030416 0.047303
5 0.669485 0.395924 0.070100 0.047176
0 0.284851 0.177698 0.120237 0.050087
5 0.340711 0.506767 0.030419 0.047156
5 0.238182 0.835925 0.038533 0.046806
5 0.340559 0.285928 0.030553 0.044790
5 0.340645 0.396298 0.032112 0.046873
5 0.253536 0.285656 0.145504 0.047963
1 0.778383 0.835002 0.013404 0.032283