5 0.810739 0.847431 0.030913 0.046587
5 0.810417 0.793339 0.032172 0.051041
5 0.980077 0.843564 0.039266 0.046582
0 0.355646 0.353442 0.021268 0.040849
0 0.378059 0.353203 0.020659 0.045145
5 0.811577 0.736103 0.035498 0.047382
5 0.814654 0.623745 0.037370 0.051279
0 0.452965 0.355002 0.023813 0.042192
1 0.921613 0.627552 0.015280 0.036331
5 0.813897 0.953659 0.038478 0.044963
0 0.331024 0.353609 0.021554 0.043994
0 0.580212 0.354006 0.020666 0.039716
0 0.482646 0.355154 0.022497 0.040879
0 0.559167 0.354092 0.020920 0.040975
0 0.429211 0.354562 0.018923 0.039558
5 0.814489 0.570462 0.037643 0.045421
0 0.535831 0.354210 0.020100 0.042857
5 0.141391 0.485318 0.252161 0.044485
0 0.505657 0.354421 0.022128 0.041138
0 0.409097 0.355066 0.019543 0.040475
0 0.603599 0.354962 0.019794 0.039155
3 0.544010 0.683691 0.237543 0.052302
0 0.216793 0.106550 0.029307 0.026779
3 0.543332 0.955882 0.236227 0.047737
0 0.302310 0.353602 0.025200 0.045225
3 0.545122 0.791452 0.238351 0.053260
0 0.069631 0.359043 0.020743 0.040405
0 0.625588 0.354662 0.020723 0.040178
5 0.141269 0.613627 0.253614 0.054497
0 0.281090 0.459838 0.023619 0.047273
5 0.137857 0.700673 0.251544 0.057400
5 0.141649 0.528522 0.249926 0.053322
5 0.137837 0.873019 0.249816 0.057987
0 0.534625 0.518738 0.062690 0.038506
0 0.043836 0.358922 0.017482 0.037674
1 0.921751 0.681647 0.014063 0.030124
0 0.350911 0.519893 0.078307 0.036401
0 0.349209 0.352894 0.017891 0.044923
1 0.923319 0.790916 0.019106 0.044328
0 0.346250 0.354053 0.013822 0.042513
1 0.322659 0.246093 0.019811 0.035168
0 0.103991 0.358187 0.023349 0.050356
0 0.133826 0.361890 0.020755 0.057762
3 0.153284 0.359668 0.022052 0.050356
3 0.014810 0.358927 0.027889 0.054799
3 0.552034 0.461885 0.315171 0.047803
3 0.738986 0.462549 0.022678 0.049130
3 0.764281 0.463213 0.023260 0.050458
1 0.301746 0.162956 0.013584 0.028881
1 0.301277 0.203068 0.014521 0.029950
1 0.301511 0.245855 0.014053 0.034229
1 0.301277 0.287571 0.015458 0.032090
1 0.323059 0.160282 0.020611 0.038508
1 0.322825 0.202534 0.020142 0.039577
1 0.322122 0.289176 0.020611 0.041717
5 0.814262 0.683073 0.041757 0.051344