5 0.171074 0.624249 0.086114 0.042605
5 0.164259 0.521851 0.073223 0.042240
5 0.233005 0.523975 0.039546 0.040233
5 0.571676 0.470809 0.031564 0.040627
5 0.147268 0.423273 0.038614 0.046505
5 0.201647 0.218851 0.149832 0.048728
5 0.353693 0.828600 0.317048 0.048494
5 0.201510 0.171908 0.148024 0.050026
5 0.147938 0.472642 0.039424 0.040130
3 0.209195 0.573316 0.163395 0.048068
5 0.571615 0.422146 0.031128 0.042937
5 0.080757 0.827878 0.085866 0.039814
0 0.521865 0.827645 0.025519 0.044874
3 0.041009 0.101675 0.082017 0.032337
0 0.604385 0.827174 0.025116 0.041953
0 0.552121 0.828084 0.022642 0.042870
0 0.576139 0.827861 0.023124 0.042821
0 0.969802 0.101500 0.049689 0.040752
5 0.014247 0.827053 0.021026 0.046576
0 0.628980 0.827927 0.023131 0.043350
0 0.656200 0.827601 0.030048 0.041563
3 0.110511 0.102096 0.036652 0.032488
5 0.575668 0.525773 0.041824 0.043722
5 0.147153 0.827813 0.024398 0.043129
5 0.253973 0.626922 0.056722 0.046783
0 0.293066 0.624931 0.027595 0.044419
0 0.171028 0.829127 0.023109 0.042657
0 0.614331 0.575952 0.023076 0.046841
0 0.591477 0.576871 0.022632 0.045004
0 0.567957 0.578249 0.025295 0.045922