5 0.235367 0.483887 0.287183 0.046425
0 0.065611 0.081195 0.109311 0.034670
0 0.165642 0.080764 0.071871 0.032437
0 0.226973 0.081272 0.034401 0.031409
5 0.159923 0.253179 0.077214 0.039738
5 0.159918 0.163528 0.075860 0.040033
0 0.896957 0.971094 0.067010 0.040306
5 0.538873 0.207234 0.033846 0.038214
0 0.971090 0.082770 0.050289 0.038500
0 0.967068 0.969526 0.063268 0.040905
1 0.438419 0.529158 0.015152 0.025822
5 0.235987 0.619197 0.284538 0.039131
5 0.236035 0.529502 0.287251 0.039228
5 0.339746 0.161105 0.035139 0.036598
5 0.339087 0.207786 0.037718 0.039423
5 0.536564 0.160734 0.029267 0.035831
1 0.037373 0.436193 0.015142 0.029790
4 0.971209 0.082655 0.050077 0.037905
1 0.437814 0.665932 0.014164 0.027587
0 0.056995 0.017765 0.025153 0.032058
5 0.235803 0.666595 0.286778 0.039359
1 0.037826 0.576472 0.013350 0.034739