5 0.164331 0.376443 0.078310 0.042900
0 0.539323 0.942042 0.015842 0.026335
5 0.158575 0.676349 0.066895 0.040944
0 0.607942 0.942810 0.072481 0.028591
0 0.559405 0.941531 0.014799 0.026599
1 0.361844 0.290811 0.015072 0.024001
5 0.233311 0.205734 0.220319 0.041797
5 0.234736 0.504330 0.221480 0.050798
0 0.974962 0.971854 0.027259 0.037481
1 0.361415 0.656496 0.011665 0.021897
0 0.506141 0.944039 0.037272 0.026733
1 0.361344 0.624674 0.012671 0.023348
1 0.361834 0.322897 0.014836 0.025415
1 0.361922 0.256066 0.015076 0.027435
1 0.361437 0.457502 0.014215 0.022746
1 0.361992 0.490347 0.014408 0.024666
0 0.440393 0.945077 0.081685 0.032762
4 0.410476 0.422488 0.083278 0.026379
1 0.361651 0.691024 0.012922 0.025158
0 0.146811 0.085433 0.085268 0.028355
0 0.061508 0.084973 0.074332 0.028020
1 0.357912 0.907722 0.011931 0.023956
1 0.361935 0.591284 0.014459 0.023938
4 0.432449 0.358224 0.126561 0.026083
1 0.358119 0.867383 0.012029 0.026325
1 0.361843 0.221868 0.015633 0.030010
4 0.397095 0.489835 0.055867 0.026104
5 0.410632 0.221070 0.083830 0.029826
0 0.210654 0.085013 0.036122 0.026685
5 0.234976 0.719350 0.218152 0.038665
1 0.361780 0.423230 0.015082 0.024597
1 0.362091 0.520579 0.014254 0.025311
1 0.361391 0.557980 0.012577 0.028060
3 0.411508 0.221169 0.082808 0.030163
0 0.969313 0.085678 0.041715 0.035056
1 0.361906 0.726825 0.014672 0.027093
1 0.362275 0.357203 0.011675 0.023222
1 0.362059 0.390585 0.013837 0.024190
1 0.361194 0.759724 0.012972 0.023222
1 0.362059 0.792622 0.011242 0.027093