1 0.522468 0.580045 0.016003 0.031639
1 0.522002 0.490851 0.014411 0.028504
5 0.406785 0.535872 0.087295 0.041447
1 0.522154 0.448092 0.014519 0.031102
5 0.414774 0.360616 0.074377 0.037773
5 0.397176 0.492120 0.067985 0.038459
3 0.434009 0.274794 0.141923 0.041287
0 0.768002 0.950398 0.053612 0.027169
0 0.039766 0.290736 0.020267 0.038649
5 0.399633 0.622458 0.074961 0.040479
0 0.897918 0.976941 0.064865 0.042489
0 0.062770 0.290592 0.022648 0.040753
0 0.119808 0.291515 0.018462 0.039870
1 0.522168 0.622880 0.015689 0.031416
5 0.401056 0.580298 0.075138 0.040475
0 0.704620 0.949781 0.059464 0.029532
1 0.521976 0.536101 0.014963 0.026451
0 0.091449 0.291314 0.022271 0.044200
0 0.013968 0.290832 0.027541 0.040895
0 0.164094 0.291002 0.022432 0.040749
0 0.931661 0.088755 0.015810 0.031658
1 0.521941 0.666815 0.014750 0.027616
0 0.962186 0.979134 0.058557 0.038279
0 0.313909 0.754244 0.186041 0.040282
0 0.969686 0.087980 0.042541 0.031664
5 0.380518 0.449244 0.036940 0.038540
5 0.379887 0.403470 0.036270 0.036938
5 0.895428 0.144560 0.077144 0.042437
1 0.521752 0.406446 0.014263 0.027132
5 0.432827 0.316450 0.141885 0.038078
0 0.136266 0.291394 0.020120 0.039890
1 0.522517 0.317820 0.015442 0.030731
3 0.870798 0.627130 0.112617 0.047051
5 0.370510 0.360623 0.017852 0.036907
0 0.370550 0.188775 0.078553 0.036467
0 0.910531 0.088795 0.017092 0.034962
1 0.521380 0.273310 0.015122 0.031785
3 0.433990 0.318603 0.141885 0.040948
1 0.229755 0.667660 0.010207 0.025598
0 0.802500 0.112371 0.010912 0.020405