5 0.250169 0.510068 0.247940 0.044837
5 0.163859 0.380160 0.079835 0.041265
0 0.059707 0.090596 0.077945 0.031295
0 0.145118 0.090017 0.081748 0.030744
3 0.248954 0.294973 0.248364 0.040364
0 0.972382 0.976525 0.026679 0.033945
0 0.210135 0.090563 0.036809 0.027348
5 0.249378 0.211995 0.247171 0.047495
5 0.157362 0.681280 0.065317 0.035120
0 0.967635 0.090627 0.043590 0.038267
0 0.251751 0.091102 0.031174 0.028081
5 0.246393 0.722050 0.248133 0.044635
3 0.247795 0.251606 0.249077 0.048608
4 0.967808 0.090505 0.043366 0.038668
3 0.252048 0.091161 0.030775 0.029117
0 0.376151 0.208682 0.014702 0.031566