0 0.867171 0.973574 0.075406 0.036239
0 0.943896 0.973267 0.062934 0.032135
3 0.043591 0.095616 0.042954 0.030583
5 0.261109 0.470528 0.129163 0.041488
5 0.600448 0.712242 0.088700 0.038256
0 0.951927 0.095634 0.053376 0.035620
5 0.600245 0.615978 0.088574 0.036911
5 0.241001 0.662894 0.087183 0.037300
5 0.146149 0.230348 0.074399 0.038722
5 0.217577 0.711940 0.040762 0.036899
5 0.241299 0.423049 0.088113 0.039428
0 0.075347 0.327535 0.058814 0.039466
5 0.253660 0.711244 0.029832 0.035376
5 0.664463 0.229378 0.039936 0.040006
5 0.241434 0.615193 0.088525 0.035831
5 0.162375 0.181658 0.104729 0.042991
5 0.257661 0.183155 0.041019 0.043863