3 0.726899 0.107040 0.039834 0.038494
0 0.419636 0.967296 0.020835 0.041587
0 0.270131 0.967003 0.021818 0.042389
0 0.130400 0.189393 0.023744 0.050901
0 0.293622 0.967143 0.022343 0.044309
3 0.099137 0.192627 0.019942 0.042531
0 0.064773 0.107296 0.089462 0.043757
1 0.359290 0.569896 0.013835 0.035080
1 0.253496 0.318851 0.016489 0.034857
1 0.359823 0.403255 0.015244 0.035592
1 0.359585 0.486896 0.014324 0.035042
0 0.375657 0.969866 0.020537 0.039392
0 0.080620 0.189687 0.020732 0.047117
1 0.359246 0.652500 0.013763 0.035247
0 0.396801 0.968609 0.020405 0.040490
1 0.359818 0.735011 0.015031 0.036055
1 0.253038 0.402726 0.016875 0.035122
1 0.253436 0.235368 0.016417 0.033907
5 0.422077 0.276926 0.092699 0.045135
0 0.009081 0.191434 0.018162 0.044846
5 0.421549 0.610918 0.092799 0.041845
1 0.359954 0.319412 0.015496 0.035583
5 0.421580 0.444588 0.092806 0.041929
5 0.421646 0.776378 0.093021 0.044480
1 0.360034 0.235642 0.016109 0.035800
5 0.421618 0.360713 0.092543 0.042646
0 0.032857 0.192223 0.023153 0.047476
5 0.315002 0.858257 0.055923 0.043681
5 0.421145 0.860114 0.091260 0.042491
5 0.421467 0.527137 0.092407 0.042860
5 0.421258 0.693374 0.092377 0.042681
0 0.192726 0.106549 0.148730 0.037754
5 0.422277 0.319849 0.092747 0.041481
1 0.359160 0.529272 0.013152 0.035144
5 0.420342 0.652483 0.088988 0.044994
1 0.359049 0.611952 0.013028 0.035322
5 0.420167 0.735382 0.088567 0.045148
5 0.420483 0.569246 0.089066 0.045124
5 0.315731 0.775655 0.054740 0.044145
1 0.360635 0.817711 0.015806 0.036422
1 0.252472 0.734890 0.017456 0.036765
1 0.359353 0.445987 0.013888 0.035459
1 0.252737 0.485810 0.017049 0.036272
5 0.315754 0.609627 0.054841 0.044073
5 0.314963 0.276160 0.056527 0.043762
0 0.246979 0.967427 0.020909 0.040516
5 0.420554 0.486248 0.089230 0.045096
5 0.422517 0.194283 0.094235 0.043219
1 0.252587 0.901063 0.017434 0.038618
5 0.420753 0.402691 0.089703 0.045293
5 0.420360 0.818564 0.088762 0.045175
5 0.314924 0.734799 0.056662 0.042942
1 0.252335 0.652148 0.017246 0.036177
1 0.252500 0.818031 0.016916 0.036828
5 0.422058 0.235768 0.092669 0.045084
1 0.359858 0.360002 0.014944 0.036224
1 0.252764 0.859206 0.016884 0.037081
5 0.314723 0.569180 0.056026 0.043122
1 0.360062 0.276017 0.015537 0.035824
5 0.315041 0.817953 0.056501 0.043176
0 0.328623 0.105172 0.098808 0.034806
5 0.314746 0.652228 0.056357 0.043226
5 0.314827 0.692499 0.056585 0.043956
5 0.315870 0.443328 0.055502 0.044181
0 0.436346 0.105858 0.107224 0.035893
5 0.314794 0.359734 0.057128 0.043781
1 0.252299 0.776522 0.016562 0.037235
1 0.253056 0.362105 0.016436 0.034628
1 0.359023 0.694476 0.013090 0.035348
1 0.252258 0.693712 0.017242 0.036597
1 0.252109 0.610956 0.017366 0.036954
5 0.314783 0.318902 0.058042 0.043483
1 0.361745 0.857295 0.016415 0.037709
5 0.315726 0.526535 0.055208 0.043915
0 0.552640 0.106493 0.113520 0.038150
1 0.252510 0.528247 0.017652 0.036927
1 0.252556 0.445019 0.016533 0.036201
5 0.314727 0.485775 0.057919 0.043132
5 0.314824 0.402323 0.058020 0.043265
1 0.252504 0.569447 0.018045 0.036376
1 0.253510 0.275283 0.016841 0.034931
5 0.314877 0.235419 0.057125 0.042599
1 0.359476 0.776986 0.013297 0.035633
0 0.975756 0.104897 0.048488 0.035275
5 0.314893 0.901035 0.054713 0.041376
1 0.361500 0.899091 0.021369 0.038582
1 0.360576 0.193492 0.017827 0.037188
1 0.253350 0.194844 0.016742 0.034961
5 0.109717 0.854002 0.218413 0.046015
3 0.655349 0.105581 0.085421 0.036750
5 0.422569 0.901660 0.090990 0.044152
0 0.942997 0.968416 0.041873 0.042971
5 0.109658 0.937114 0.218527 0.044967
5 0.682243 0.695532 0.429008 0.046641
5 0.679819 0.654927 0.432071 0.047465
5 0.678825 0.822320 0.434117 0.048724
5 0.315603 0.193024 0.055575 0.043223
5 0.109525 0.895234 0.219050 0.042971
5 0.682703 0.529369 0.429287 0.046834
5 0.680150 0.321443 0.432699 0.046866
5 0.683397 0.363124 0.429280 0.047071
5 0.683877 0.486955 0.428209 0.045582
5 0.108541 0.811601 0.217082 0.042746
5 0.108541 0.772417 0.217082 0.046308
3 0.050086 0.193420 0.015999 0.049870