5 0.183747 0.396690 0.143591 0.041267
5 0.183499 0.353329 0.145547 0.040940
3 0.189233 0.307508 0.160633 0.042096
5 0.130479 0.487690 0.039117 0.038084
5 0.183297 0.442092 0.145858 0.042239
5 0.130644 0.532869 0.040010 0.040649
3 0.198770 0.090204 0.040225 0.030911
5 0.160002 0.712883 0.100591 0.040754
0 0.067283 0.091154 0.092137 0.033250
0 0.145571 0.090467 0.050337 0.030203
5 0.228570 0.712741 0.037884 0.041063
0 0.156860 0.260081 0.017159 0.035183
0 0.617543 0.444127 0.024881 0.042928
0 0.617654 0.351398 0.024156 0.040922
1 0.035393 0.669614 0.015086 0.025595
5 0.129141 0.260944 0.034581 0.039458
0 0.617309 0.399027 0.023605 0.036379
0 0.958699 0.094776 0.054140 0.033343
5 0.190931 0.308680 0.161889 0.043290