5 0.189246 0.605345 0.044331 0.039568
5 0.193925 0.652349 0.054082 0.039733
5 0.227881 0.441942 0.081020 0.039854
5 0.740052 0.605186 0.041880 0.038795
5 0.215242 0.700476 0.097158 0.039796
0 0.955105 0.960676 0.075109 0.038555
5 0.803064 0.700014 0.169161 0.039833
5 0.218343 0.745758 0.105276 0.042598
5 0.213291 0.396084 0.055587 0.041019
5 0.771102 0.746068 0.107508 0.042526
5 0.772298 0.653788 0.106782 0.041846
0 0.024870 0.959888 0.030309 0.040319
3 0.324477 0.094068 0.104018 0.029112
3 0.464704 0.096324 0.147051 0.031749
5 0.721202 0.441998 0.058871 0.038407
0 0.024581 0.849514 0.024778 0.045467
5 0.228508 0.489962 0.085684 0.039914
0 0.265676 0.489498 0.015719 0.035791
5 0.856126 0.653310 0.060684 0.042350
5 0.719809 0.394932 0.056545 0.038269
3 0.190454 0.096042 0.128569 0.030400
1 0.021504 0.903581 0.018381 0.038255
3 0.963699 0.098221 0.033968 0.036927
0 0.265939 0.747984 0.014531 0.035006
0 0.884737 0.700034 0.016518 0.033450
0 0.218583 0.654612 0.015960 0.035642
0 0.063765 0.095631 0.089811 0.031512
0 0.877353 0.653994 0.014585 0.039434
0 0.259695 0.446544 0.018173 0.034600
0 0.251370 0.699893 0.021508 0.035266
0 0.809493 0.747350 0.029824 0.037663
0 0.815730 0.654926 0.017714 0.038048
0 0.230598 0.396339 0.018064 0.036013
0 0.742898 0.394944 0.017119 0.035165