0 0.850297 0.965736 0.086547 0.046082
3 0.346047 0.492971 0.143046 0.043002
5 0.601377 0.362606 0.661170 0.219641
0 0.936403 0.963317 0.070226 0.035239
3 0.819716 0.103733 0.046319 0.035762
0 0.018405 0.227674 0.025687 0.043497
5 0.277725 0.173966 0.100427 0.046559
0 0.018838 0.758702 0.027978 0.045349
0 0.262340 0.103418 0.034915 0.030164
0 0.358825 0.103283 0.134862 0.033902
0 0.462447 0.103548 0.058404 0.032538
0 0.516486 0.103358 0.031420 0.031053
0 0.611154 0.103484 0.135232 0.034965
0 0.131936 0.105075 0.204060 0.035562
0 0.947045 0.102901 0.054950 0.038311
1 0.379038 0.176553 0.017983 0.033994
0 0.050461 0.229371 0.039156 0.041200
3 0.737859 0.103873 0.098375 0.034208
5 0.099283 0.455345 0.137001 0.043273
5 0.184573 0.412370 0.037154 0.043423
5 0.184419 0.369618 0.038501 0.043438
0 0.899109 0.104778 0.019641 0.034084
5 0.099201 0.487171 0.136755 0.029796
3 0.134799 0.175147 0.192858 0.051645
5 0.185114 0.454785 0.036518 0.042283
5 0.099428 0.413244 0.138034 0.044116