5 0.246997 0.918764 0.135364 0.042334
5 0.232475 0.455764 0.036719 0.043180
5 0.743743 0.918433 0.100707 0.040892
5 0.232450 0.598731 0.035614 0.044781
5 0.720742 0.187238 0.055123 0.039581
5 0.750575 0.457106 0.039402 0.042634
5 0.783150 0.867528 0.179448 0.050755
5 0.752228 0.504811 0.041736 0.041480
5 0.711547 0.718563 0.035837 0.043026
5 0.750747 0.406338 0.038214 0.043295
5 0.244262 0.717887 0.051032 0.044107
5 0.232680 0.405425 0.038894 0.044640
0 0.960347 0.974930 0.070262 0.041949
5 0.280929 0.357801 0.136606 0.044101
5 0.295024 0.189816 0.230179 0.048044
5 0.248961 0.868016 0.138309 0.050377
5 0.342377 0.865774 0.053560 0.045284
0 0.015171 0.973719 0.029419 0.043423
5 0.248853 0.236292 0.142265 0.042669
0 0.148753 0.079062 0.130797 0.039959
0 0.741918 0.187315 0.014649 0.037400
5 0.401120 0.141613 0.437754 0.036510
1 0.186873 0.769682 0.015419 0.030274
5 0.199107 0.718083 0.035502 0.045567