0 0.258735 0.895433 0.116311 0.044737
0 0.561481 0.664458 0.021889 0.039420
0 0.609344 0.666878 0.061807 0.038694
3 0.772439 0.720918 0.162837 0.050691
3 0.530044 0.511336 0.180483 0.045097
5 0.222517 0.721919 0.054638 0.044900
3 0.185159 0.109644 0.141840 0.036664
5 0.550787 0.582996 0.107404 0.041176
0 0.965973 0.974833 0.067621 0.040187
0 0.018251 0.971601 0.027152 0.041274
3 0.326261 0.108266 0.104249 0.034210
0 0.642893 0.427913 0.020387 0.045649
0 0.617176 0.425504 0.020076 0.041582
0 0.594197 0.583718 0.016948 0.036587
0 0.045238 0.257434 0.036886 0.035295
1 0.202943 0.773532 0.014013 0.028288
0 0.055162 0.106608 0.086386 0.032827
0 0.241986 0.722018 0.014046 0.043076
0 0.930452 0.669140 0.016015 0.033189
3 0.974890 0.107039 0.029306 0.038504