5 0.232315 0.357813 0.035087 0.043581
5 0.199042 0.481773 0.036294 0.046368
1 0.012334 0.912801 0.015925 0.026670
1 0.012429 0.748180 0.015860 0.035599
5 0.713374 0.482173 0.036942 0.047329
1 0.012901 0.829462 0.014248 0.032881
0 0.986335 0.643550 0.021171 0.044779
3 0.325509 0.101824 0.107194 0.035435
0 0.962597 0.975862 0.069862 0.041194
3 0.184297 0.104313 0.141848 0.037086
5 0.244911 0.482508 0.049455 0.045654
1 0.012536 0.789861 0.015267 0.034216
0 0.016493 0.975286 0.030096 0.045373
1 0.012526 0.869576 0.015396 0.035611
3 0.971178 0.106367 0.034428 0.045216
0 0.054565 0.100970 0.086670 0.033137
1 0.013197 0.705261 0.013903 0.031750
1 0.187011 0.535221 0.013404 0.025980