4 0.9536 0.09954751131221719 0.0568 0.04675716440422323
3 0.0448 0.09879336349924585 0.0464 0.03770739064856712
5 0.3056 0.5203619909502263 0.104 0.0392156862745098
5 0.274 0.5693815987933635 0.0392 0.03619909502262444
5 0.274 0.6161387631975868 0.0376 0.03469079939668175
1 0.264 0.7601809954751131 0.012 0.02564102564102564
5 0.2912 0.2790346907993967 0.072 0.03770739064856712
5 0.2748 0.3310708898944193 0.0392 0.03770739064856712
5 0.2704 0.3770739064856712 0.032 0.03619909502262444
0 0.816 0.978129713423831 0.0992 0.04072398190045249
0 0.9268 0.9773755656108597 0.1064 0.0392156862745098