0 0.627152 0.511976 0.027201 0.029217
0 0.929860 0.025088 0.016135 0.027809
0 0.874490 0.025403 0.016914 0.028834
0 0.901844 0.024849 0.016029 0.026357
0 0.961164 0.025170 0.021657 0.036496
0 0.051629 0.242393 0.045831 0.034878
3 0.494953 0.216491 0.021137 0.030696
0 0.847035 0.025692 0.016625 0.027701
0 0.032883 0.023916 0.014616 0.030050
0 0.910551 0.098910 0.030360 0.031495
0 0.141459 0.244154 0.112631 0.036359
0 0.309064 0.241557 0.203808 0.049344
0 0.048941 0.438284 0.020113 0.045449
0 0.193805 0.331412 0.026549 0.043423
0 0.343363 0.331983 0.030678 0.046851
0 0.493805 0.333697 0.023599 0.047994
0 0.644248 0.334840 0.030678 0.047994
0 0.794395 0.331983 0.025369 0.044566