3 0.887733 0.209757 0.124860 0.043554
0 0.937164 0.297515 0.027828 0.041651
5 0.078404 0.209030 0.096258 0.042100
0 0.928419 0.389014 0.024905 0.044220
0 0.658139 0.941266 0.025129 0.045107
5 0.079568 0.296236 0.098587 0.042100
0 0.733633 0.939598 0.035618 0.025767
0 0.779578 0.939439 0.033379 0.026261
0 0.882318 0.293359 0.068454 0.034426
3 0.066719 0.091927 0.080408 0.036656
0 0.691281 0.940421 0.026457 0.026044
0 0.865040 0.387170 0.030884 0.025989
5 0.034480 0.849187 0.015512 0.028815
5 0.034517 0.766142 0.015726 0.029921
0 0.947739 0.085519 0.018087 0.030355
5 0.034384 0.515034 0.016537 0.030783
5 0.034560 0.933265 0.015046 0.028594
0 0.821662 0.386826 0.031758 0.026215
5 0.034426 0.682774 0.016364 0.030719
0 0.900718 0.387926 0.016131 0.032322
5 0.034384 0.599033 0.016476 0.031909
3 0.952590 0.389043 0.023092 0.044278
5 0.180648 0.207930 0.036743 0.046710
5 0.487114 0.109794 0.564353 0.045107
5 0.532914 0.735277 0.356311 0.042100
0 0.994142 0.078038 0.011628 0.025561
5 0.530585 0.256574 0.351653 0.043968
5 0.530973 0.629217 0.353982 0.043485
5 0.531487 0.469060 0.354507 0.042272
5 0.531839 0.415018 0.353804 0.042100
5 0.531750 0.683050 0.353982 0.039887
0 0.719139 0.414719 0.019244 0.036684
3 0.541841 0.575900 0.375718 0.042100
1 0.741683 0.735214 0.014738 0.027711
5 0.532914 0.523275 0.354759 0.042100
5 0.530197 0.361641 0.352430 0.040596
1 0.742731 0.682588 0.015803 0.026527
1 0.742638 0.417013 0.014564 0.025920
1 0.742215 0.575787 0.015912 0.027184
3 0.541453 0.309145 0.374942 0.040854
1 0.742810 0.523839 0.014908 0.027355
0 0.720442 0.736026 0.019837 0.040603
1 0.742467 0.469860 0.015677 0.027547
1 0.741871 0.362221 0.014362 0.028568
0 0.139342 0.209030 0.025617 0.042100
0 0.140894 0.296988 0.022512 0.043603
0 0.782099 0.109794 0.024065 0.042100
0 0.717668 0.361641 0.020959 0.040596
0 0.718056 0.254137 0.023288 0.042100
0 0.719997 0.468395 0.017854 0.043603
0 0.720773 0.521771 0.017854 0.042100
0 0.719221 0.630855 0.019407 0.043453
0 0.719997 0.681901 0.019407 0.043603
1 0.743257 0.306106 0.011589 0.024487
1 0.741677 0.628513 0.013696 0.028568
0 0.794985 0.890197 0.013569 0.038852
0 0.793805 0.163433 0.011209 0.031996