5 0.452013 0.884076 0.071940 0.031168
5 0.429026 0.560674 0.027411 0.032853
5 0.288005 0.884204 0.071482 0.031425
5 0.451864 0.923598 0.072855 0.033080
5 0.452141 0.762360 0.071583 0.030563
5 0.287979 0.924982 0.070059 0.030134
5 0.451730 0.315666 0.072927 0.034176
5 0.260538 0.638727 0.011484 0.021719
5 0.287447 0.762292 0.069648 0.030427
5 0.289111 0.316818 0.072797 0.030793
5 0.432619 0.197000 0.033430 0.028269
0 0.948311 0.972764 0.041576 0.031425
0 0.552703 0.196182 0.027441 0.029489
0 0.552644 0.316829 0.027608 0.030814
0 0.552637 0.558358 0.027512 0.031078
5 0.269577 0.196180 0.033589 0.029486
5 0.260564 0.478267 0.012193 0.024064
5 0.265567 0.558891 0.026389 0.032144
0 0.379446 0.080918 0.107298 0.026198
0 0.151683 0.080553 0.076556 0.025031
0 0.289588 0.081233 0.059778 0.024691
3 0.559429 0.081344 0.036706 0.025590
0 0.552600 0.924988 0.027632 0.030146
0 0.223536 0.081307 0.055453 0.025260
0 0.487710 0.081169 0.094815 0.025858
0 0.552530 0.760214 0.027774 0.034388
0 0.552513 0.881347 0.027520 0.034281
0 0.068042 0.081381 0.073215 0.026645
5 0.260515 0.517809 0.012368 0.022796
5 0.260586 0.598838 0.011646 0.022864
0 0.958280 0.081780 0.024618 0.028408
0 0.956889 0.025259 0.021833 0.036515
5 0.259587 0.437119 0.014749 0.022854