0 0.978117 0.974576 0.030991 0.024611
0 0.357786 0.383303 0.029028 0.061924
0 0.862639 0.973989 0.049347 0.025177
0 0.939734 0.975402 0.024261 0.023518
0 0.907309 0.974455 0.019130 0.021706
0 0.048207 0.171817 0.092073 0.023610
0 0.135283 0.975014 0.014745 0.025562
0 0.959927 0.029193 0.021267 0.037667
0 0.302851 0.377989 0.029956 0.052642
0 0.109223 0.974993 0.015575 0.027113
0 0.412950 0.381027 0.029057 0.057905
0 0.160005 0.973618 0.013320 0.024712
0 0.248260 0.380440 0.029259 0.061936
0 0.149272 0.168582 0.084044 0.025711
0 0.184955 0.972767 0.012242 0.024457
0 0.085025 0.974303 0.013394 0.028322
0 0.044000 0.029093 0.016454 0.031481
5 0.064528 0.131591 0.118732 0.031718
0 0.160214 0.128287 0.013008 0.028796
0 0.185338 0.128134 0.014436 0.029379
0 0.134587 0.130015 0.019912 0.034281