0 0.758947 0.300598 0.021120 0.036870
1 0.414508 0.325715 0.013674 0.026351
0 0.949067 0.183621 0.023825 0.029136
0 0.935684 0.079472 0.068246 0.028561
0 0.858774 0.299453 0.014716 0.027804
0 0.934224 0.301310 0.021754 0.028831
3 0.102017 0.302880 0.114452 0.027209
0 0.955383 0.301846 0.019131 0.027523
1 0.414157 0.442209 0.013562 0.023072
0 0.896274 0.184962 0.069629 0.027057
0 0.884039 0.298776 0.016358 0.030027
5 0.142269 0.184825 0.221853 0.031545
0 0.834105 0.299435 0.014840 0.027569
3 0.487340 0.240959 0.158555 0.031923
0 0.909201 0.299370 0.015090 0.028828
0 0.808750 0.299666 0.014483 0.026856
0 0.944971 0.974931 0.043018 0.027913
0 0.783828 0.299763 0.015200 0.028357
1 0.414022 0.277014 0.013046 0.025672
0 0.985588 0.974449 0.016828 0.029163
0 0.733799 0.299383 0.013099 0.028261
0 0.037855 0.975415 0.065279 0.031861
0 0.953954 0.223435 0.014479 0.024531
0 0.039535 0.220875 0.013971 0.028473
0 0.420631 0.192852 0.013084 0.027970
0 0.708813 0.300327 0.012484 0.026479
0 0.570689 0.801709 0.016327 0.024831
0 0.261766 0.183490 0.015780 0.030642
0 0.578601 0.241067 0.023968 0.029758
1 0.414208 0.386287 0.012291 0.024997