5 0.369129 0.266432 0.034538 0.030484
5 0.389579 0.299945 0.074930 0.030574
5 0.416608 0.447678 0.176726 0.031249
5 0.559330 0.299617 0.020707 0.030017
5 0.432666 0.715103 0.060304 0.031014
5 0.440128 0.513685 0.075142 0.030872
5 0.166175 0.267460 0.074739 0.029930
5 0.439889 0.547006 0.074081 0.030579
5 0.565683 0.266115 0.033470 0.030033
5 0.236931 0.514017 0.115174 0.031561
5 0.223555 0.681558 0.088377 0.031543
0 0.039226 0.182207 0.014507 0.027558
0 0.540182 0.904105 0.018552 0.034573
5 0.216331 0.479880 0.075499 0.031188
5 0.199673 0.581034 0.041072 0.032114
5 0.473977 0.848857 0.143123 0.031871
5 0.250214 0.647601 0.142451 0.033432
5 0.250379 0.747954 0.142122 0.030293
5 0.446875 0.681624 0.088363 0.030989
3 0.094235 0.077699 0.116815 0.033423
5 0.195910 0.447078 0.033907 0.031336
5 0.250617 0.848276 0.142369 0.031734
5 0.216791 0.715633 0.074717 0.030997
5 0.165935 0.300187 0.074330 0.030040
5 0.216266 0.781216 0.075442 0.031472
0 0.521733 0.904184 0.018689 0.033993
5 0.189144 0.379965 0.020670 0.032196
5 0.267098 0.414410 0.177026 0.032735
5 0.440261 0.781111 0.075647 0.032426
5 0.199335 0.614048 0.040693 0.028888
5 0.440142 0.647014 0.075886 0.031970
5 0.196182 0.814713 0.034084 0.031756
0 0.237249 0.181479 0.110275 0.028180
0 0.127182 0.182340 0.091163 0.027527
5 0.453560 0.581113 0.034349 0.032225
0 0.056466 0.181357 0.015041 0.026637
5 0.413145 0.580655 0.020218 0.031661
5 0.567686 0.366747 0.029979 0.031589
0 0.046062 0.434195 0.017965 0.028821
0 0.412346 0.076895 0.018293 0.028851
0 0.073135 0.180921 0.015113 0.025305
0 0.371385 0.075922 0.017757 0.027917
0 0.353631 0.075680 0.015289 0.027258
0 0.393256 0.076578 0.018110 0.028954
0 0.021333 0.182673 0.016595 0.030140
0 0.930979 0.014799 0.014770 0.026524
0 0.260597 0.077241 0.017036 0.028220
0 0.434619 0.076798 0.016721 0.028674
0 0.238825 0.077428 0.017085 0.027931
0 0.317583 0.075847 0.018031 0.028094
0 0.336377 0.075635 0.016293 0.027673
0 0.180239 0.076960 0.016021 0.027548
0 0.203785 0.077354 0.016616 0.027849
0 0.278429 0.076979 0.015694 0.028331
0 0.221073 0.077492 0.015168 0.027630
0 0.945679 0.014565 0.014379 0.025930
0 0.163405 0.076819 0.015431 0.026633
0 0.022883 0.433701 0.016953 0.028936
0 0.296643 0.076717 0.017373 0.028684
0 0.959690 0.015116 0.013633 0.025776
0 0.452324 0.076609 0.015918 0.028147
0 0.542514 0.335293 0.013757 0.024295
0 0.062301 0.434644 0.012830 0.027302
0 0.015433 0.027770 0.014007 0.021016
0 0.022688 0.077080 0.016125 0.028645