0 0.951770 0.962866 0.079569 0.046082
1 0.021940 0.576243 0.016966 0.030499
1 0.022074 0.612817 0.017120 0.031651
0 0.024687 0.961642 0.033429 0.045361
0 0.073206 0.095865 0.107997 0.031723
1 0.021472 0.500484 0.018419 0.032513
3 0.959259 0.095011 0.033085 0.032827
3 0.321767 0.094820 0.134251 0.034331
3 0.470701 0.094773 0.130717 0.034093
0 0.189841 0.096422 0.092587 0.038278
1 0.021828 0.537933 0.017711 0.033877
1 0.022365 0.457814 0.019478 0.036051
0 0.974974 0.401706 0.024874 0.042932
0 0.024656 0.401605 0.025004 0.042062
3 0.628487 0.095093 0.151920 0.031693
5 0.209312 0.576850 0.071216 0.038368
0 0.097835 0.403874 0.099408 0.044540
5 0.280695 0.576981 0.072589 0.037415
5 0.101665 0.576072 0.143188 0.039684
3 0.778066 0.095342 0.112853 0.031811
5 0.673271 0.576888 0.325743 0.039027
3 0.413942 0.576955 0.196399 0.037494
0 0.207733 0.402792 0.109680 0.040688
5 0.673718 0.614404 0.324710 0.041585
1 0.022021 0.649016 0.017568 0.031752
0 0.892335 0.283832 0.069773 0.041408
4 0.906917 0.614002 0.140183 0.028139
4 0.906406 0.577570 0.142238 0.027913
5 0.672903 0.649949 0.325971 0.037378
5 0.281643 0.501187 0.073235 0.041290
5 0.210354 0.501639 0.073610 0.041589
5 0.280750 0.612848 0.073063 0.036647
5 0.209268 0.612776 0.071872 0.037950
5 0.281572 0.540422 0.073476 0.037985
4 0.908197 0.540285 0.139676 0.027910
5 0.102481 0.500629 0.144303 0.040727
5 0.101596 0.611923 0.148033 0.039077
5 0.209654 0.540135 0.072382 0.038709
4 0.906704 0.650483 0.142747 0.028910
3 0.414490 0.612630 0.193459 0.039305
5 0.281571 0.650227 0.072908 0.034888
3 0.413632 0.648474 0.192655 0.040128
5 0.674318 0.541967 0.324947 0.038494
5 0.101680 0.540012 0.147800 0.040061
5 0.895035 0.812546 0.181007 0.050253
5 0.209662 0.650197 0.073546 0.035360
5 0.894148 0.856374 0.180161 0.043938
3 0.415154 0.502064 0.193973 0.042545
5 0.101361 0.650685 0.148266 0.036922
4 0.909223 0.503122 0.139035 0.032409
3 0.414028 0.540410 0.193956 0.038914
5 0.673255 0.501788 0.323785 0.043830