0 0.866877 0.973723 0.076223 0.041031
0 0.945869 0.974524 0.070373 0.044596
3 0.105670 0.092218 0.041599 0.030662
5 0.170443 0.180953 0.040494 0.041381
5 0.186376 0.229267 0.073674 0.042931
5 0.812389 0.676901 0.065654 0.040521
5 0.812471 0.485857 0.066086 0.039733
0 0.048782 0.092446 0.054068 0.032381
5 0.812650 0.715971 0.066040 0.042910
5 0.812333 0.370617 0.065375 0.038376
5 0.812649 0.563666 0.066986 0.042251
5 0.537304 0.715560 0.181567 0.045153
5 0.812857 0.524095 0.066281 0.043254
5 0.812271 0.409499 0.067272 0.040317
5 0.537506 0.677667 0.181960 0.039949
5 0.537035 0.601413 0.182903 0.040639
5 0.812179 0.600911 0.067290 0.038528
5 0.812545 0.446896 0.067308 0.037576
5 0.812558 0.636313 0.067449 0.037977
5 0.537404 0.487236 0.180868 0.039076
5 0.536386 0.377603 0.181606 0.040450
5 0.537035 0.414377 0.182903 0.037999
5 0.536386 0.451763 0.181606 0.041676
5 0.536710 0.525922 0.182255 0.042902
5 0.536710 0.563308 0.183552 0.036773
5 0.536062 0.640531 0.183552 0.039225