0 0.079322 0.121160 0.090859 0.049594
0 0.256340 0.120609 0.089773 0.048492
0 0.973625 0.119767 0.026387 0.051368
0 0.166955 0.122262 0.089224 0.047390
0 0.459254 0.426176 0.028342 0.051366
4 0.105678 0.283919 0.202223 0.042415
4 0.050809 0.924794 0.093455 0.031413
4 0.068389 0.602014 0.131256 0.035113
0 0.693574 0.426568 0.027834 0.054051
4 0.047521 0.869473 0.091445 0.035977
4 0.047040 0.655344 0.090163 0.036007
4 0.081156 0.548838 0.151668 0.035210
4 0.039272 0.709781 0.073360 0.034800
4 0.045140 0.763049 0.086932 0.032523
5 0.888572 0.120968 0.146582 0.050442
4 0.105431 0.335096 0.203865 0.042103
4 0.059438 0.816957 0.114584 0.034333
4 0.079804 0.494958 0.148814 0.036747
4 0.107288 0.440941 0.203919 0.038582
4 0.037014 0.976398 0.072532 0.033822
4 0.105833 0.388846 0.203274 0.041525
4 0.067447 0.228879 0.125265 0.034678