4 0.105255 0.394605 0.203178 0.040921
4 0.105444 0.286671 0.200935 0.039583
0 0.079525 0.125980 0.092384 0.052216
4 0.104841 0.340573 0.199906 0.041895
4 0.052628 0.929375 0.096166 0.033015
4 0.106460 0.447183 0.203230 0.036315
0 0.458751 0.433169 0.028254 0.045924
4 0.079227 0.501663 0.150525 0.038449
4 0.046952 0.766899 0.088113 0.034038
4 0.040086 0.714125 0.075633 0.035304
4 0.047123 0.875828 0.085863 0.033610
0 0.459583 0.810197 0.028551 0.051675
4 0.067423 0.234188 0.125475 0.035304
4 0.321215 0.947250 0.155123 0.044998
4 0.060316 0.821121 0.112991 0.038770
5 0.901207 0.125633 0.169752 0.047958
4 0.047216 0.660481 0.086316 0.036184
0 0.256684 0.125238 0.090377 0.051020
4 0.071924 0.606071 0.132956 0.036341
4 0.081351 0.556264 0.155514 0.034604
4 0.293854 0.570017 0.091364 0.040399
4 0.037354 0.982567 0.071112 0.034866
4 0.367482 0.674003 0.163364 0.042444
0 0.974330 0.126833 0.017374 0.041223
0 0.168611 0.124666 0.089392 0.052157
0 0.947758 0.123349 0.014308 0.027405