5 0.328688 0.478828 0.486376 0.311756
0 0.954973 0.960310 0.074292 0.038021
5 0.716287 0.847560 0.048787 0.041243
5 0.244470 0.894138 0.120019 0.042820
5 0.332669 0.894124 0.053828 0.039347
5 0.737976 0.800464 0.093413 0.041101
5 0.774927 0.754476 0.164170 0.042506
5 0.247943 0.753911 0.124517 0.041497
0 0.024125 0.960094 0.031280 0.038516
5 0.215224 0.845908 0.060152 0.039284
5 0.739646 0.893820 0.097525 0.040679
0 0.183506 0.095192 0.088908 0.033495
5 0.310854 0.706565 0.251893 0.043566
3 0.963048 0.096321 0.033667 0.036412
3 0.444115 0.095198 0.102900 0.032236
3 0.311236 0.095160 0.130078 0.033288
0 0.777938 0.800706 0.018027 0.036940
5 0.232369 0.799968 0.093062 0.040286
3 0.728972 0.095016 0.107236 0.031757
3 0.584832 0.095230 0.147172 0.033834
0 0.070602 0.096064 0.104674 0.032383
0 0.351151 0.893815 0.017885 0.041110
0 0.777268 0.894278 0.019967 0.039466
0 0.271183 0.801132 0.017387 0.035347
0 0.086950 0.281048 0.109871 0.036548