3 0.139926 0.110424 0.174812 0.052457
0 0.647024 0.108770 0.022262 0.039732
5 0.297226 0.472821 0.051800 0.043982
0 0.586527 0.109436 0.025930 0.040938
5 0.297067 0.520880 0.051022 0.044471
5 0.327357 0.425010 0.112805 0.045508
0 0.612600 0.108208 0.025185 0.041325
0 0.197292 0.258074 0.082997 0.035483
0 0.302104 0.110388 0.023652 0.040478
0 0.329260 0.111258 0.023291 0.040765
0 0.673205 0.107795 0.022144 0.041892
0 0.387760 0.108318 0.024711 0.043444
0 0.315106 0.258651 0.120375 0.038422
0 0.354725 0.109368 0.023685 0.040879
0 0.077734 0.257397 0.121863 0.037606
0 0.472913 0.107247 0.024613 0.041368
0 0.033316 0.111522 0.023473 0.043330
0 0.268269 0.109392 0.024670 0.043986
0 0.414090 0.108199 0.020834 0.042189
0 0.441409 0.107505 0.024446 0.043541
0 0.552641 0.107665 0.026385 0.042751
0 0.022009 0.039164 0.020152 0.029231
0 0.499418 0.107261 0.021861 0.041087
0 0.009210 0.115869 0.018420 0.045183
0 0.526439 0.107514 0.021365 0.040730