5 0.070266 0.765904 0.025978 0.037287
5 0.073120 0.636226 0.031045 0.034383
5 0.087820 0.851620 0.025038 0.037961
0 0.965783 0.977405 0.050115 0.034303
0 0.908305 0.976963 0.056312 0.035177
5 0.091256 0.334303 0.030270 0.037983
5 0.109255 0.463539 0.067291 0.037221
0 0.099479 0.084620 0.027918 0.026640
5 0.073278 0.247222 0.032643 0.033970
0 0.971973 0.085660 0.041966 0.037573
0 0.053593 0.084780 0.050790 0.029518
0 0.146141 0.083903 0.054333 0.029908
5 0.259044 0.162812 0.243642 0.041859
3 0.195182 0.085328 0.030700 0.029315
5 0.240220 0.636718 0.019858 0.035312
1 0.068960 0.462428 0.011372 0.027284
1 0.068840 0.853222 0.011352 0.025876
1 0.051183 0.765780 0.012428 0.025001
1 0.051262 0.636773 0.012585 0.027001
1 0.068679 0.334780 0.011675 0.025335
1 0.033655 0.161335 0.010810 0.025335
1 0.050951 0.249032 0.012539 0.025335