4 0.105901 0.364708 0.200605 0.033622
0 0.078420 0.112156 0.091548 0.044708
4 0.106695 0.416315 0.201810 0.034776
0 0.255127 0.111331 0.092229 0.048526
4 0.105590 0.314754 0.202219 0.035507
0 0.167905 0.112067 0.090490 0.049828
4 0.045975 0.819893 0.085224 0.032512
4 0.078050 0.466837 0.152789 0.034907
4 0.039980 0.668298 0.073476 0.033648
4 0.051621 0.871280 0.094527 0.032141
4 0.078528 0.516054 0.153980 0.034059
4 0.060135 0.768537 0.109631 0.036953
0 0.457786 0.400971 0.029527 0.051369
4 0.062893 0.567815 0.123567 0.036486
4 0.105510 0.265091 0.202688 0.037522
4 0.044876 0.618222 0.087339 0.035636
4 0.080952 0.970167 0.155056 0.038716
4 0.066530 0.213656 0.127310 0.033599
4 0.306102 0.889118 0.127432 0.036994
4 0.350605 0.532235 0.204587 0.040722
4 0.037769 0.918220 0.065749 0.033584
0 0.970945 0.111632 0.021852 0.041797
4 0.045703 0.720054 0.087006 0.032125
0 0.458049 0.757816 0.028481 0.049984
5 0.887252 0.112876 0.144670 0.043017