0 0.462309 0.402578 0.025822 0.046772
0 0.078116 0.113694 0.091036 0.045285
0 0.256849 0.112944 0.091751 0.045144
4 0.106265 0.316321 0.206780 0.041267
4 0.107409 0.417622 0.207078 0.038166
4 0.106035 0.367974 0.205954 0.039726
0 0.168396 0.113423 0.090812 0.044026
5 0.909036 0.114724 0.175001 0.047123
0 0.462439 0.758507 0.027617 0.048567
4 0.077670 0.467212 0.152118 0.034941
4 0.078459 0.518078 0.156490 0.035598
4 0.035652 0.920193 0.069561 0.032312
4 0.044278 0.820717 0.086908 0.029182
4 0.038150 0.669199 0.074416 0.032492
4 0.062905 0.568695 0.124170 0.034915
4 0.105973 0.266096 0.208682 0.037616
4 0.044739 0.719347 0.088257 0.031192
4 0.051856 0.870535 0.097528 0.031270
4 0.065778 0.216996 0.129026 0.034716
4 0.059259 0.770523 0.115820 0.032948
4 0.045181 0.617899 0.088364 0.034631
4 0.324836 0.533567 0.166614 0.040243
4 0.329957 0.889998 0.164987 0.040123
4 0.080864 0.973775 0.160748 0.041036
4 0.339949 0.978185 0.168894 0.043630
4 0.365198 0.642972 0.155634 0.069407
4 0.370482 0.271131 0.164610 0.039085