0 0.180919 0.068180 0.028192 0.026540
0 0.105512 0.068483 0.055357 0.027776
1 0.941036 0.588367 0.010377 0.021493
0 0.279330 0.067552 0.061109 0.027795
0 0.221041 0.067598 0.040562 0.025862
0 0.049479 0.067537 0.046904 0.025982
0 0.346019 0.065032 0.057228 0.021904
0 0.151116 0.067772 0.022559 0.025514
1 0.941901 0.563568 0.010377 0.021493
0 0.976836 0.064044 0.036287 0.023002
1 0.941468 0.614406 0.011242 0.020666
1 0.031895 0.563568 0.010400 0.021493
0 0.408684 0.064686 0.057157 0.021911
1 0.031740 0.510663 0.010668 0.018186
1 0.032135 0.586759 0.009501 0.016623
1 0.940984 0.640169 0.011346 0.019839
1 0.920080 0.280995 0.011254 0.020666
5 0.477692 0.353833 0.023798 0.025551
1 0.940748 0.280582 0.010377 0.023146
1 0.940588 0.537942 0.012137 0.019839
5 0.557513 0.301975 0.057364 0.026690
3 0.490289 0.064201 0.027740 0.021682
1 0.031404 0.638241 0.010832 0.018186
5 0.478008 0.405336 0.024465 0.024634
1 0.519962 0.280858 0.011401 0.021493
1 0.031894 0.611828 0.009883 0.016613
5 0.432431 0.278127 0.069321 0.023196
1 0.031503 0.664280 0.010831 0.020666
1 0.031815 0.536702 0.010361 0.019013
1 0.940049 0.508343 0.010412 0.020534
1 0.032257 0.278309 0.008880 0.018048
5 0.478055 0.430508 0.024335 0.025028
1 0.920065 0.561914 0.012451 0.021493
1 0.031836 0.458750 0.010631 0.018517
5 0.431624 0.378756 0.069885 0.025984
1 0.940820 0.664555 0.010810 0.022319
5 0.477735 0.327918 0.024124 0.024718
5 0.432565 0.482794 0.070522 0.027058
5 0.557538 0.276389 0.057137 0.026916
1 0.939956 0.483407 0.010708 0.020533
5 0.557632 0.327089 0.057976 0.025853
1 0.032275 0.687839 0.009780 0.019839
5 0.431377 0.328472 0.069209 0.025568
1 0.031433 0.484393 0.010691 0.016897
1 0.519907 0.639894 0.010322 0.019839
1 0.520012 0.306483 0.010671 0.019839
5 0.478059 0.380169 0.024166 0.024990
1 0.919457 0.484148 0.010459 0.021618
5 0.432523 0.790419 0.070573 0.026958
1 0.919488 0.508429 0.011237 0.020987
5 0.156058 0.712677 0.142641 0.027991
5 0.478140 0.456855 0.024360 0.025004
1 0.941612 0.254130 0.009513 0.019839
5 0.431275 0.428681 0.070024 0.025410
5 0.477499 0.790254 0.022502 0.025727
0 0.456441 0.064533 0.026404 0.020949
5 0.557621 0.352648 0.057932 0.026409
1 0.940820 0.691008 0.009945 0.019013
1 0.939560 0.742366 0.011085 0.020391
1 0.520055 0.665244 0.009937 0.016533
5 0.155610 0.790046 0.141606 0.027263
5 0.432238 0.302572 0.069683 0.028671
1 0.031903 0.792386 0.010766 0.017866
1 0.920065 0.640307 0.010810 0.017910
5 0.477653 0.764814 0.023059 0.025020
1 0.919953 0.305794 0.010139 0.019013
1 0.031965 0.331696 0.010025 0.020666
5 0.477798 0.739557 0.022769 0.026313
5 0.477484 0.482773 0.022534 0.025187
5 0.432552 0.507478 0.070704 0.026007
5 0.432524 0.456587 0.069034 0.027261
1 0.520534 0.509542 0.009949 0.020354
1 0.940964 0.304968 0.009945 0.019013
5 0.155771 0.482674 0.143419 0.029060
0 0.066729 0.154661 0.088209 0.028786
5 0.154685 0.739794 0.140749 0.028540
1 0.520278 0.614819 0.011168 0.021493
1 0.919970 0.614819 0.011353 0.021493
5 0.432600 0.532328 0.070562 0.027094
5 0.432468 0.252491 0.069730 0.023175
1 0.717589 0.558281 0.012725 0.022252
5 0.074219 0.763762 0.020737 0.025628
5 0.431698 0.352724 0.068846 0.027858
1 0.520051 0.484964 0.009850 0.017489
1 0.498921 0.279263 0.010827 0.016650
5 0.432914 0.764963 0.069879 0.026030
1 0.939807 0.383085 0.010800 0.021493
1 0.519451 0.561501 0.011242 0.020666
5 0.756895 0.790407 0.059368 0.025809
5 0.155079 0.765144 0.141212 0.026809
1 0.919611 0.537529 0.011717 0.025626
5 0.755821 0.765066 0.057860 0.025105
5 0.432613 0.557700 0.070414 0.026718
1 0.031846 0.358148 0.010652 0.017359
5 0.432390 0.405580 0.069298 0.026957
5 0.557986 0.378646 0.057779 0.024645
5 0.806311 0.791004 0.041795 0.025903
1 0.939843 0.457965 0.010461 0.020681
1 0.032053 0.254405 0.010200 0.018186
5 0.155526 0.508006 0.143398 0.026601
5 0.160426 0.123889 0.101423 0.028289
5 0.156260 0.686144 0.141295 0.027927
5 0.558431 0.429133 0.057928 0.024567
1 0.718192 0.609176 0.012732 0.020160
1 0.939756 0.359113 0.010124 0.019839
1 0.032043 0.433838 0.010181 0.016638
5 0.156220 0.814802 0.142652 0.026648
1 0.520286 0.791712 0.012048 0.021507
5 0.155917 0.558351 0.142046 0.027107
1 0.717724 0.508504 0.012588 0.021605
1 0.031795 0.408464 0.010549 0.017141
5 0.431990 0.711426 0.069271 0.028027
5 0.155998 0.662566 0.141711 0.028183
5 0.074475 0.789667 0.020385 0.026487
5 0.155557 0.533002 0.143485 0.028051
5 0.432136 0.685450 0.069157 0.026942
5 0.756834 0.352653 0.057595 0.026493
1 0.717835 0.584377 0.012977 0.021925
5 0.155305 0.430481 0.141221 0.026519
1 0.519781 0.332936 0.010372 0.016533
1 0.032081 0.306070 0.009392 0.019013
5 0.310727 0.482639 0.172323 0.029434
5 0.477705 0.302623 0.023774 0.025848
1 0.717725 0.483480 0.012605 0.021749
1 0.031799 0.818149 0.009693 0.018139
5 0.478131 0.712656 0.023476 0.024888
1 0.032194 0.743356 0.010483 0.017350
1 0.940645 0.767421 0.009595 0.023248
5 0.558131 0.790001 0.058965 0.026019
1 0.032046 0.766665 0.010187 0.017675
5 0.310580 0.508128 0.172726 0.027323
5 0.155738 0.610457 0.142477 0.028830
5 0.432115 0.739889 0.069608 0.027965
5 0.310581 0.789967 0.172298 0.027194
5 0.675981 0.764908 0.069645 0.025501
1 0.519913 0.458676 0.010145 0.017818
1 0.519850 0.690456 0.010444 0.019013
5 0.311222 0.430812 0.171377 0.026966
1 0.919399 0.458017 0.010761 0.020111
1 0.498326 0.510948 0.010503 0.017104
1 0.939932 0.431222 0.010004 0.020662
1 0.919956 0.255370 0.012876 0.020666
5 0.757136 0.686397 0.058160 0.024743
5 0.476932 0.507946 0.021042 0.025088
5 0.805925 0.764930 0.041833 0.025545
1 0.940310 0.331007 0.009522 0.021493
1 0.519984 0.357735 0.011019 0.019839
5 0.558326 0.764518 0.057666 0.024680
5 0.757046 0.711405 0.058182 0.025715
1 0.919934 0.664142 0.010219 0.016533
1 0.941036 0.715807 0.011242 0.020666
1 0.718014 0.458064 0.012183 0.022094
1 0.717574 0.533198 0.012596 0.021444
5 0.558531 0.482763 0.058742 0.026841
5 0.432389 0.583451 0.069843 0.027202
5 0.431991 0.814299 0.070297 0.024040
5 0.155466 0.379604 0.141930 0.027537
5 0.756914 0.739569 0.059129 0.027019
5 0.156852 0.583562 0.140471 0.028718
5 0.432320 0.609490 0.069892 0.026933
5 0.312097 0.765450 0.173018 0.026489
5 0.156633 0.635700 0.141159 0.028974
1 0.032278 0.717736 0.010651 0.019013
5 0.676112 0.789641 0.069256 0.026041
1 0.519984 0.536352 0.012309 0.017762
1 0.919922 0.588367 0.011992 0.019839
5 0.558258 0.508008 0.058903 0.025765
5 0.311065 0.456596 0.171805 0.028900
5 0.185522 0.155244 0.147611 0.029794
1 0.498862 0.252926 0.009845 0.018535
5 0.432419 0.661202 0.069565 0.027614
5 0.310498 0.532742 0.172924 0.028272
5 0.756640 0.482602 0.058495 0.026700
5 0.477564 0.814147 0.022373 0.023740
5 0.805520 0.813324 0.041359 0.024060
5 0.432415 0.635420 0.069667 0.027288
5 0.615136 0.790547 0.056776 0.026165
5 0.155826 0.456421 0.141547 0.028552
5 0.073673 0.716358 0.020511 0.027279
5 0.074813 0.815108 0.019331 0.026675
5 0.310443 0.557970 0.173046 0.027422
1 0.520377 0.588367 0.011365 0.019839
1 0.498696 0.637414 0.012107 0.021493
1 0.520119 0.764919 0.011116 0.021841
5 0.614670 0.765400 0.056751 0.025833
5 0.477211 0.276466 0.022206 0.026042
1 0.941436 0.793088 0.009449 0.016514
5 0.477417 0.686629 0.023133 0.025243
5 0.805714 0.739508 0.041723 0.027424
5 0.756129 0.813472 0.058486 0.024376
5 0.756901 0.327237 0.058087 0.025400
1 0.919800 0.741473 0.011720 0.020910
5 0.558034 0.405187 0.058920 0.025423
1 0.718524 0.660432 0.012429 0.020746
5 0.073844 0.332247 0.021140 0.028932
5 0.311210 0.712636 0.173595 0.027932
5 0.756756 0.507552 0.058437 0.025236
5 0.074166 0.739839 0.020631 0.024643
5 0.478040 0.532892 0.023151 0.025475
5 0.805627 0.507795 0.041529 0.025552
5 0.310560 0.583241 0.173057 0.028504
5 0.073349 0.482927 0.023125 0.025215
5 0.310440 0.739985 0.172118 0.028682
5 0.073947 0.689079 0.020193 0.025626
1 0.498871 0.537666 0.010728 0.017635
5 0.805918 0.482956 0.041771 0.026899
5 0.677211 0.711456 0.068770 0.026843
5 0.156870 0.302225 0.142580 0.029339
5 0.805783 0.353094 0.041404 0.027214
5 0.558303 0.456858 0.058822 0.027161
5 0.805884 0.430594 0.041577 0.025334
1 0.718245 0.635659 0.012076 0.022131
1 0.940230 0.407458 0.009343 0.020692
5 0.756434 0.456806 0.058675 0.026894
1 0.520207 0.407820 0.011021 0.017506
1 0.919392 0.792210 0.012331 0.021614
1 0.520279 0.432334 0.009969 0.018039
5 0.310709 0.610534 0.172073 0.028664
5 0.311252 0.686189 0.171422 0.027857
5 0.073820 0.358286 0.021093 0.023146
5 0.311342 0.406130 0.170836 0.027177
5 0.073017 0.430366 0.022643 0.025809
1 0.498772 0.563016 0.010530 0.021493
5 0.756933 0.430604 0.059462 0.025064
5 0.311277 0.635234 0.171196 0.028520
5 0.757071 0.660776 0.058506 0.025799
1 0.919679 0.764921 0.011191 0.020782
5 0.558133 0.659661 0.058699 0.025360
5 0.311272 0.815205 0.171595 0.026727
5 0.074358 0.302025 0.020440 0.026788
5 0.073886 0.507715 0.022332 0.024479
5 0.755808 0.405867 0.057946 0.025007
1 0.718381 0.280717 0.009636 0.022107
1 0.717854 0.765611 0.013236 0.023090
5 0.806033 0.327531 0.041555 0.026465
1 0.718407 0.791360 0.013935 0.022634
5 0.073252 0.405621 0.021951 0.024344
5 0.310938 0.662543 0.172611 0.027558
5 0.614539 0.813639 0.056265 0.025276
5 0.557933 0.813619 0.059159 0.025144
5 0.558001 0.685695 0.058515 0.025401
5 0.805995 0.457221 0.041837 0.027136
1 0.498321 0.610392 0.012253 0.021318
5 0.676063 0.430155 0.070399 0.025867
5 0.156077 0.327645 0.140715 0.028398
5 0.154935 0.405900 0.141260 0.027695
5 0.676138 0.739766 0.069657 0.027147
5 0.676340 0.482482 0.069917 0.027301
5 0.676293 0.456448 0.070802 0.027428
5 0.558008 0.739409 0.058651 0.027053
5 0.073411 0.456869 0.022466 0.026093
5 0.614687 0.302603 0.056931 0.028011
1 0.520125 0.740972 0.011237 0.022102
5 0.615243 0.482664 0.056005 0.027007
5 0.676486 0.507937 0.069581 0.025932
5 0.477594 0.661215 0.023308 0.026328
1 0.718036 0.431492 0.012031 0.022835
5 0.614669 0.277157 0.055857 0.027509
5 0.859176 0.764649 0.064841 0.024068
5 0.756741 0.380272 0.058573 0.025785
5 0.073769 0.664693 0.020702 0.026452
5 0.614730 0.457299 0.056581 0.027760
5 0.614716 0.507912 0.056638 0.026241
5 0.805689 0.711610 0.041534 0.026224
1 0.032596 0.383361 0.009556 0.018186
5 0.901021 0.764461 0.022472 0.023718
5 0.805670 0.405689 0.041385 0.026535
5 0.756920 0.532422 0.058002 0.026717
5 0.614630 0.430847 0.056541 0.026609
5 0.756791 0.304586 0.058109 0.022658
5 0.614665 0.740094 0.056734 0.028497
1 0.919896 0.332247 0.010502 0.022319
5 0.614582 0.327590 0.056894 0.027179
5 0.311219 0.379276 0.173604 0.027691
5 0.557983 0.711235 0.058494 0.025871
5 0.806089 0.304037 0.041815 0.024865
5 0.756563 0.280169 0.057788 0.024524
1 0.499087 0.485698 0.010295 0.016201
5 0.614644 0.353290 0.056791 0.027203
1 0.920220 0.431103 0.010032 0.020477
5 0.805622 0.532609 0.041470 0.026653
5 0.156122 0.353059 0.141012 0.028896
1 0.919934 0.356633 0.011207 0.019839
5 0.858753 0.482626 0.065612 0.026502
1 0.498847 0.305396 0.009816 0.017665
5 0.477072 0.558459 0.021628 0.025508
5 0.676290 0.685463 0.069276 0.027034
5 0.477779 0.636402 0.023488 0.024428
5 0.614461 0.405866 0.056548 0.026726
5 0.156267 0.279491 0.143531 0.024270
5 0.901266 0.430341 0.022348 0.024669
5 0.805873 0.690043 0.041564 0.021493
1 0.941136 0.818723 0.010577 0.021493
1 0.519883 0.816145 0.010377 0.017438
5 0.756830 0.557768 0.058044 0.025784
5 0.805414 0.380146 0.040762 0.026063
5 0.073814 0.535979 0.023076 0.028845
5 0.074948 0.280582 0.022485 0.023146
5 0.073435 0.383085 0.022052 0.026452
5 0.074300 0.561777 0.022917 0.028932
5 0.075165 0.587816 0.022052 0.028106
5 0.074300 0.615095 0.022052 0.026452
5 0.074084 0.639894 0.023349 0.023146
5 0.155806 0.254956 0.140096 0.026452
5 0.477076 0.256196 0.019890 0.022319
5 0.477508 0.613855 0.022485 0.023972
5 0.478157 0.586576 0.021187 0.032239
1 0.519883 0.256885 0.010377 0.019839
1 0.519451 0.383361 0.009513 0.018186
1 0.520099 0.716496 0.010810 0.016533
1 0.499128 0.332522 0.008648 0.017359
1 0.498263 0.358148 0.010377 0.017359
1 0.498263 0.383774 0.010377 0.017359
1 0.499344 0.407333 0.009945 0.019839
1 0.498696 0.434199 0.010377 0.017359
1 0.498263 0.460238 0.010377 0.014879
1 0.499128 0.588642 0.012107 0.018186
1 0.499344 0.664693 0.009945 0.016533
1 0.498263 0.691145 0.010377 0.019839
1 0.498263 0.717184 0.008648 0.019013
1 0.498479 0.742810 0.010810 0.015706
1 0.498696 0.768023 0.008648 0.018186
1 0.499128 0.792408 0.011242 0.015706
1 0.498696 0.817621 0.009513 0.018186
1 0.719104 0.820641 0.009154 0.017501
1 0.717899 0.742347 0.008673 0.013817
1 0.718381 0.715634 0.009636 0.019343
1 0.719104 0.689383 0.009154 0.020264
1 0.718140 0.254926 0.009154 0.020264
1 0.717992 0.407746 0.009945 0.020666
1 0.717992 0.382947 0.009945 0.017359
1 0.718857 0.358975 0.009080 0.019013
1 0.718641 0.332936 0.010377 0.018186
1 0.717992 0.307310 0.009945 0.019839
5 0.756908 0.255232 0.054914 0.029759
5 0.806417 0.280031 0.041510 0.026452
5 0.807209 0.560674 0.041942 0.027279
5 0.757268 0.588367 0.057941 0.031412
5 0.756835 0.639205 0.057076 0.023972
5 0.757052 0.615232 0.056644 0.028932
5 0.807426 0.586713 0.042375 0.029759
5 0.806777 0.613166 0.041078 0.028106
5 0.806561 0.665657 0.042375 0.025626
5 0.806561 0.639618 0.042375 0.028106
1 0.920065 0.819550 0.009080 0.019839
1 0.919848 0.690181 0.011242 0.019013
1 0.920281 0.715393 0.010377 0.019839
1 0.920281 0.384187 0.009513 0.019839
1 0.920281 0.409400 0.010377 0.015706