0 0.928340 0.977817 0.066431 0.035828
0 0.224185 0.172370 0.020982 0.040286
0 0.976721 0.088801 0.043583 0.032729
3 0.037450 0.088706 0.037562 0.031151
0 0.104783 0.171113 0.022141 0.038752
0 0.051301 0.171747 0.020122 0.037929
3 0.400452 0.172189 0.017710 0.035014
0 0.361035 0.171114 0.021075 0.038456
0 0.022826 0.172042 0.019132 0.038598
0 0.171165 0.172107 0.020157 0.038380
1 0.016475 0.265310 0.013636 0.025739
0 0.194672 0.172075 0.020154 0.038664
0 0.928455 0.089887 0.044147 0.037066
0 0.075080 0.171653 0.021112 0.038750
0 0.421492 0.171906 0.020577 0.037472
1 0.016575 0.299092 0.012107 0.025220
0 0.270786 0.172406 0.020285 0.037623
0 0.247519 0.172842 0.020296 0.038678
3 0.333639 0.171712 0.017185 0.038492
0 0.383218 0.170872 0.018040 0.037136
0 0.293609 0.171500 0.020548 0.038415
0 0.316588 0.171077 0.018551 0.038347
3 0.145378 0.172499 0.015219 0.036427
0 0.128057 0.172130 0.018502 0.036144
5 0.207467 0.299282 0.134785 0.034329
1 0.016143 0.333616 0.012972 0.027931
5 0.105149 0.296807 0.071536 0.036346
0 0.982211 0.979658 0.035040 0.033211
5 0.352410 0.297351 0.066663 0.033958
5 0.415121 0.297522 0.059447 0.032555
5 0.297543 0.296920 0.045902 0.033961
5 0.047652 0.297042 0.045659 0.032824
1 0.925108 0.299108 0.013118 0.025252
5 0.869635 0.298535 0.073605 0.032835
1 0.924870 0.264261 0.013595 0.027132
5 0.773843 0.297393 0.120206 0.032295
5 0.677995 0.298265 0.071778 0.034041
5 0.582508 0.297829 0.120638 0.034914