5 0.731044 0.475722 0.047772 0.040342
5 0.788690 0.521071 0.160079 0.039205
5 0.747217 0.656935 0.080916 0.042671
3 0.982209 0.096334 0.030019 0.031413
5 0.212834 0.702422 0.058576 0.038724
5 0.263764 0.566925 0.161054 0.040158
5 0.812158 0.430970 0.207294 0.040085
0 0.154453 0.097947 0.080591 0.037053
5 0.812575 0.384755 0.208558 0.043903
5 0.203401 0.657321 0.039142 0.038402
3 0.634169 0.095155 0.095014 0.031717
5 0.335369 0.476451 0.302626 0.045254
5 0.216121 0.430631 0.065012 0.039043
5 0.207670 0.522088 0.048287 0.040805
0 0.015395 0.976445 0.026941 0.038016
5 0.726211 0.749866 0.038146 0.040760
5 0.288384 0.384480 0.208656 0.043759
5 0.265344 0.795964 0.162219 0.042107
3 0.383545 0.094565 0.092515 0.031462
3 0.265224 0.094597 0.111280 0.034576
5 0.729673 0.703520 0.045882 0.038542
5 0.220521 0.748292 0.072355 0.039015
0 0.971659 0.977123 0.055698 0.036374
3 0.507472 0.093650 0.128092 0.032566
0 0.057146 0.095390 0.091519 0.032668
0 0.194796 0.274975 0.119574 0.040870