0 0.570379 0.169555 0.022295 0.042009
5 0.410147 0.762654 0.077150 0.038124
0 0.528437 0.169914 0.023255 0.040239
5 0.375493 0.171108 0.285153 0.039807
5 0.396338 0.807651 0.049725 0.040110
0 0.903257 0.975661 0.065933 0.036310
5 0.455457 0.489504 0.029117 0.041107
0 0.542712 0.397699 0.020486 0.038631
0 0.940059 0.088958 0.018157 0.030115
5 0.194711 0.854167 0.134308 0.038922
0 0.977955 0.087887 0.042571 0.031461
5 0.493651 0.443097 0.105504 0.039461
5 0.107971 0.398598 0.029082 0.038922
0 0.971821 0.976306 0.056045 0.036624
0 0.028779 0.089107 0.034843 0.027820
0 0.103620 0.087780 0.097131 0.029174
0 0.358258 0.088483 0.060582 0.027528
5 0.466063 0.624908 0.216603 0.038038
0 0.570162 0.215708 0.022307 0.037898
5 0.104782 0.171629 0.033729 0.035827
5 0.487276 0.399115 0.092755 0.039958
0 0.649652 0.088590 0.117456 0.030824
0 0.429979 0.088105 0.065755 0.027737
3 0.825416 0.088420 0.035600 0.028272
5 0.481688 0.215780 0.154221 0.038922
0 0.055436 0.310407 0.047854 0.035698
5 0.167486 0.170224 0.090812 0.038038
0 0.526775 0.087845 0.110352 0.032211
5 0.243471 0.670718 0.230388 0.040609
5 0.243814 0.625498 0.230208 0.038628
5 0.125444 0.443650 0.064670 0.040448
5 0.188157 0.443587 0.035615 0.040943
5 0.466937 0.671083 0.215720 0.040159
5 0.213534 0.216563 0.253822 0.040486
5 0.153212 0.398408 0.036321 0.039302
0 0.240252 0.087029 0.160506 0.030679
0 0.758991 0.088811 0.089533 0.028512
0 0.123228 0.304925 0.053505 0.032428