5 0.394797 0.806578 0.051086 0.039294
0 0.567385 0.172142 0.022061 0.040954
0 0.540530 0.399660 0.020093 0.039083
0 0.899614 0.976377 0.066512 0.037932
5 0.408688 0.762684 0.078844 0.037572
5 0.107771 0.399099 0.028829 0.036960
0 0.967158 0.975926 0.056951 0.034161
5 0.485135 0.399242 0.092567 0.040853
5 0.490858 0.445317 0.105785 0.042668
0 0.567497 0.218403 0.021729 0.038426
5 0.454249 0.489005 0.029983 0.037551
5 0.373481 0.172012 0.281994 0.035519
5 0.104678 0.172839 0.032224 0.035775
0 0.973705 0.090299 0.043289 0.030934
5 0.166924 0.173021 0.091891 0.037538
5 0.467369 0.217378 0.179652 0.040591
5 0.194639 0.853514 0.133828 0.040066
0 0.056528 0.310022 0.047007 0.032255
0 0.634700 0.089516 0.088267 0.031831
5 0.125478 0.443921 0.063391 0.037561
0 0.113931 0.089419 0.064997 0.030465
0 0.934781 0.091395 0.016720 0.030264
0 0.541692 0.089710 0.083905 0.031859
0 0.726781 0.089435 0.080423 0.032384
0 0.042313 0.090233 0.061699 0.029729
0 0.366772 0.217161 0.019624 0.033705
5 0.464366 0.626901 0.215794 0.040342
5 0.153261 0.399303 0.033102 0.037300
5 0.223064 0.217151 0.268766 0.039959
0 0.527086 0.172070 0.023291 0.043071
0 0.444506 0.089625 0.091693 0.031628
0 0.209976 0.089120 0.109708 0.032140
0 0.333135 0.090679 0.113251 0.032132
5 0.242732 0.671786 0.228453 0.041611
0 0.811309 0.089030 0.075223 0.032046
5 0.187273 0.444355 0.034754 0.036459
5 0.241600 0.625968 0.228063 0.036515
3 0.879629 0.090789 0.039724 0.033003
5 0.465257 0.671161 0.214012 0.040361