5 0.092619 0.624659 0.134001 0.037686
0 0.203978 0.798003 0.020635 0.037075
0 0.430509 0.797054 0.116558 0.051522
1 0.020412 0.480520 0.015190 0.032070
1 0.020293 0.407752 0.014956 0.035205
1 0.019469 0.375754 0.016093 0.031829
5 0.092014 0.660662 0.136950 0.039563
0 0.231858 0.799272 0.021800 0.040340
0 0.360419 0.797432 0.022427 0.039366
0 0.140797 0.797891 0.021456 0.035991
0 0.183731 0.797722 0.018373 0.034040
5 0.252338 0.446851 0.191883 0.040095
5 0.252762 0.376822 0.188237 0.038939
5 0.092604 0.592190 0.135831 0.040917
0 0.112770 0.798511 0.021207 0.040479
1 0.020594 0.448274 0.015986 0.030473
0 0.254013 0.798474 0.022618 0.040425
1 0.021279 0.700296 0.019433 0.035051
5 0.092011 0.699340 0.137064 0.045041
0 0.976739 0.090563 0.046045 0.036280
1 0.020371 0.658422 0.018170 0.035545
0 0.161838 0.797859 0.018625 0.034997
1 0.020090 0.585802 0.016001 0.031817
0 0.092406 0.798339 0.019409 0.038995
1 0.019532 0.553406 0.016311 0.032397
1 0.020036 0.519781 0.015580 0.030936
0 0.049858 0.798229 0.018167 0.036567
1 0.020138 0.709130 0.018569 0.037748
0 0.071885 0.797233 0.019637 0.036409
5 0.252357 0.413421 0.190417 0.035605
1 0.020363 0.625077 0.017014 0.035126
5 0.253134 0.341630 0.195868 0.038628
0 0.336554 0.797242 0.019877 0.037486
5 0.252653 0.590505 0.189927 0.041703
1 0.019227 0.341842 0.016069 0.034183
0 0.022112 0.798993 0.023903 0.042250
1 0.019749 0.732480 0.016920 0.032177
1 0.019678 0.545830 0.015947 0.034030
0 0.317247 0.798091 0.018082 0.037898
0 0.294140 0.798639 0.021515 0.037953