5 0.228541 0.421290 0.034953 0.040731
5 0.230654 0.471967 0.039633 0.046126
0 0.013166 0.970666 0.026332 0.041669
5 0.228247 0.368737 0.033753 0.044722
5 0.234486 0.597615 0.037431 0.044765
5 0.196759 0.596043 0.038449 0.042410
5 0.709753 0.596581 0.035658 0.046441
3 0.077673 0.100119 0.146135 0.035509
5 0.741360 0.422954 0.034160 0.038327
3 0.968530 0.099059 0.033547 0.038876
5 0.184212 0.648570 0.016845 0.032477
5 0.740725 0.369512 0.033481 0.046784
0 0.059463 0.022828 0.026391 0.033453
4 0.066170 0.720788 0.131901 0.029742
5 0.005765 0.773707 0.011242 0.029621
5 0.005477 0.824156 0.010954 0.024993
5 0.006198 0.876456 0.010377 0.027770