1 0.807137 0.881368 0.018161 0.028528
1 0.287956 0.847750 0.017179 0.031355
0 0.895105 0.975274 0.063209 0.038250
1 0.807105 0.779869 0.015664 0.030692
1 0.288133 0.812989 0.016803 0.032202
1 0.288018 0.746140 0.017752 0.031813
5 0.684698 0.147846 0.187227 0.041059
0 0.094361 0.293246 0.020148 0.038201
1 0.806824 0.745623 0.016345 0.030656
1 0.807036 0.812479 0.015949 0.030677
1 0.288347 0.882747 0.017167 0.036264
1 0.269367 0.849022 0.012714 0.028422
0 0.065088 0.292987 0.020532 0.037969
1 0.288493 0.778509 0.017052 0.030620
1 0.269670 0.883342 0.012107 0.025958
5 0.443093 0.146154 0.074645 0.039454
0 0.959598 0.977420 0.055924 0.035711
5 0.391164 0.318360 0.036216 0.038382
1 0.287907 0.710353 0.018210 0.035489
1 0.269238 0.814240 0.012972 0.028186
1 0.269887 0.745929 0.013404 0.021331
1 0.288696 0.916878 0.015566 0.031997
1 0.270103 0.713043 0.012972 0.024887
3 0.443658 0.624863 0.162773 0.039417
1 0.269454 0.780593 0.010810 0.019554
5 0.892758 0.147438 0.072898 0.038024
5 0.416990 0.406117 0.088956 0.037153
5 0.383739 0.233972 0.021260 0.042391
5 0.603996 0.406661 0.294692 0.044181
1 0.806981 0.710270 0.016251 0.028723
1 0.807088 0.914208 0.016650 0.031398
5 0.335915 0.813013 0.077702 0.035377
0 0.931211 0.092052 0.014103 0.029933
3 0.795599 0.626539 0.257248 0.041160
0 0.249942 0.624153 0.020800 0.035621
5 0.335465 0.846277 0.076922 0.035836
5 0.335350 0.879805 0.079265 0.036052
5 0.335840 0.778725 0.078916 0.039393
0 0.586002 0.093948 0.022334 0.024940
1 0.806273 0.848439 0.016431 0.030220
0 0.442144 0.625370 0.159354 0.039158
1 0.269880 0.917095 0.013416 0.025322
0 0.966353 0.091774 0.039657 0.028409
5 0.868505 0.879682 0.070721 0.035597
0 0.250814 0.190039 0.021625 0.034161
0 0.542761 0.093812 0.041138 0.024552
0 0.041863 0.295167 0.019526 0.040137
3 0.015458 0.294255 0.027958 0.038312
3 0.139159 0.294413 0.013404 0.037330
0 0.122728 0.294413 0.018593 0.039108
5 0.126836 0.394404 0.218792 0.034664
5 0.127052 0.429512 0.219224 0.033775
5 0.126403 0.904138 0.218792 0.037330
5 0.126620 0.869474 0.218359 0.035552
5 0.126620 0.835699 0.219224 0.035552
5 0.126331 0.801036 0.218359 0.037330
5 0.126980 0.766817 0.217927 0.034664
5 0.126548 0.732153 0.218792 0.034664
5 0.126403 0.463584 0.218792 0.039108
5 0.126187 0.497803 0.216630 0.036441
5 0.127052 0.532022 0.217495 0.033775
5 0.126836 0.565797 0.218792 0.037330
5 0.127268 0.598683 0.219657 0.035552
5 0.127268 0.632458 0.217927 0.039108
5 0.126836 0.698674 0.218792 0.027553
5 0.126187 0.669344 0.218359 0.038219
3 0.337046 0.147086 0.138901 0.034664
0 0.109512 0.092531 0.151168 0.025998
0 0.206858 0.090366 0.024091 0.021789
0 0.263471 0.091852 0.073717 0.032683
0 0.330844 0.090366 0.041436 0.029712
0 0.380952 0.093338 0.045290 0.021789
0 0.461077 0.094430 0.104640 0.033775
0 0.652412 0.094875 0.096424 0.034664
3 0.747179 0.093986 0.068318 0.032886
3 0.807930 0.089986 0.036754 0.026664
0 0.910047 0.093541 0.014701 0.023109
5 0.868754 0.748448 0.072210 0.038219