1 0.042203 0.855201 0.016886 0.035265
1 0.042131 0.936213 0.016605 0.034030
1 0.063469 0.893685 0.020613 0.036062
0 0.897473 0.984452 0.070009 0.031096
5 0.521011 0.190135 0.214099 0.049753
0 0.088051 0.102668 0.163198 0.044311
0 0.257973 0.103141 0.085962 0.032238
1 0.062718 0.935511 0.020058 0.035400
1 0.042022 0.894139 0.016985 0.032683
0 0.977181 0.103381 0.044064 0.035433
1 0.063161 0.854864 0.020522 0.039309
5 0.179817 0.394758 0.038385 0.046767
0 0.019187 0.242649 0.022653 0.041173
5 0.209198 0.497823 0.101250 0.042893
1 0.658349 0.856234 0.018256 0.038093
0 0.191210 0.102309 0.029435 0.029480
0 0.937463 0.103306 0.017556 0.034616
0 0.019359 0.753473 0.023596 0.044105
3 0.240304 0.755188 0.178939 0.045979
0 0.391538 0.102571 0.047019 0.028872
0 0.333934 0.102754 0.048307 0.029673
0 0.969674 0.985421 0.060652 0.029157
1 0.658552 0.893748 0.018590 0.036602
1 0.658988 0.935361 0.019902 0.039499
5 0.395102 0.396174 0.391503 0.053099
0 0.627169 0.103828 0.024606 0.031011
0 0.759270 0.189710 0.086257 0.044885
5 0.640176 0.754254 0.290569 0.052530
5 0.172882 0.292680 0.026039 0.044012
0 0.041001 0.244351 0.016276 0.038054
3 0.638348 0.754354 0.296008 0.051937
3 0.791513 0.102394 0.036879 0.030775
0 0.091026 0.247457 0.073394 0.037293
0 0.909841 0.102316 0.015464 0.033178
0 0.579841 0.102987 0.051234 0.030789
0 0.706864 0.103128 0.112724 0.029287
5 0.555778 0.855734 0.128861 0.049961
0 0.484105 0.102561 0.119222 0.032300
5 0.759428 0.189561 0.086490 0.043957
5 0.240772 0.190787 0.087690 0.049487
3 0.119990 0.190904 0.160330 0.047978
5 0.138598 0.893632 0.044491 0.041124
5 0.393479 0.293164 0.393105 0.051442
5 0.094626 0.893847 0.045996 0.040212
5 0.427048 0.499857 0.341333 0.048209