0 0.190024 0.084853 0.049905 0.029979
3 0.237342 0.084639 0.032248 0.028408
0 0.049027 0.085515 0.051317 0.029313
0 0.119460 0.085119 0.081814 0.031614
0 0.956293 0.978290 0.057570 0.035991
0 0.967232 0.085746 0.043690 0.037308
0 0.469705 0.204716 0.024353 0.039677
0 0.064899 0.162118 0.048563 0.036604
5 0.060959 0.368330 0.065291 0.036571
5 0.061407 0.331384 0.065756 0.037386
5 0.060814 0.434384 0.065450 0.037423
5 0.060781 0.401567 0.065482 0.035815
5 0.264610 0.333232 0.342265 0.036659
5 0.264610 0.367071 0.342265 0.036659
5 0.264610 0.402320 0.342265 0.039479
5 0.263048 0.437569 0.341640 0.036659
5 0.061328 0.468874 0.066156 0.037093
5 0.263827 0.468702 0.343867 0.038069