5 0.164155 0.379530 0.079594 0.042015
5 0.157849 0.682131 0.065373 0.036782
0 0.974885 0.977502 0.027421 0.037500
0 0.558879 0.946480 0.015245 0.027586
0 0.608623 0.947572 0.072948 0.030143
5 0.236420 0.511455 0.223066 0.043625
0 0.061459 0.089798 0.074333 0.029060
1 0.361945 0.462469 0.014780 0.023626
1 0.362062 0.294242 0.015070 0.025736
1 0.362037 0.630638 0.014328 0.023433
5 0.233988 0.212018 0.221417 0.050100
0 0.144943 0.089084 0.081191 0.028551
0 0.539140 0.947250 0.015275 0.028084
5 0.234147 0.294242 0.219553 0.038925
4 0.421345 0.697550 0.106761 0.025811
1 0.362213 0.326096 0.014658 0.026197
1 0.361913 0.393484 0.014628 0.026724
1 0.361942 0.427589 0.014704 0.022922
0 0.210831 0.088900 0.035703 0.025428
1 0.361909 0.359433 0.015081 0.029458
5 0.233838 0.253999 0.221716 0.048973
4 0.428063 0.361709 0.119621 0.028058
1 0.361975 0.596310 0.014446 0.021673
1 0.362132 0.494782 0.014368 0.025394
0 0.969483 0.089641 0.042535 0.031316
1 0.362046 0.662626 0.014312 0.025497
1 0.361464 0.730968 0.014032 0.025541
4 0.429107 0.462907 0.120880 0.025271
0 0.506916 0.948712 0.039249 0.028392
1 0.361669 0.797244 0.013623 0.025788
1 0.361987 0.227375 0.010810 0.024856
1 0.361529 0.763699 0.013903 0.021980
1 0.361771 0.260752 0.011242 0.023640
4 0.408566 0.916504 0.083721 0.024541
1 0.357646 0.913289 0.012334 0.019717
4 0.389919 0.494141 0.041871 0.023427
4 0.409701 0.764270 0.085654 0.024133
4 0.969483 0.089440 0.042168 0.031457
0 0.656759 0.113054 0.015781 0.035261
5 0.233313 0.723219 0.217841 0.041530
4 0.422081 0.631491 0.103036 0.022516
4 0.420291 0.663076 0.100547 0.026078
1 0.358273 0.873839 0.011538 0.022921
1 0.362193 0.696952 0.011094 0.023917
1 0.362637 0.563747 0.011982 0.027903
1 0.361528 0.529366 0.012426 0.022921