0 0.315672 0.323943 0.132089 0.041748
0 0.051118 0.092491 0.080446 0.028524
5 0.199937 0.276575 0.090049 0.041784
5 0.168789 0.227666 0.028762 0.042128
0 0.964558 0.093612 0.048501 0.036596
0 0.383758 0.179032 0.020945 0.041147
5 0.193112 0.324171 0.077864 0.039811
0 0.425812 0.178688 0.020682 0.039323
0 0.446351 0.178548 0.020685 0.040320
0 0.405246 0.178910 0.020188 0.039902
0 0.141227 0.093437 0.084573 0.028835
0 0.468134 0.178723 0.021547 0.043390
3 0.209037 0.093891 0.034322 0.026508
0 0.035461 0.423857 0.052223 0.034940
5 0.219819 0.180515 0.131710 0.040841
0 0.292426 0.182497 0.016192 0.034149