0 0.134653 0.720022 0.021724 0.042589
1 0.407488 0.562015 0.012384 0.027584
0 0.156857 0.720063 0.020677 0.042508
0 0.058502 0.719911 0.021337 0.041039
0 0.211088 0.720551 0.019619 0.041532
0 0.190117 0.720419 0.021426 0.043568
0 0.101005 0.719917 0.022377 0.042799
0 0.023879 0.719338 0.022866 0.043957
1 0.407748 0.597606 0.012404 0.028656
1 0.023394 0.600390 0.012774 0.025292
0 0.900153 0.979696 0.066051 0.034971
0 0.233223 0.720392 0.022082 0.043621
1 0.023338 0.563235 0.012661 0.023634
0 0.972970 0.090824 0.047399 0.033556
5 0.445199 0.719696 0.043696 0.038462
0 0.079629 0.720185 0.019737 0.042263
5 0.089541 0.529257 0.123883 0.033648
0 0.160102 0.091119 0.131981 0.029963
1 0.023199 0.528509 0.013249 0.026835
1 0.407199 0.526773 0.013211 0.028789
1 0.023151 0.491613 0.013151 0.025694
1 0.407297 0.632816 0.012859 0.027530
0 0.045280 0.091417 0.075582 0.028051
5 0.146213 0.309502 0.028491 0.036623
5 0.089943 0.562293 0.124911 0.038288
5 0.089579 0.597553 0.125035 0.038318
0 0.301416 0.091086 0.138328 0.030709
5 0.500956 0.718604 0.043429 0.037877
0 0.967645 0.979548 0.060553 0.030453
1 0.023493 0.636516 0.013837 0.023121
3 0.394741 0.090883 0.035132 0.028365
5 0.088623 0.632441 0.125397 0.036274
1 0.407798 0.490459 0.014579 0.028376
5 0.274285 0.220926 0.286849 0.045539
5 0.493445 0.525318 0.041666 0.038123
5 0.493759 0.596757 0.041351 0.038804
5 0.493675 0.561051 0.042292 0.036705
5 0.089713 0.493248 0.121417 0.040083
5 0.494660 0.490579 0.039780 0.033668
5 0.494011 0.635440 0.041078 0.038098
5 0.435566 0.491760 0.022485 0.037212
5 0.435566 0.528529 0.023349 0.041642
5 0.435782 0.563969 0.022052 0.038098
5 0.435350 0.598966 0.024647 0.038984
5 0.435134 0.635292 0.024214 0.037212