0 0.423894 0.172659 0.020118 0.035259
0 0.444099 0.173134 0.020976 0.037837
0 0.966039 0.091706 0.046666 0.036138
5 0.194852 0.265033 0.090670 0.040037
0 0.312791 0.311021 0.133733 0.041041
0 0.138016 0.092293 0.088947 0.029622
0 0.381480 0.172543 0.021828 0.036515
0 0.046721 0.091350 0.080375 0.028317
5 0.190136 0.310382 0.079456 0.039471
5 0.164233 0.218168 0.030036 0.037079
3 0.205535 0.091187 0.035310 0.027895
0 0.052158 0.404390 0.053409 0.037378
0 0.403419 0.172557 0.020741 0.036179
0 0.466018 0.172901 0.022335 0.040207
0 0.289498 0.175041 0.014832 0.033132
0 0.119350 0.400045 0.048566 0.032869
5 0.217081 0.174264 0.131164 0.042670
0 0.015486 0.981554 0.014085 0.026045
0 0.177157 0.400297 0.036285 0.030326