0 0.971989 0.975552 0.054930 0.039036
5 0.788454 0.516272 0.160381 0.042022
5 0.214567 0.699446 0.058166 0.039725
5 0.289968 0.378137 0.209030 0.037474
5 0.812275 0.424648 0.209435 0.039004
5 0.811640 0.378409 0.209200 0.039689
5 0.265918 0.792028 0.161819 0.041414
5 0.265905 0.563095 0.161407 0.042482
3 0.278747 0.084373 0.090083 0.028483
3 0.404480 0.084662 0.126156 0.030008
5 0.337208 0.470092 0.302933 0.043565
5 0.727224 0.745458 0.037220 0.038526
5 0.218500 0.424447 0.066795 0.037560
3 0.164381 0.085429 0.119379 0.027097
0 0.017935 0.973769 0.026563 0.040290
0 0.051985 0.089953 0.081694 0.040808
5 0.221289 0.746561 0.072613 0.037782
3 0.981298 0.086017 0.026087 0.030263
5 0.732553 0.469287 0.046940 0.039462
5 0.212080 0.652528 0.052281 0.039369
5 0.731645 0.700972 0.046618 0.042046
5 0.209947 0.516235 0.047252 0.040656
5 0.748272 0.654633 0.078860 0.040004
0 0.198215 0.268619 0.116167 0.039088
0 0.994680 0.168123 0.010574 0.032517
0 0.747805 0.469048 0.015119 0.032270
0 0.780228 0.654586 0.013757 0.033783
0 0.747463 0.700367 0.014201 0.031257
0 0.738588 0.747253 0.014201 0.030310
0 0.224697 0.514244 0.014201 0.030310
0 0.228088 0.653953 0.014269 0.031379
0 0.248627 0.746089 0.013837 0.030456