5 0.234106 0.614191 0.072439 0.037298
0 0.867279 0.971919 0.076527 0.040144
5 0.218943 0.567091 0.040411 0.038331
5 0.251531 0.470570 0.108379 0.040673
5 0.241324 0.710218 0.087881 0.037965
5 0.267233 0.664771 0.138405 0.037298
5 0.242276 0.422070 0.089711 0.039339
3 0.045086 0.096867 0.045115 0.030385
5 0.242517 0.758334 0.090570 0.042022
5 0.163149 0.185044 0.106993 0.038334
0 0.945246 0.971764 0.066811 0.037405
5 0.259642 0.182338 0.040845 0.041960
5 0.147131 0.232144 0.073717 0.039342
5 0.665782 0.231468 0.043180 0.037851
0 0.952279 0.097425 0.056717 0.036734
4 0.952035 0.099081 0.054414 0.036033
0 0.177300 0.331003 0.102586 0.039571