5 0.705928 0.295781 0.120392 0.038522
5 0.706775 0.521817 0.121505 0.041729
5 0.420568 0.613090 0.119116 0.040199
5 0.420658 0.521780 0.120694 0.040305
5 0.379246 0.338596 0.035891 0.036510
5 0.169470 0.534536 0.023873 0.036473
5 0.421323 0.385176 0.122724 0.038727
5 0.684684 0.476299 0.077805 0.039956
5 0.399259 0.476410 0.078029 0.039591
5 0.706152 0.613326 0.119889 0.040993
5 0.176502 0.351310 0.036997 0.039794
5 0.706685 0.385724 0.121756 0.041464
5 0.372204 0.294329 0.021265 0.036547
5 0.498076 0.294693 0.051619 0.037875
5 0.706486 0.569203 0.121914 0.044063
0 0.113659 0.714214 0.149912 0.043353
5 0.192721 0.669713 0.070017 0.038827
5 0.192083 0.489977 0.069001 0.038872
5 0.193179 0.625013 0.071113 0.039333
5 0.421606 0.432453 0.120915 0.044004
5 0.148643 0.171732 0.066878 0.042814
0 0.113103 0.809768 0.149004 0.039116
0 0.724849 0.843591 0.054752 0.029604
5 0.706342 0.432011 0.122038 0.045294
0 0.666347 0.842119 0.045181 0.028560
5 0.193037 0.580453 0.070635 0.038293
0 0.623801 0.842358 0.024682 0.027770
0 0.971030 0.978431 0.057940 0.036496
0 0.114805 0.762496 0.148736 0.042125
0 0.901687 0.977374 0.066103 0.040154
5 0.171313 0.218522 0.110757 0.044879
0 0.048825 0.090859 0.083393 0.030422
5 0.420642 0.568722 0.121779 0.042179
0 0.130157 0.090658 0.062330 0.030140
0 0.975631 0.091374 0.048039 0.032639
1 0.019652 0.760623 0.011743 0.031728
3 0.186403 0.090487 0.033186 0.028877
5 0.315391 0.168843 0.036269 0.034083
0 0.389672 0.294143 0.017219 0.037986
0 0.214049 0.351381 0.015924 0.031926
1 0.018864 0.717240 0.016378 0.032004
1 0.018677 0.808501 0.013056 0.025497
0 0.760395 0.218011 0.011424 0.027714