0 0.489785 0.914226 0.147067 0.046341
0 0.872697 0.975549 0.073315 0.038470
0 0.251727 0.914036 0.024397 0.040523
5 0.431812 0.488428 0.203923 0.042171
0 0.947628 0.975023 0.062478 0.035686
0 0.382043 0.913810 0.023359 0.040711
0 0.305771 0.914517 0.023726 0.040353
5 0.504489 0.250221 0.318876 0.044121
1 0.211909 0.806308 0.017545 0.030348
0 0.282104 0.914292 0.025290 0.041438
0 0.227988 0.914006 0.023052 0.038853
5 0.454383 0.202707 0.045134 0.042619
5 0.488932 0.534757 0.085564 0.040008
1 0.319976 0.808150 0.015964 0.029096
0 0.358992 0.914107 0.022635 0.041077
0 0.197246 0.093977 0.157447 0.031820
0 0.134948 0.170996 0.023245 0.043095
5 0.389569 0.202487 0.086134 0.043178
5 0.734502 0.487020 0.101499 0.041577
1 0.319910 0.771921 0.015850 0.031069
5 0.733781 0.535179 0.101125 0.040985
0 0.335190 0.914068 0.024055 0.041088
5 0.374154 0.535092 0.085959 0.040901
5 0.726101 0.439636 0.085387 0.039922
0 0.204483 0.914341 0.023095 0.040092
5 0.397905 0.440361 0.131286 0.046286
0 0.750984 0.094013 0.136568 0.031801
0 0.245456 0.347789 0.057433 0.038000
0 0.066697 0.093582 0.087659 0.031381
0 0.336120 0.093014 0.102730 0.030106
5 0.389336 0.154479 0.086120 0.042608
1 0.813906 0.154680 0.016582 0.030533
0 0.448493 0.093583 0.107553 0.031006
0 0.652958 0.093596 0.043571 0.028899
1 0.211941 0.771483 0.017562 0.030880
0 0.565367 0.093731 0.111300 0.031961
3 0.847787 0.093496 0.041708 0.030478
1 0.319782 0.845821 0.017460 0.033497
1 0.211455 0.844522 0.017036 0.031424
3 0.083155 0.171244 0.020480 0.041297
0 0.489299 0.203035 0.025423 0.039313
4 0.100934 0.578027 0.104306 0.028157
4 0.102674 0.502881 0.106369 0.028754
5 0.955930 0.805349 0.033902 0.039263
3 0.034016 0.171262 0.019732 0.041393
5 0.914790 0.913245 0.046809 0.040593
3 0.009088 0.170908 0.018175 0.043207
3 0.397764 0.394191 0.131821 0.035727
4 0.102975 0.541302 0.109473 0.028934
4 0.107078 0.465395 0.115142 0.026569
4 0.102436 0.429050 0.107965 0.028354
5 0.096139 0.839680 0.190833 0.040431
4 0.107383 0.615171 0.120502 0.028904
5 0.513706 0.808209 0.163116 0.040961
0 0.083618 0.171700 0.019991 0.042598
5 0.094924 0.873340 0.189848 0.034681
5 0.658542 0.846070 0.132015 0.038766
5 0.956171 0.769004 0.033145 0.036503
5 0.131745 0.901330 0.116136 0.027036
5 0.095557 0.802492 0.189937 0.041638
5 0.955846 0.845191 0.032765 0.036181
5 0.924307 0.807538 0.031506 0.039025
4 0.101749 0.391080 0.105832 0.025231
5 0.924494 0.769881 0.031667 0.036436
5 0.924603 0.845713 0.030334 0.036284
3 0.052831 0.171420 0.019619 0.041865
1 0.320546 0.535653 0.016099 0.029256
1 0.321251 0.488045 0.015593 0.028816
0 0.009009 0.169795 0.018003 0.042559
5 0.096424 0.764368 0.188501 0.042393
4 0.101179 0.654111 0.107936 0.030266
5 0.513060 0.771798 0.163542 0.039371
0 0.954772 0.092712 0.051492 0.035432
0 0.033940 0.170920 0.019940 0.042929
5 0.513404 0.847692 0.163659 0.041562
3 0.103018 0.171455 0.018809 0.041989
5 0.658538 0.773012 0.131736 0.038454
5 0.658826 0.808958 0.132313 0.040126
5 0.740404 0.773848 0.029403 0.040126
5 0.739323 0.809794 0.031565 0.038454
5 0.739756 0.845741 0.030700 0.040126
5 0.811101 0.773012 0.111126 0.041798
5 0.810669 0.809794 0.111990 0.038454
5 0.810669 0.846995 0.111990 0.035946