0 0.299628 0.913253 0.022382 0.036882
5 0.479547 0.485858 0.204815 0.042511
0 0.276032 0.913357 0.021745 0.035464
0 0.429542 0.913328 0.021465 0.035935
5 0.536488 0.531487 0.085965 0.040230
0 0.136126 0.171520 0.024325 0.044976
5 0.552911 0.248156 0.318863 0.042326
5 0.781016 0.485670 0.102085 0.041138
0 0.383108 0.913002 0.022921 0.038167
0 0.198290 0.094144 0.157149 0.032828
5 0.781276 0.531481 0.101695 0.041551
5 0.501725 0.199862 0.047990 0.043836
0 0.252716 0.913386 0.022547 0.035497
5 0.773736 0.437552 0.085257 0.040766
5 0.437401 0.152579 0.085978 0.041165
0 0.406390 0.913721 0.021718 0.036113
5 0.421625 0.532234 0.085660 0.041184
3 0.743955 0.093829 0.039272 0.028486
1 0.368253 0.807882 0.016990 0.030680
0 0.336102 0.093063 0.101360 0.030336
0 0.067427 0.093252 0.087810 0.031411
5 0.445680 0.438699 0.130438 0.045091
5 0.437330 0.199614 0.086407 0.043323
1 0.259063 0.807510 0.015123 0.028827
0 0.565646 0.093322 0.113747 0.031295
1 0.368105 0.771111 0.017142 0.031118
1 0.259304 0.771340 0.015444 0.029755
1 0.367926 0.844971 0.018690 0.033416
1 0.259235 0.845098 0.016452 0.030317
0 0.536618 0.199851 0.023751 0.040544
0 0.293759 0.345391 0.056696 0.038439
0 0.448898 0.094052 0.108417 0.032142
1 0.860057 0.151937 0.013921 0.028651
4 0.101507 0.505647 0.105666 0.027161
3 0.009597 0.172077 0.019193 0.042946
4 0.100054 0.581893 0.105847 0.027542
3 0.444107 0.390067 0.132099 0.042674
3 0.673864 0.093697 0.083363 0.028929
4 0.101610 0.544084 0.104200 0.028175
5 0.114171 0.841873 0.224762 0.041031
4 0.102106 0.392398 0.104285 0.026750
4 0.101897 0.430393 0.105051 0.030607
0 0.085025 0.172307 0.020181 0.044591
5 0.113721 0.804887 0.225205 0.041838
3 0.954101 0.093889 0.050527 0.033393
3 0.053610 0.171353 0.017332 0.045049
4 0.101377 0.468388 0.105112 0.028078
5 0.114744 0.767479 0.227513 0.043550
3 0.104370 0.171615 0.020444 0.044023
5 0.114155 0.876352 0.225528 0.034584
4 0.101647 0.356324 0.105969 0.026047
4 0.114648 0.279816 0.229295 0.036401
5 0.115991 0.729761 0.230037 0.040639
5 0.174621 0.905034 0.121365 0.027053
4 0.099894 0.617915 0.107957 0.028166
0 0.035957 0.171408 0.021916 0.045160
5 0.955256 0.912927 0.050590 0.038017