0 0.493387 0.669743 0.064706 0.030858
0 0.930931 0.259577 0.033886 0.030696
0 0.895841 0.260723 0.029058 0.027459
0 0.930360 0.747390 0.032894 0.029489
0 0.962662 0.946903 0.033950 0.034097
0 0.895221 0.747024 0.028000 0.028757
0 0.493655 0.185235 0.065791 0.027615
0 0.170890 0.139720 0.087216 0.037717
0 0.147213 0.312624 0.014716 0.027606
0 0.261831 0.801482 0.016344 0.030774
0 0.605948 0.316260 0.016624 0.026105
3 0.954256 0.132464 0.017860 0.030788
0 0.147215 0.799417 0.014732 0.029529
0 0.491299 0.312315 0.014667 0.027342
0 0.923952 0.134933 0.015085 0.030262
0 0.896400 0.136642 0.022662 0.032278
0 0.207441 0.342373 0.090399 0.048842
0 0.376952 0.312175 0.014805 0.027471
0 0.261920 0.313068 0.015040 0.027681
0 0.359848 0.137727 0.141147 0.035420
0 0.811865 0.137883 0.122034 0.033852
0 0.605493 0.137775 0.136716 0.034204
0 0.436157 0.343755 0.088766 0.057135
0 0.985675 0.015286 0.016332 0.026701
0 0.017939 0.017493 0.029339 0.025091
0 0.956635 0.015201 0.012590 0.023621
0 0.045553 0.135153 0.015322 0.030851
0 0.546674 0.333618 0.088496 0.031332
0 0.669426 0.418849 0.109430 0.216538
0 0.481745 0.136997 0.077947 0.031394
0 0.202208 0.835858 0.084689 0.053449
0 0.099676 0.141938 0.032829 0.044234
0 0.251927 0.142399 0.053763 0.043312
0 0.713674 0.137330 0.058997 0.033175
0 0.323056 0.345138 0.087544 0.048842
0 0.080645 0.341912 0.069940 0.053449
0 0.089923 0.826182 0.091350 0.048842
0 0.324484 0.857975 0.110382 0.117957