0 0.203944 0.077936 0.015725 0.026134
0 0.398970 0.181198 0.039251 0.025516
0 0.453165 0.181252 0.015565 0.025191
3 0.094511 0.078368 0.116092 0.030930
0 0.469437 0.182541 0.014247 0.025904
0 0.293785 0.180258 0.012887 0.024825
0 0.213846 0.180927 0.058677 0.026624
0 0.345669 0.181115 0.048507 0.024586
0 0.531588 0.181338 0.032140 0.027296
0 0.106243 0.181038 0.043659 0.026300
0 0.310049 0.180986 0.013773 0.025435
0 0.156248 0.180590 0.036576 0.026206
0 0.502849 0.181854 0.013384 0.027560
0 0.564310 0.180064 0.015168 0.025613
0 0.434681 0.077135 0.015235 0.027026
0 0.277414 0.179684 0.013121 0.024976
0 0.052185 0.181077 0.044024 0.025542
0 0.318057 0.076433 0.016582 0.027099
0 0.393676 0.077090 0.016744 0.028200
0 0.179979 0.077172 0.015297 0.027207
0 0.411667 0.077155 0.017174 0.028011
0 0.260994 0.179327 0.014272 0.025182
0 0.221243 0.078162 0.015110 0.026317
0 0.260977 0.077278 0.016154 0.026855
0 0.435152 0.180240 0.014555 0.025544
0 0.486378 0.182526 0.015160 0.027777
0 0.371203 0.076292 0.016687 0.026976
0 0.336027 0.075716 0.015579 0.025592
0 0.238522 0.077819 0.016349 0.027300
0 0.930889 0.014794 0.015037 0.026196
0 0.353467 0.075899 0.015109 0.026446
0 0.326405 0.181236 0.011518 0.025026
0 0.163128 0.076889 0.015527 0.026350
0 0.296004 0.076682 0.015822 0.027861
0 0.278390 0.077068 0.014224 0.027159
0 0.452414 0.075352 0.014371 0.024795
0 0.945656 0.014591 0.014371 0.025797
0 0.959663 0.015128 0.013700 0.025662
0 0.022231 0.181176 0.015006 0.027536
0 0.144717 0.179917 0.013967 0.025706
0 0.191604 0.179384 0.013590 0.024864
0 0.022392 0.076928 0.015375 0.028287
0 0.015492 0.027671 0.013877 0.020655
1 0.132171 0.322961 0.010729 0.020784
0 0.984139 0.218766 0.011407 0.019679
0 0.983828 0.243823 0.011461 0.019935