3 0.113712 0.088982 0.136333 0.035378
0 0.496445 0.087692 0.019017 0.029784
0 0.265846 0.087875 0.016975 0.027228
3 0.435916 0.260521 0.227893 0.033656
0 0.525460 0.086567 0.017341 0.028744
0 0.215698 0.087462 0.017509 0.029542
0 0.286790 0.088062 0.018471 0.028784
0 0.475800 0.087529 0.017397 0.029309
0 0.317548 0.202915 0.053262 0.027180
0 0.381885 0.203351 0.060854 0.028251
0 0.245038 0.087880 0.017351 0.027811
0 0.446914 0.087276 0.018219 0.027338
0 0.269700 0.203871 0.019166 0.029466
0 0.405664 0.086869 0.016914 0.027422
0 0.384908 0.086968 0.018135 0.027004
0 0.426195 0.087480 0.017409 0.027127
0 0.195071 0.087839 0.018704 0.030018
0 0.199848 0.202913 0.091963 0.027394
5 0.860749 0.261021 0.140228 0.033378
0 0.314619 0.088013 0.018901 0.029359
5 0.875236 0.553505 0.139735 0.032301
0 0.512786 0.205123 0.170273 0.033256
0 0.546415 0.085766 0.016415 0.026689
0 0.137945 0.204340 0.017457 0.027702
0 0.335568 0.087663 0.016419 0.029157
3 0.553608 0.490119 0.169326 0.032740
0 0.433814 0.203118 0.015284 0.027531
0 0.356912 0.087455 0.018265 0.028750
1 0.556077 0.456785 0.013243 0.024139
0 0.659393 0.488723 0.029241 0.034840
0 0.028397 0.087172 0.018359 0.030237
0 0.728850 0.521927 0.020042 0.030053
0 0.729584 0.489122 0.019912 0.030324
0 0.866456 0.975305 0.014952 0.020988
0 0.436602 0.328723 0.049359 0.031430
0 0.897273 0.488897 0.022513 0.034828
4 0.807907 0.424022 0.173633 0.027704
5 0.611429 0.391472 0.126338 0.032905
5 0.384498 0.456861 0.125228 0.034469
0 0.330644 0.974653 0.020509 0.034154
5 0.362618 0.422816 0.081140 0.030212
0 0.384603 0.329274 0.052067 0.031821
5 0.490849 0.455872 0.044426 0.032779
0 0.298835 0.974007 0.017886 0.028865
5 0.385298 0.489166 0.125547 0.032046
5 0.362587 0.390540 0.081047 0.031699
0 0.018874 0.033519 0.017836 0.028524
0 0.681589 0.202952 0.016572 0.029422
0 0.973459 0.922167 0.020464 0.031502
0 0.209019 0.294628 0.019713 0.029472
0 0.071219 0.204634 0.102249 0.031059
0 0.100099 0.039761 0.131016 0.029225
0 0.201712 0.038992 0.040213 0.027687
0 0.250933 0.036685 0.031132 0.027687
0 0.300875 0.038608 0.043672 0.026918
0 0.355573 0.041684 0.030268 0.028456
0 0.916245 0.017391 0.016863 0.028415
0 0.933996 0.017391 0.015976 0.028415
0 0.951969 0.017786 0.016420 0.027626
0 0.701993 0.204216 0.024647 0.022303
4 0.740332 0.359441 0.041078 0.021534
4 0.747035 0.392127 0.057076 0.026918
4 0.799787 0.457883 0.159121 0.027687
5 0.930514 0.749620 0.102910 0.030763
0 0.248291 0.328908 0.084761 0.031573
0 0.323955 0.327329 0.070116 0.031573
0 0.511227 0.328119 0.102068 0.033151
0 0.609080 0.328119 0.090974 0.029994
0 0.692731 0.326935 0.015976 0.027626
0 0.708929 0.326935 0.016420 0.027626
5 0.491741 0.520704 0.337917 0.027687
0 0.276084 0.686562 0.137502 0.032827
0 0.396398 0.686562 0.100532 0.032827
5 0.248051 0.814735 0.050158 0.032301
5 0.334097 0.814735 0.121935 0.033839
5 0.458627 0.813966 0.128854 0.029225
5 0.535810 0.815120 0.027241 0.033070
5 0.615514 0.814735 0.077399 0.030763
1 0.562330 0.815120 0.012539 0.022303
5 0.674104 0.813966 0.041510 0.032301
5 0.838306 0.815062 0.287327 0.035006