3 0.112567 0.092238 0.145285 0.043567
5 0.197347 0.442303 0.093625 0.037463
5 0.172034 0.483209 0.042204 0.038807
5 0.172085 0.399900 0.043502 0.039087
0 0.257519 0.095383 0.021122 0.036890
0 0.561094 0.097250 0.025831 0.044579
0 0.215981 0.027341 0.045479 0.027267
0 0.283402 0.095655 0.020247 0.037095
0 0.225078 0.095419 0.021347 0.038920
0 0.163187 0.027630 0.030418 0.025219
0 0.535482 0.097609 0.025033 0.043552
0 0.120485 0.027079 0.026854 0.026619
0 0.020275 0.095904 0.021584 0.039279
0 0.451921 0.097065 0.023014 0.042460
0 0.309210 0.096020 0.021074 0.038212
0 0.477814 0.097745 0.022191 0.043159
0 0.502677 0.097970 0.023016 0.043259
0 0.426226 0.096816 0.022369 0.042245
0 0.023528 0.210680 0.019088 0.035111
0 0.200899 0.094562 0.021578 0.039267
0 0.048209 0.024787 0.089116 0.033928
0 0.341795 0.097598 0.021232 0.040295
0 0.266427 0.029378 0.031565 0.033349
0 0.593823 0.096076 0.023349 0.041483
0 0.619118 0.096483 0.022052 0.040670
0 0.159914 0.210764 0.024647 0.036603
0 0.202433 0.401504 0.014269 0.037416