5 0.553440 0.651048 0.092584 0.037625
5 0.578790 0.691800 0.143930 0.039416
5 0.553348 0.608809 0.092768 0.039366
5 0.341640 0.649854 0.093723 0.039804
5 0.552755 0.816261 0.092225 0.040271
5 0.587031 0.774848 0.160153 0.040621
5 0.341632 0.608582 0.092749 0.040740
5 0.531986 0.734009 0.050743 0.039242
5 0.552826 0.316743 0.093235 0.040181
5 0.341067 0.316751 0.093006 0.039365
3 0.112931 0.092234 0.145687 0.044859
0 0.052296 0.211115 0.021679 0.036872
5 0.527477 0.274680 0.042753 0.039172
5 0.527412 0.358315 0.042019 0.039408
5 0.367006 0.691811 0.144957 0.040796
0 0.023007 0.209237 0.024834 0.046793
5 0.320245 0.732949 0.051206 0.039879
5 0.315965 0.441769 0.042894 0.040369
5 0.375326 0.774543 0.161398 0.039658
5 0.341349 0.816328 0.093018 0.039053
0 0.153219 0.027173 0.030731 0.025949
0 0.561246 0.097264 0.024675 0.042136
5 0.307652 0.399353 0.024928 0.039007
0 0.205508 0.027136 0.044953 0.025840
0 0.043250 0.025709 0.078693 0.034468
0 0.080680 0.210982 0.019170 0.036589
0 0.535504 0.097548 0.024625 0.041660
0 0.684484 0.566805 0.034597 0.041388
0 0.110095 0.026970 0.026293 0.027895
0 0.451999 0.096975 0.022573 0.040988
5 0.315916 0.357820 0.041730 0.037294
5 0.519311 0.567336 0.025070 0.037759
0 0.684619 0.274116 0.033739 0.041298
5 0.316031 0.274032 0.042763 0.037876
0 0.283181 0.096350 0.020653 0.038215
0 0.502647 0.097896 0.022177 0.040089
0 0.478154 0.097705 0.021854 0.040532
0 0.108916 0.211144 0.020894 0.037914
5 0.307771 0.566690 0.025556 0.040748
0 0.020332 0.096028 0.022262 0.040934
0 0.426700 0.096408 0.022959 0.041327
1 0.030646 0.941976 0.013757 0.026156
0 0.225154 0.096159 0.023631 0.043735
0 0.257504 0.095995 0.021532 0.038351
0 0.684708 0.608945 0.032408 0.038571
0 0.684684 0.818211 0.034996 0.039625
0 0.683689 0.734252 0.033006 0.041611
0 0.684201 0.651868 0.034896 0.040448
0 0.684049 0.775393 0.033727 0.040670
0 0.594314 0.096297 0.022133 0.041122
0 0.308946 0.096729 0.020289 0.039197
0 0.394654 0.096426 0.021375 0.043542
0 0.200646 0.096876 0.022489 0.040996
0 0.256620 0.027421 0.029511 0.029079
0 0.619184 0.096593 0.022953 0.042296
0 0.342109 0.095271 0.024358 0.039653
0 0.684193 0.316505 0.032862 0.041483
0 0.683977 0.359208 0.034159 0.040670
0 0.683400 0.693240 0.032430 0.042296