5 0.184701 0.345132 0.085071 0.040293
5 0.208126 0.542247 0.133178 0.043679
5 0.208021 0.443982 0.134527 0.041212
5 0.185071 0.394472 0.086203 0.041670
5 0.243340 0.492538 0.203711 0.043000
5 0.842673 0.881501 0.120940 0.041743
5 0.842639 0.921017 0.122588 0.041635
5 0.842666 0.960373 0.122657 0.041630
5 0.099842 0.881484 0.083875 0.041393
0 0.193315 0.159501 0.064746 0.034132
5 0.402870 0.924135 0.239458 0.038272
5 0.099447 0.960917 0.084710 0.042368
5 0.403489 0.963386 0.239156 0.038498
5 0.403132 0.884167 0.239197 0.041506
0 0.387116 0.158718 0.050392 0.032002
3 0.253277 0.881494 0.060643 0.040878
3 0.080570 0.157271 0.131448 0.041824
0 0.293678 0.159519 0.106768 0.033656
3 0.253342 0.921394 0.061439 0.039749
0 0.462830 0.158348 0.072417 0.032882
0 0.538229 0.159325 0.049882 0.035281
3 0.253383 0.961205 0.061343 0.041217
5 0.099806 0.920763 0.083939 0.042047
5 0.360668 0.344540 0.048703 0.042342
0 0.041914 0.250364 0.066190 0.041494
3 0.721849 0.158542 0.052700 0.035603
0 0.631412 0.158734 0.100854 0.037217
5 0.957995 0.881375 0.084009 0.042988
5 0.953654 0.394837 0.092691 0.044031
1 0.019602 0.883391 0.012972 0.023646
5 0.957523 0.920797 0.084954 0.040476
1 0.044029 0.959529 0.028302 0.035688
5 0.957739 0.959977 0.084522 0.041097
1 0.019602 0.921714 0.012972 0.025277
0 0.119115 0.247691 0.048446 0.037695
5 0.842511 0.990021 0.122347 0.019958
5 0.953654 0.541607 0.092691 0.042400
5 0.771533 0.881394 0.021808 0.040146
1 0.044006 0.880804 0.027953 0.037031
5 0.771491 0.920830 0.021816 0.039532
1 0.044086 0.920295 0.028696 0.037657
5 0.771494 0.960312 0.021569 0.039930
1 0.020034 0.961261 0.012972 0.024462
1 0.908938 0.921850 0.012991 0.022831
5 0.771555 0.989566 0.021569 0.020868
0 0.236203 0.345570 0.017690 0.040394
5 0.957769 0.989793 0.084461 0.020414
1 0.043885 0.990675 0.028523 0.018650
5 0.182139 0.882185 0.084116 0.041746
1 0.909131 0.961956 0.012874 0.024766
5 0.100166 0.992382 0.084114 0.015236
5 0.182119 0.921038 0.082896 0.042047
5 0.640890 0.963565 0.237656 0.038856
5 0.181990 0.960923 0.083666 0.043042
0 0.019144 0.835588 0.016182 0.032794
3 0.253712 0.990782 0.060427 0.018436
5 0.403045 0.991110 0.239428 0.017780
1 0.908746 0.994356 0.012805 0.011287
5 0.641507 0.923271 0.239882 0.039807
5 0.640991 0.883134 0.239183 0.044062
1 0.020127 0.994084 0.014023 0.011832
5 0.182462 0.991216 0.083373 0.017568
1 0.019374 0.836507 0.016129 0.034697
1 0.908717 0.882230 0.012986 0.021758
5 0.641747 0.991913 0.239401 0.016173
0 0.025439 0.084174 0.017728 0.035877
0 0.020250 0.023428 0.019458 0.031800
0 0.066733 0.024243 0.057076 0.031800
0 0.120494 0.025058 0.028538 0.031800
0 0.158545 0.024243 0.030268 0.030169
0 0.203946 0.023020 0.037186 0.032616
0 0.257635 0.024243 0.048861 0.033431
0 0.327179 0.022205 0.071778 0.032616
0 0.395065 0.022205 0.043240 0.034246
0 0.442628 0.022205 0.031132 0.035877