5 0.278612 0.934755 0.118198 0.041882
5 0.286308 0.640196 0.133576 0.043986
5 0.286179 0.591798 0.132060 0.042866
5 0.281881 0.690671 0.126455 0.044232
5 0.340892 0.838017 0.243632 0.042679
5 0.344567 0.787933 0.251371 0.045237
5 0.239465 0.885783 0.040481 0.042812
5 0.340611 0.739129 0.243307 0.042958
0 0.528661 0.590854 0.088000 0.045221
3 0.080353 0.158103 0.130151 0.039139
3 0.309648 0.157639 0.051524 0.032499
0 0.232855 0.159484 0.074469 0.033379
0 0.421100 0.397971 0.093729 0.044396
0 0.169999 0.158431 0.020025 0.034955
0 0.250742 0.541706 0.017679 0.041313
5 0.230705 0.541831 0.023603 0.041582
5 0.239475 0.296642 0.039348 0.042247
0 0.026520 0.084990 0.014701 0.037508
0 0.326896 0.395743 0.053687 0.039995
0 0.020467 0.022612 0.016431 0.030169
0 0.072642 0.023835 0.070625 0.029354
0 0.132385 0.024651 0.026376 0.032616
0 0.170868 0.024243 0.030700 0.031800
0 0.219513 0.025058 0.041510 0.026908
0 0.264482 0.024243 0.034592 0.028539