5 0.328524 0.481921 0.489039 0.311129
5 0.716120 0.847472 0.048851 0.040584
0 0.955575 0.960233 0.073567 0.037830
5 0.740515 0.892657 0.099098 0.040706
5 0.775436 0.755552 0.164804 0.041606
0 0.033433 0.866548 0.034452 0.038359
5 0.738954 0.800228 0.095411 0.040046
5 0.249030 0.754804 0.126510 0.041004
0 0.068710 0.866831 0.033873 0.037124
3 0.964094 0.098845 0.033141 0.035637
3 0.444629 0.097991 0.103119 0.032176
0 0.183604 0.097991 0.089031 0.033172
5 0.339133 0.893187 0.041694 0.038965
3 0.311389 0.097744 0.130449 0.032922
5 0.311373 0.706807 0.250942 0.044712
0 0.024644 0.961537 0.028349 0.034460
3 0.729295 0.097853 0.106574 0.031849
3 0.585629 0.098448 0.148662 0.033209
0 0.352452 0.894051 0.015378 0.038717
0 0.778422 0.799336 0.018048 0.035047
5 0.232785 0.799290 0.097069 0.040252
0 0.070107 0.098626 0.103135 0.032284
0 0.779328 0.893238 0.016987 0.038501
0 0.084499 0.282556 0.112526 0.034029