3 0.235745 0.192274 0.147519 0.046589
5 0.198961 0.341991 0.086319 0.046614
0 0.576295 0.846719 0.023939 0.039946
0 0.530169 0.846331 0.023016 0.038637
0 0.024762 0.292126 0.025021 0.043323
3 0.085425 0.191638 0.145154 0.045747
0 0.972757 0.974596 0.051032 0.036253
0 0.900195 0.974521 0.078621 0.039356
0 0.553172 0.846267 0.020834 0.037990
5 0.478232 0.343826 0.129981 0.045737
0 0.458847 0.846438 0.108089 0.044683
0 0.352387 0.846481 0.108183 0.042911
0 0.258046 0.846537 0.020775 0.037467
0 0.069772 0.847235 0.022710 0.040056
0 0.280981 0.846746 0.023023 0.039518
3 0.167027 0.443248 0.151618 0.044616
5 0.512916 0.394928 0.201158 0.045156
0 0.085921 0.295654 0.058303 0.038956
3 0.218556 0.103188 0.037367 0.031495
0 0.974791 0.104076 0.047783 0.034716
0 0.056305 0.104556 0.085590 0.034774
0 0.912433 0.103995 0.060041 0.033552
5 0.713839 0.681940 0.081987 0.042220
5 0.713695 0.722563 0.080917 0.042802
5 0.905071 0.682444 0.071438 0.041622
5 0.811799 0.722704 0.117862 0.044837
5 0.199127 0.393656 0.086844 0.043360
5 0.866501 0.192316 0.031328 0.041749
5 0.465412 0.723230 0.126461 0.045289
5 0.811926 0.682425 0.118851 0.042683
0 0.047069 0.847409 0.021659 0.040676
5 0.813202 0.643280 0.118413 0.047812
5 0.714082 0.761201 0.082026 0.040373
5 0.356805 0.682098 0.034988 0.041079
5 0.904774 0.722034 0.069674 0.044283
5 0.388664 0.722176 0.032259 0.042450
5 0.465984 0.683241 0.125307 0.044077
5 0.209404 0.682648 0.263270 0.045717
5 0.388357 0.682649 0.031885 0.040300
5 0.357055 0.721527 0.035901 0.042641
5 0.812420 0.761440 0.117768 0.040761
5 0.167352 0.847424 0.161095 0.044068
5 0.357021 0.642414 0.035629 0.042787
5 0.356804 0.760152 0.036559 0.038612
5 0.890349 0.191554 0.018305 0.040616
5 0.713521 0.643151 0.080694 0.045324
5 0.904729 0.642949 0.070341 0.041788
5 0.208779 0.642521 0.265070 0.044392
5 0.904929 0.761295 0.070183 0.039771
5 0.615622 0.682909 0.119080 0.044752
0 0.042179 0.446818 0.015780 0.031120
5 0.388208 0.643030 0.031730 0.043204
5 0.616142 0.721479 0.119456 0.044931
0 0.142708 0.295360 0.017370 0.031368
5 0.209935 0.722653 0.263952 0.047268
3 0.149240 0.104049 0.083637 0.033152
5 0.389055 0.760865 0.032382 0.037907
5 0.466061 0.643763 0.126695 0.047498
5 0.542558 0.682564 0.031612 0.040447
1 0.078809 0.446113 0.016125 0.034168
5 0.464913 0.761392 0.122860 0.041195
5 0.615414 0.761843 0.117513 0.041939
5 0.209515 0.761740 0.262149 0.044716
5 0.543266 0.644623 0.030751 0.036168
5 0.615928 0.645139 0.115564 0.039268
5 0.542274 0.721608 0.028767 0.041334
5 0.541778 0.761909 0.031743 0.043401