5 0.293038 0.713439 0.040392 0.042660
3 0.372433 0.566074 0.198657 0.046087
0 0.620681 0.159618 0.030716 0.043169
0 0.972561 0.972397 0.051434 0.040083
5 0.322304 0.614604 0.101045 0.043495
0 0.226440 0.101996 0.097746 0.034473
0 0.974697 0.101589 0.050449 0.038714
3 0.305858 0.100971 0.038996 0.033537
0 0.092413 0.102118 0.149048 0.035453
5 0.345882 0.160588 0.145007 0.047328
1 0.282622 0.411528 0.016492 0.035542
5 0.534979 0.160555 0.142740 0.044929
5 0.292994 0.661994 0.040281 0.048333
1 0.284201 0.866058 0.017659 0.034412
4 0.205175 0.362770 0.142039 0.031285
4 0.204263 0.412070 0.139354 0.034746
5 0.283436 0.312460 0.014638 0.033022
5 0.282932 0.362464 0.014381 0.031799
4 0.087790 0.813669 0.141977 0.040313