0 0.070094 0.877564 0.022640 0.045046
0 0.282277 0.220177 0.023655 0.045046
0 0.023960 0.320895 0.024280 0.049130
0 0.372328 0.873576 0.024067 0.043125
0 0.258648 0.220177 0.022227 0.047861
0 0.577096 0.219494 0.027287 0.040865
0 0.070136 0.220881 0.023084 0.049269
0 0.047382 0.877564 0.022218 0.042230
0 0.531506 0.221360 0.028028 0.050228
0 0.353741 0.221584 0.106246 0.047861
0 0.771871 0.974091 0.062147 0.035919
0 0.703170 0.971679 0.063339 0.042378
0 0.915766 0.971049 0.047913 0.032467
0 0.056897 0.097259 0.086794 0.034470
0 0.974241 0.972326 0.049190 0.033255
0 0.846758 0.972562 0.073174 0.035036
3 0.217949 0.096732 0.040511 0.032325
0 0.976259 0.097906 0.046694 0.031365
0 0.459734 0.221584 0.106354 0.042230
0 0.074155 0.320643 0.033239 0.039990
0 0.046935 0.221584 0.024072 0.047861
5 0.167183 0.221584 0.161236 0.047861
0 0.914858 0.099771 0.060818 0.029463
3 0.149551 0.097376 0.083507 0.034737
5 0.342084 0.875000 0.038063 0.042732
1 0.094997 0.877581 0.015514 0.033819