5 0.327559 0.478170 0.486995 0.310982
5 0.715969 0.845588 0.048942 0.041763
5 0.243794 0.894365 0.118423 0.042109
5 0.331934 0.892864 0.054674 0.039509
0 0.954579 0.961998 0.074130 0.042218
5 0.739820 0.892819 0.098661 0.040985
5 0.739435 0.798033 0.096582 0.041871
0 0.023686 0.963738 0.030601 0.045365
5 0.246578 0.752050 0.123242 0.040124
5 0.215023 0.844972 0.060260 0.039971
5 0.774836 0.751222 0.167364 0.042082
5 0.310258 0.705561 0.251242 0.040362
0 0.183005 0.090026 0.089561 0.032289
3 0.962400 0.090235 0.032363 0.034455
3 0.441940 0.089921 0.104895 0.030669
3 0.308997 0.090180 0.130348 0.032260
0 0.777698 0.798382 0.018565 0.035123
3 0.728805 0.090041 0.107124 0.031186
5 0.232049 0.798672 0.095446 0.040179
0 0.351080 0.893563 0.016382 0.039440
3 0.584744 0.090095 0.148600 0.032504
0 0.778121 0.893322 0.018291 0.038289
0 0.070522 0.091093 0.103019 0.031543
0 0.270799 0.799608 0.016901 0.034728
0 0.084381 0.281032 0.110102 0.048717