0 0.151513 0.774037 0.066705 0.047419
0 0.922184 0.249180 0.027995 0.050344
0 0.141728 0.192475 0.021925 0.044253
3 0.790591 0.825318 0.129746 0.054432
0 0.011897 0.191097 0.023436 0.045968
0 0.057127 0.775159 0.112695 0.049192
0 0.113020 0.192107 0.024108 0.044711
3 0.790272 0.766050 0.130882 0.052406
3 0.791455 0.881865 0.127923 0.053617
0 0.681575 0.970140 0.062949 0.035992
3 0.790811 0.651966 0.130689 0.054171
3 0.791016 0.709114 0.130877 0.050872
0 0.608956 0.968804 0.064061 0.036796
0 0.085571 0.191268 0.023728 0.044733
0 0.080243 0.120857 0.102606 0.040384
3 0.790687 0.940804 0.130562 0.051113
0 0.654825 0.329374 0.021021 0.046277
0 0.167987 0.191967 0.022412 0.045015
5 0.539559 0.790751 0.204275 0.055839
3 0.052057 0.190225 0.036267 0.047131
0 0.225180 0.121383 0.167964 0.041291
3 0.973791 0.120585 0.051460 0.039567
5 0.081539 0.349225 0.162944 0.054034
5 0.081187 0.573990 0.162374 0.052509
5 0.325843 0.617768 0.015987 0.037328
5 0.081518 0.396824 0.161197 0.049903
5 0.081144 0.621509 0.162288 0.050222
5 0.547684 0.386691 0.200559 0.047918
5 0.081398 0.439813 0.160146 0.047346
5 0.081067 0.484070 0.162134 0.050311
5 0.081709 0.666707 0.158875 0.051220
5 0.081173 0.529814 0.162346 0.052716
5 0.081483 0.911871 0.159024 0.058172
5 0.205283 0.350161 0.089987 0.049474
5 0.205414 0.304338 0.090100 0.050847
5 0.204764 0.396093 0.089151 0.048027
5 0.205541 0.908904 0.089966 0.052219
4 0.377399 0.499176 0.129892 0.040805
5 0.205089 0.438733 0.089314 0.046851
4 0.398512 0.618433 0.123509 0.033145
5 0.081502 0.304764 0.162861 0.049260
5 0.546347 0.330199 0.196080 0.049669
4 0.392330 0.560155 0.107058 0.035304
5 0.205921 0.664042 0.089684 0.047380
5 0.204990 0.486110 0.089757 0.048968
5 0.205262 0.531405 0.088125 0.044071
5 0.205262 0.575476 0.088125 0.048968
5 0.205806 0.619547 0.090301 0.041623
5 0.326026 0.559957 0.014308 0.031050
0 0.708263 0.175523 0.018396 0.031050