0 0.604668 0.654384 0.072156 0.030237
0 0.684000 0.655628 0.075574 0.033667
0 0.656057 0.502243 0.133738 0.033794
4 0.142652 0.342978 0.087452 0.014661
4 0.152773 0.298604 0.110775 0.018166
4 0.200460 0.476249 0.220225 0.020584
4 0.157660 0.255825 0.120550 0.019678
4 0.153344 0.322001 0.109721 0.016714
4 0.133856 0.275665 0.059881 0.014405
4 0.135920 0.231148 0.093173 0.019711
4 0.133330 0.387801 0.076558 0.016968
4 0.131322 0.053722 0.136634 0.019829
4 0.140960 0.082336 0.142861 0.023021
0 0.529797 0.979919 0.021917 0.026375
4 0.139395 0.365100 0.099546 0.016826