5 0.161805 0.462185 0.019688 0.037455
5 0.168778 0.718116 0.031141 0.037332
0 0.958172 0.971622 0.057077 0.036929
5 0.377807 0.589521 0.031629 0.033676
5 0.374685 0.461947 0.025886 0.037956
5 0.395830 0.548298 0.067973 0.035995
5 0.206760 0.889810 0.108842 0.038769
5 0.398639 0.848105 0.025209 0.038642
5 0.209557 0.249892 0.247062 0.039600
0 0.226315 0.086810 0.080393 0.028775
5 0.208005 0.848267 0.108101 0.040165
5 0.209975 0.420675 0.117153 0.036953
5 0.391799 0.420923 0.060735 0.039823
0 0.047146 0.086908 0.051391 0.028970
5 0.162019 0.549825 0.018652 0.035822
5 0.209497 0.506714 0.114398 0.038700
0 0.317201 0.085947 0.087897 0.028670
5 0.392510 0.377332 0.060476 0.038689
0 0.128664 0.087354 0.099621 0.030668
1 0.161067 0.591405 0.010810 0.024327
5 0.165429 0.377257 0.025585 0.038174
0 0.392528 0.087585 0.050519 0.028874
3 0.456119 0.086757 0.067217 0.034364
0 0.966765 0.086541 0.040045 0.034566
0 0.084321 0.162673 0.089897 0.039765
4 0.593872 0.231992 0.123015 0.032151
4 0.595464 0.272057 0.126647 0.030883
3 0.477093 0.267705 0.099993 0.026419
4 0.556333 0.186552 0.046334 0.027015
4 0.460948 0.226581 0.068438 0.025727
3 0.475352 0.138883 0.105672 0.037143
4 0.472796 0.182857 0.096729 0.031381
4 0.580426 0.314202 0.096653 0.033207
3 0.511189 0.089368 0.033862 0.033295
5 0.210253 0.205974 0.245670 0.038593
4 0.569221 0.143991 0.072088 0.032107
4 0.472705 0.438023 0.095160 0.032304
3 0.477742 0.354066 0.099525 0.025090
3 0.477289 0.395826 0.100465 0.026073