3 0.342883 0.165952 0.226555 0.038146
3 0.475560 0.540738 0.222934 0.038375
3 0.311038 0.857542 0.075788 0.030985
3 0.311142 0.824227 0.076197 0.032663
5 0.121852 0.890574 0.102628 0.034544
5 0.122146 0.857265 0.102450 0.032995
3 0.097773 0.091073 0.165754 0.037687
5 0.256185 0.414424 0.167057 0.037268
5 0.946179 0.857357 0.101273 0.033589
5 0.802593 0.891079 0.125459 0.035607
5 0.802661 0.857079 0.121115 0.034192
5 0.225737 0.331270 0.110134 0.035722
0 0.567937 0.092168 0.090496 0.027746
5 0.692075 0.857255 0.102247 0.034029
5 0.946010 0.890700 0.101413 0.035344
3 0.310885 0.890758 0.076481 0.031406
5 0.691881 0.890848 0.102111 0.035689
0 0.049378 0.212112 0.081656 0.031600
5 0.225616 0.372482 0.109801 0.034421
5 0.122483 0.824646 0.102196 0.033808
5 0.254510 0.539330 0.169348 0.037926
5 0.122555 0.926282 0.104911 0.036210
0 0.660738 0.093723 0.060004 0.027876
5 0.807849 0.167023 0.310269 0.040176
5 0.947880 0.824742 0.101612 0.034315
5 0.552567 0.331985 0.167755 0.036908
0 0.771987 0.092852 0.128110 0.030171
0 0.475250 0.093475 0.063408 0.029037
5 0.947317 0.926750 0.102291 0.037504
5 0.802777 0.926996 0.125536 0.037720
5 0.323087 0.454962 0.303204 0.039737
5 0.691745 0.926364 0.102505 0.036685
5 0.692003 0.824901 0.103613 0.034364
5 0.880518 0.890550 0.037767 0.033504
5 0.481332 0.291581 0.024761 0.036938
1 0.024526 0.860068 0.015655 0.020274
1 0.024526 0.826078 0.015655 0.021467
5 0.802941 0.824347 0.124791 0.035021
5 0.880778 0.857342 0.038385 0.032479
5 0.260542 0.290201 0.175043 0.039888
3 0.886016 0.093129 0.063972 0.027140
0 0.360689 0.093049 0.127926 0.030424
5 0.557819 0.455777 0.062708 0.039550
5 0.880088 0.925846 0.037838 0.036048
5 0.223360 0.857669 0.102432 0.033248
1 0.024296 0.925363 0.017037 0.020871
1 0.052990 0.925660 0.034826 0.032202
5 0.880752 0.824619 0.037970 0.033153
5 0.222864 0.890768 0.102162 0.034603
5 0.496058 0.858272 0.293423 0.036190
5 0.495703 0.925292 0.292974 0.037788
1 0.023835 0.892864 0.016116 0.021467
5 0.222676 0.926949 0.101745 0.038355
5 0.222102 0.825201 0.102004 0.034223
1 0.054049 0.860068 0.033260 0.032200
5 0.496476 0.825019 0.292588 0.036185
5 0.495758 0.891575 0.292866 0.037887
3 0.310527 0.925757 0.077965 0.034083
1 0.053874 0.892268 0.032910 0.032200
1 0.053978 0.825390 0.033915 0.028786
5 0.394827 0.580673 0.445432 0.043554
0 0.237782 0.093313 0.080052 0.028469
0 0.150451 0.211103 0.071968 0.030489
1 0.375109 0.498530 0.015481 0.020850