5 0.522044 0.410085 0.084782 0.034846
5 0.522223 0.536062 0.084276 0.034890
5 0.285947 0.152683 0.032637 0.036484
5 0.521949 0.568357 0.084857 0.033581
5 0.139335 0.152623 0.069504 0.039039
0 0.151931 0.838205 0.020872 0.035144
0 0.910696 0.980939 0.058069 0.032456
5 0.403444 0.410231 0.101333 0.036377
5 0.520676 0.503656 0.085541 0.035565
5 0.466901 0.568547 0.027135 0.032094
5 0.403858 0.568909 0.102296 0.034037
5 0.467219 0.599833 0.026818 0.032366
5 0.582670 0.376163 0.040118 0.033013
5 0.521601 0.346114 0.086396 0.033575
5 0.448260 0.193386 0.037964 0.034302
5 0.404496 0.536516 0.100889 0.036159
5 0.582860 0.502760 0.040222 0.032724
5 0.466733 0.410294 0.027251 0.033624
5 0.137984 0.194200 0.071468 0.037534
5 0.404150 0.503641 0.102697 0.036021
5 0.466897 0.536312 0.027223 0.032938
5 0.521785 0.634014 0.086320 0.036055
5 0.582676 0.535832 0.040310 0.033990
5 0.403964 0.345490 0.099416 0.034933
5 0.521189 0.600096 0.084617 0.034589
5 0.582613 0.567829 0.040693 0.032243
5 0.582562 0.345540 0.040726 0.030004
0 0.970289 0.981248 0.053887 0.030552
5 0.403774 0.377728 0.100998 0.035781
5 0.520962 0.377515 0.086534 0.035139
5 0.521264 0.443465 0.084987 0.035710
0 0.142211 0.080455 0.066863 0.028759
0 0.056102 0.079670 0.096821 0.029290
5 0.582716 0.599889 0.040618 0.033279
5 0.163734 0.569509 0.153644 0.035954
5 0.582658 0.409274 0.040423 0.033929
5 0.582734 0.632579 0.040077 0.033826
0 0.505013 0.080247 0.092017 0.028093
5 0.466965 0.443347 0.026975 0.032831
5 0.521211 0.473851 0.086575 0.030894
1 0.015781 0.408809 0.013854 0.025838
5 0.404118 0.634127 0.102095 0.037004
5 0.466891 0.503634 0.026572 0.034095
5 0.466921 0.377228 0.026862 0.032619
5 0.406529 0.837755 0.036855 0.034216
5 0.463049 0.152904 0.067353 0.037699
1 0.015958 0.661608 0.013875 0.025102
0 0.714379 0.080391 0.042025 0.028947
0 0.315963 0.080384 0.050317 0.027359
5 0.466862 0.633300 0.026198 0.035096
5 0.403596 0.443649 0.101955 0.035909
1 0.015867 0.535994 0.013940 0.025888
0 0.369871 0.081158 0.044168 0.026917
1 0.015804 0.376485 0.014060 0.025827
0 0.646325 0.080135 0.080277 0.028550
0 0.425498 0.080046 0.056830 0.027623
0 0.232055 0.079727 0.101330 0.029261
5 0.521780 0.694123 0.084191 0.034332
3 0.923349 0.080945 0.033709 0.034539
5 0.521133 0.663888 0.086027 0.030984
0 0.976029 0.080831 0.042905 0.031354
5 0.405303 0.312830 0.098583 0.036149
0 0.578867 0.080944 0.044385 0.026125
5 0.403609 0.600649 0.102235 0.035027
5 0.466812 0.345917 0.026474 0.031001
5 0.403674 0.473526 0.100687 0.032828
5 0.165036 0.537156 0.153633 0.038258
3 0.827655 0.692174 0.227541 0.046717
5 0.297200 0.665267 0.115017 0.032981
5 0.695563 0.599379 0.030877 0.032454
5 0.582621 0.442817 0.040427 0.033543
1 0.015915 0.568448 0.013432 0.025435
5 0.466584 0.693454 0.026672 0.033725
1 0.015839 0.504438 0.013884 0.026272
5 0.221994 0.444575 0.266373 0.035573
5 0.521838 0.788741 0.085281 0.035123
5 0.466768 0.664272 0.026226 0.030217
5 0.615536 0.376215 0.027371 0.032470
5 0.165089 0.506123 0.152664 0.032028
5 0.465712 0.472838 0.026108 0.030796
5 0.164775 0.410923 0.152700 0.035809
5 0.615438 0.345271 0.026786 0.030353
1 0.016072 0.789711 0.015860 0.028831
5 0.404928 0.760794 0.099864 0.034467
1 0.015976 0.600020 0.013771 0.026446
5 0.164886 0.632211 0.152781 0.040801
0 0.851176 0.080057 0.105978 0.031779
0 0.767630 0.080219 0.049805 0.028358
5 0.521166 0.313021 0.086596 0.035510
1 0.016024 0.631579 0.014213 0.025115
5 0.164035 0.345478 0.153982 0.034858
5 0.521107 0.726624 0.084805 0.033873
5 0.582634 0.663284 0.039596 0.032279
5 0.582986 0.472153 0.038964 0.032195
5 0.467230 0.758889 0.025762 0.033522
5 0.466865 0.727938 0.026526 0.036569
5 0.695159 0.567034 0.030820 0.031114
1 0.016198 0.693967 0.013915 0.026522
1 0.015566 0.440677 0.013296 0.025429
5 0.405614 0.789764 0.101812 0.027039
5 0.164811 0.377655 0.152018 0.036178
5 0.404197 0.696300 0.100995 0.030273
5 0.582532 0.692814 0.040027 0.033387
5 0.695976 0.376318 0.032007 0.030625
5 0.467350 0.789428 0.024652 0.027555
5 0.582841 0.789041 0.038865 0.026782
5 0.615292 0.408750 0.026884 0.033413
5 0.297320 0.346577 0.117641 0.031578
5 0.521008 0.757491 0.085162 0.033580
5 0.695236 0.535128 0.030667 0.032989
5 0.298053 0.376620 0.117164 0.035238
5 0.164868 0.476738 0.155700 0.028524
5 0.163373 0.727664 0.154365 0.036547
5 0.695448 0.408411 0.031106 0.033066
5 0.298136 0.696465 0.115449 0.036547
5 0.297200 0.570334 0.113288 0.032090
5 0.298415 0.503925 0.113125 0.029416
1 0.015790 0.346771 0.014311 0.025837
5 0.165466 0.444348 0.153268 0.036169
5 0.695643 0.345812 0.031429 0.030420
1 0.015835 0.726878 0.013654 0.026010
5 0.615103 0.502773 0.026481 0.032853
4 0.756643 0.566061 0.063510 0.026074
5 0.583040 0.313125 0.040256 0.033341
5 0.582379 0.727284 0.040890 0.036741
5 0.163159 0.313250 0.152330 0.036085
5 0.614995 0.471610 0.026430 0.031549
3 0.828062 0.564523 0.227232 0.041717
5 0.615044 0.535543 0.026410 0.034094
1 0.015541 0.314450 0.014838 0.028370
5 0.614782 0.440189 0.026790 0.033077
4 0.742051 0.405519 0.031976 0.025216
5 0.695370 0.442588 0.030399 0.032796
3 0.827525 0.364763 0.226532 0.043916
5 0.404618 0.727961 0.099819 0.031199
5 0.297944 0.313586 0.112990 0.035354
1 0.017283 0.473617 0.012848 0.025033
5 0.654110 0.376358 0.052715 0.031294
4 0.800424 0.242576 0.148074 0.027409
5 0.297852 0.443749 0.114107 0.035238
5 0.614858 0.599596 0.025466 0.033127
5 0.298136 0.728193 0.114585 0.030140
4 0.743909 0.608669 0.039626 0.025250
4 0.761799 0.161257 0.077365 0.026869
5 0.695344 0.503334 0.030451 0.031418
5 0.695498 0.632136 0.031006 0.031938
5 0.164126 0.665368 0.151995 0.029213
5 0.296551 0.410886 0.114585 0.028302
5 0.297992 0.758862 0.114008 0.031199
3 0.826053 0.445359 0.224712 0.033605
5 0.297848 0.634514 0.113720 0.033873
3 0.826280 0.404897 0.225166 0.040366
5 0.297693 0.535851 0.114274 0.031528
5 0.164946 0.790358 0.153813 0.025850
5 0.653492 0.312961 0.052741 0.032646
5 0.615056 0.567149 0.026347 0.032062
5 0.615015 0.632239 0.026469 0.033449
1 0.016060 0.606188 0.014430 0.024825
5 0.298281 0.474928 0.111990 0.031436
4 0.767513 0.204083 0.081237 0.032216
3 0.827468 0.484759 0.220797 0.038241
5 0.695219 0.313801 0.031158 0.031735
5 0.583232 0.760942 0.037625 0.031199
4 0.753235 0.364702 0.061191 0.025549
4 0.740017 0.484902 0.032029 0.024946
4 0.735039 0.647745 0.021761 0.025252
4 0.739433 0.444466 0.031147 0.024600
4 0.828368 0.322277 0.224845 0.037193
5 0.164359 0.762577 0.153258 0.030901
5 0.298064 0.789170 0.113287 0.029416
4 0.764855 0.123553 0.084993 0.030542
5 0.695144 0.474765 0.030851 0.030966
5 0.164285 0.696465 0.152541 0.031199
3 0.828602 0.524158 0.224190 0.035923
5 0.164177 0.600066 0.153621 0.031237
5 0.297628 0.601532 0.113279 0.028524
5 0.724449 0.789493 0.028771 0.027091
4 0.751921 0.282933 0.047218 0.020858
3 0.826307 0.607399 0.223721 0.037082
3 0.826307 0.647957 0.225970 0.046352
5 0.695219 0.665861 0.029835 0.034764
5 0.694787 0.697060 0.028106 0.031199
5 0.695435 0.729150 0.029403 0.034764
5 0.695652 0.763914 0.030700 0.029416
5 0.724190 0.760348 0.028970 0.034764
5 0.695868 0.791547 0.028538 0.025850
5 0.615010 0.664227 0.024214 0.033873
5 0.614361 0.697208 0.023782 0.032090
5 0.615226 0.727961 0.024647 0.034764
5 0.614794 0.760497 0.025511 0.030307
5 0.614577 0.790358 0.023349 0.029416
5 0.405082 0.665564 0.099883 0.032981