0 0.446194 0.259798 0.020521 0.036549
0 0.145495 0.257593 0.020522 0.033923
0 0.416954 0.258902 0.020619 0.034757
0 0.468995 0.259798 0.019970 0.040115
0 0.493193 0.259798 0.020438 0.038332
0 0.280613 0.259798 0.019526 0.040115
0 0.250640 0.258087 0.021039 0.034910
0 0.075661 0.257335 0.021480 0.036971
0 0.098843 0.256931 0.020729 0.036164
0 0.122228 0.256860 0.020814 0.036022
0 0.020523 0.645030 0.021297 0.037516
0 0.020531 0.252183 0.021662 0.037418
0 0.045456 0.260975 0.021659 0.040650
0 0.562136 0.258558 0.100442 0.037635
0 0.465017 0.163289 0.022535 0.037688
0 0.626459 0.255656 0.021162 0.039252
3 0.627978 0.085313 0.035413 0.030310
3 0.184283 0.257569 0.016038 0.037440
3 0.110436 0.164212 0.145049 0.036905
0 0.437119 0.644872 0.021534 0.036760
0 0.168508 0.258843 0.018090 0.032857
0 0.020739 0.207741 0.021104 0.033947
1 0.047132 0.811407 0.014207 0.027568
0 0.371675 0.259352 0.018928 0.037440
3 0.388381 0.258131 0.015226 0.034998
0 0.081218 0.085165 0.139649 0.031766
0 0.457733 0.645259 0.021258 0.037118
0 0.231481 0.084175 0.073962 0.030076
5 0.989114 0.351170 0.021771 0.035658
1 0.047277 0.913096 0.013468 0.026503
3 0.342963 0.257199 0.027070 0.038483
0 0.398328 0.086135 0.025478 0.028177
0 0.328639 0.085620 0.105363 0.030667
0 0.173757 0.085293 0.027122 0.027578
0 0.212343 0.261581 0.017893 0.036549
0 0.469256 0.086624 0.103363 0.030351
1 0.047369 0.844935 0.014559 0.027666
1 0.144280 0.813951 0.013269 0.023452
3 0.309483 0.258906 0.029964 0.038332
3 0.564728 0.086398 0.077740 0.030280
3 0.229177 0.258461 0.017969 0.039223
1 0.143723 0.879996 0.013884 0.026990
5 0.946195 0.349833 0.067523 0.040115
1 0.047298 0.880025 0.013728 0.027189
1 0.144936 0.913861 0.012852 0.023497
1 0.047142 0.777415 0.015127 0.029687
1 0.144198 0.846368 0.013104 0.024010
5 0.897960 0.348942 0.032808 0.036549
0 0.936232 0.085607 0.014678 0.028261
0 0.972701 0.085864 0.042384 0.031406
1 0.144856 0.779852 0.012691 0.024237
5 0.064973 0.348883 0.031064 0.031084
5 0.217199 0.348085 0.072708 0.033052
1 0.039652 0.351413 0.013297 0.023663
5 0.809891 0.349833 0.067638 0.040115
5 0.099493 0.349277 0.040308 0.031871
5 0.862902 0.348942 0.040752 0.036549
0 0.021706 0.164824 0.023760 0.043740
5 0.166797 0.347917 0.031286 0.030933
3 0.265587 0.649175 0.281502 0.039521
5 0.220331 0.165962 0.074969 0.037613
5 0.137002 0.347723 0.032285 0.032328
0 0.070972 0.691025 0.037923 0.031651