0 0.024326 0.748759 0.022033 0.040231
0 0.934898 0.102642 0.015950 0.030413
3 0.798914 0.100808 0.038677 0.032456
0 0.895029 0.978752 0.069201 0.037567
0 0.257128 0.101989 0.081366 0.034356
0 0.091492 0.103939 0.156591 0.036141
0 0.908763 0.101923 0.015752 0.029025
0 0.024285 0.241674 0.022432 0.038856
0 0.617708 0.104167 0.120219 0.035493
0 0.194361 0.102710 0.029934 0.031140
5 0.758605 0.189811 0.085979 0.044783
0 0.975398 0.102888 0.047908 0.033274
0 0.968361 0.979747 0.060859 0.034273
0 0.426160 0.102202 0.049362 0.032362
5 0.182892 0.393437 0.037716 0.043646
0 0.711184 0.102417 0.051345 0.031982
0 0.350416 0.102058 0.084379 0.033223
1 0.045257 0.849967 0.014701 0.027157
5 0.212727 0.493920 0.100826 0.044188
1 0.045041 0.889344 0.013404 0.028062
0 0.504006 0.103164 0.088619 0.034080
1 0.067939 0.928291 0.020284 0.037157
1 0.067853 0.888812 0.019042 0.036687
1 0.067554 0.849432 0.018946 0.033676
1 0.046122 0.928721 0.012972 0.028967
5 0.430306 0.494106 0.332713 0.046336
3 0.121837 0.190081 0.163081 0.047569
5 0.394824 0.292347 0.388836 0.047583
0 0.757913 0.102585 0.024752 0.029076
0 0.093818 0.244946 0.074781 0.037502
5 0.521253 0.190111 0.215634 0.049586
5 0.243892 0.189460 0.084446 0.045819
5 0.255107 0.888120 0.124676 0.047369
5 0.894735 0.847916 0.065916 0.042350
5 0.808048 0.889243 0.110492 0.044293
5 0.099668 0.886752 0.043456 0.041089
5 0.170427 0.887638 0.049826 0.042563
5 0.332144 0.887985 0.031171 0.044057
0 0.045456 0.242598 0.016083 0.036730
5 0.170292 0.927659 0.049324 0.038358
0 0.025660 0.190141 0.024246 0.050986
5 0.656979 0.888051 0.032520 0.041913
5 0.099381 0.927586 0.042421 0.037589
5 0.255568 0.848470 0.123306 0.038043
5 0.254344 0.928913 0.122148 0.041860
5 0.894103 0.886687 0.062570 0.038911
5 0.175852 0.292255 0.024584 0.041216
5 0.395693 0.393954 0.387097 0.047656
5 0.332212 0.929227 0.030751 0.041232
5 0.099727 0.848321 0.043828 0.038748
3 0.910007 0.246749 0.017553 0.026061
5 0.893905 0.927213 0.064859 0.041640
5 0.807426 0.927665 0.108099 0.037114
5 0.656520 0.929023 0.031132 0.038019
5 0.357230 0.849364 0.018593 0.038019
5 0.406523 0.849364 0.078264 0.039830
5 0.405875 0.888288 0.080425 0.041640
5 0.357230 0.888288 0.017728 0.043451
5 0.357879 0.928571 0.019025 0.040735
5 0.407388 0.927665 0.079993 0.040735