1 0.034851 0.561211 0.014454 0.028625
3 0.289890 0.762409 0.316068 0.043431
1 0.035333 0.602174 0.014454 0.027638
1 0.035333 0.522221 0.013491 0.029612
0 0.042561 0.415597 0.023860 0.043139
5 0.062641 0.598635 0.037561 0.036260
0 0.480338 0.760616 0.025445 0.043794
0 0.014482 0.759605 0.025440 0.045928
0 0.976503 0.103529 0.046993 0.035232
0 0.304136 0.418118 0.023947 0.042983
0 0.457792 0.417577 0.026679 0.043619
0 0.491296 0.417447 0.023118 0.041981
0 0.934951 0.102876 0.018438 0.033174
0 0.543629 0.416393 0.023678 0.041995
0 0.127903 0.417127 0.022243 0.041688
0 0.505062 0.760300 0.024502 0.043162
0 0.271551 0.417937 0.024388 0.042378
5 0.397894 0.598742 0.057211 0.037344
0 0.470155 0.103700 0.091209 0.034302
0 0.014116 0.411456 0.023860 0.044823
0 0.075054 0.417175 0.023946 0.041990
0 0.153532 0.417746 0.023717 0.042205
0 0.516924 0.416982 0.023926 0.041220
0 0.621635 0.417078 0.110638 0.043801
3 0.292915 0.159989 0.125546 0.044273
0 0.101633 0.417121 0.023728 0.042449
0 0.086484 0.864524 0.079015 0.041069
3 0.793984 0.102430 0.040334 0.033668
0 0.251068 0.102051 0.082960 0.034363
0 0.228651 0.417349 0.021190 0.040735
0 0.179227 0.417773 0.021010 0.040890
5 0.062354 0.560859 0.038141 0.040876
0 0.536608 0.103614 0.028717 0.032238
0 0.359740 0.103520 0.113086 0.035136
0 0.185844 0.103099 0.031742 0.032341
0 0.693300 0.415799 0.023264 0.043763
5 0.829770 0.599071 0.076457 0.038660
0 0.080731 0.104782 0.158246 0.039504
5 0.399349 0.560669 0.059347 0.040936
0 0.617700 0.104228 0.115632 0.036062
0 0.407416 0.416567 0.020469 0.043707
5 0.165499 0.598307 0.082143 0.038838
5 0.102073 0.598644 0.044574 0.037194
5 0.829755 0.559809 0.075975 0.043098
5 0.062980 0.520646 0.036606 0.037033
5 0.829986 0.518780 0.075943 0.041675
5 0.102553 0.520427 0.045235 0.042756
5 0.399659 0.520344 0.059161 0.042402
5 0.165563 0.560683 0.080935 0.041204
5 0.102484 0.560713 0.045731 0.041770
5 0.288871 0.598197 0.166469 0.040142
3 0.724319 0.102160 0.083386 0.037111
5 0.290279 0.559999 0.166039 0.045112
5 0.446509 0.598591 0.035690 0.037460
5 0.164134 0.520072 0.081974 0.043600
5 0.289618 0.517297 0.167584 0.047554
5 0.492475 0.598100 0.061866 0.036634
5 0.446914 0.518838 0.038816 0.042740
0 0.014953 0.970188 0.019948 0.041464
5 0.320164 0.913430 0.315908 0.043431
5 0.493298 0.520310 0.057948 0.039111
5 0.446005 0.561297 0.035204 0.038875
5 0.493493 0.559850 0.060010 0.039358
3 0.426644 0.415025 0.017988 0.041457
3 0.375137 0.418565 0.034614 0.043639
3 0.336750 0.419020 0.034171 0.042730
3 0.246664 0.417202 0.017307 0.042730
3 0.197849 0.417202 0.018195 0.042730