5 0.195940 0.261260 0.091558 0.038248
0 0.902628 0.973151 0.066612 0.038814
5 0.217547 0.172149 0.134279 0.043424
0 0.104035 0.091430 0.079306 0.028273
3 0.350071 0.091278 0.036608 0.028460
0 0.406576 0.171129 0.021726 0.038095
0 0.384377 0.171029 0.023189 0.039965
0 0.469048 0.170959 0.022864 0.038673
1 0.620821 0.840359 0.011896 0.025252
1 0.589180 0.663526 0.013854 0.027133
1 0.620752 0.664654 0.012170 0.026456
0 0.426581 0.171350 0.021056 0.040374
0 0.029852 0.091705 0.054933 0.031997
1 0.588998 0.840697 0.012532 0.024138
1 0.821270 0.840413 0.011516 0.024653
1 0.588841 0.593430 0.014172 0.027727
1 0.789510 0.912537 0.015115 0.028068
0 0.313697 0.307828 0.134799 0.046729
1 0.589548 0.486442 0.015380 0.027952
1 0.588579 0.770722 0.014044 0.027918
1 0.438077 0.666368 0.012561 0.023220
0 0.975944 0.091035 0.047488 0.037150
1 0.620513 0.559196 0.013209 0.027787
1 0.438273 0.560645 0.013035 0.025768
5 0.163954 0.216790 0.028940 0.038906
5 0.086392 0.732385 0.131910 0.037244
5 0.086368 0.769198 0.131050 0.038163
1 0.621057 0.875279 0.012311 0.026688
1 0.438377 0.594611 0.013692 0.027409
0 0.447138 0.171270 0.021826 0.037833
1 0.821112 0.664212 0.011238 0.025576
1 0.588986 0.558850 0.014050 0.027992
1 0.757310 0.913474 0.014041 0.026642
5 0.189236 0.307111 0.078241 0.037218
1 0.589024 0.912488 0.014901 0.027759
5 0.086096 0.838620 0.131605 0.036022
1 0.620772 0.770624 0.012541 0.026758
5 0.086812 0.663630 0.131935 0.038739
1 0.620856 0.699046 0.012687 0.026528
1 0.789359 0.663718 0.013424 0.026613
1 0.438148 0.701038 0.013285 0.026270
1 0.588943 0.630308 0.013335 0.027031
1 0.438953 0.772076 0.011675 0.021806
1 0.589031 0.807349 0.012894 0.027124
1 0.620783 0.913154 0.012770 0.027579
0 0.195623 0.091474 0.086688 0.030139
1 0.789346 0.840294 0.012537 0.025706
5 0.086445 0.628889 0.132498 0.036651
1 0.589139 0.699385 0.014249 0.027988
1 0.437875 0.842559 0.011235 0.021466
1 0.620614 0.735119 0.013159 0.027300
5 0.086365 0.698286 0.130918 0.039437
1 0.821694 0.875263 0.011849 0.026397
1 0.620840 0.593602 0.013295 0.026901
1 0.438386 0.524790 0.013674 0.023839
1 0.821620 0.559088 0.012027 0.027492
1 0.726259 0.663975 0.013635 0.027532
1 0.726641 0.593435 0.013759 0.028397
1 0.438020 0.487722 0.012676 0.028207
1 0.821555 0.698924 0.012224 0.026645
1 0.758226 0.664303 0.013965 0.027235
5 0.086338 0.875388 0.131632 0.035685
5 0.217612 0.733198 0.133989 0.037950
1 0.589007 0.876905 0.013379 0.026774
5 0.086204 0.591924 0.132402 0.039919
1 0.620600 0.807682 0.012202 0.027444
1 0.620567 0.630371 0.013066 0.027969
1 0.821430 0.735036 0.012312 0.027431
1 0.589413 0.522795 0.015305 0.028034
1 0.588574 0.734614 0.014063 0.027162
1 0.788906 0.592901 0.013685 0.028383
5 0.218404 0.769202 0.132114 0.037661
1 0.726593 0.913505 0.013209 0.026704
1 0.012399 0.629898 0.013540 0.028784
1 0.438491 0.630154 0.012978 0.029198
1 0.821397 0.770508 0.012198 0.027059
1 0.438071 0.878455 0.012574 0.025222
1 0.726532 0.770124 0.013744 0.029390
5 0.673042 0.839820 0.078172 0.034659
0 0.971143 0.973067 0.057714 0.032124
1 0.789195 0.558829 0.013697 0.027027
1 0.758378 0.558898 0.014458 0.028049
5 0.301636 0.733120 0.039376 0.037984
1 0.821882 0.912853 0.011517 0.028658
1 0.789125 0.629811 0.013248 0.027524
1 0.438222 0.911819 0.014002 0.026676
1 0.438032 0.736595 0.013516 0.025858
1 0.821273 0.807521 0.011649 0.027021
0 0.175529 0.398685 0.033773 0.031436
1 0.789456 0.875905 0.013094 0.028271
1 0.789102 0.806842 0.012626 0.027601
5 0.217993 0.627595 0.133022 0.037802
5 0.086550 0.805480 0.132807 0.037315
1 0.757942 0.629607 0.014658 0.028646
1 0.726043 0.699194 0.013560 0.027733
1 0.726518 0.840404 0.013237 0.027535
1 0.788684 0.770353 0.013257 0.028621
1 0.758427 0.698665 0.014561 0.026450
5 0.301596 0.768323 0.039441 0.037039
1 0.727331 0.558591 0.013338 0.028424
5 0.554267 0.839148 0.039942 0.034817
1 0.012467 0.665661 0.013404 0.028784
1 0.758204 0.840809 0.014319 0.026574
5 0.363431 0.767849 0.030274 0.036861
5 0.218250 0.838692 0.132670 0.037324
1 0.011872 0.772288 0.012865 0.025138
5 0.399579 0.628836 0.047890 0.036817
1 0.758341 0.769961 0.013811 0.027951
1 0.758047 0.734440 0.015176 0.027341
1 0.011944 0.877353 0.012721 0.025926
1 0.758362 0.593076 0.014201 0.027636
1 0.726572 0.629703 0.013196 0.028744
5 0.399768 0.874409 0.047012 0.035824
5 0.335424 0.767689 0.028885 0.037076
1 0.788962 0.699087 0.013607 0.027424
1 0.821285 0.593658 0.012501 0.026492
5 0.334556 0.733007 0.030664 0.037257
5 0.553327 0.732513 0.041495 0.036826
1 0.820956 0.630367 0.011698 0.026828
1 0.620341 0.486925 0.013551 0.028244
1 0.758025 0.806275 0.013816 0.028316
5 0.363544 0.732730 0.030021 0.036223
1 0.011819 0.559391 0.012972 0.027912
1 0.788782 0.735209 0.013297 0.026809
5 0.334392 0.838671 0.030385 0.035492
5 0.301641 0.838555 0.039572 0.036004
5 0.553486 0.768291 0.041386 0.036497
5 0.494374 0.838963 0.082345 0.036977
1 0.726531 0.734427 0.013375 0.027472
1 0.438669 0.806971 0.012581 0.029047
5 0.673100 0.662445 0.077517 0.036557
5 0.553552 0.876840 0.040461 0.039646
5 0.216417 0.697931 0.132668 0.040333
5 0.399660 0.732025 0.047040 0.037402
5 0.301901 0.627036 0.039469 0.035899
1 0.012467 0.594988 0.013404 0.025837
5 0.673298 0.768775 0.078033 0.037444
5 0.553440 0.628931 0.040705 0.035041
5 0.363726 0.838698 0.029904 0.035250
5 0.400020 0.838773 0.047378 0.035999
5 0.334757 0.873806 0.030146 0.035816
1 0.011900 0.735211 0.012809 0.025999
1 0.726705 0.806105 0.012880 0.028836
5 0.399464 0.662434 0.047309 0.034787
5 0.363009 0.629130 0.029234 0.036046
5 0.217246 0.662365 0.131528 0.035629
5 0.301694 0.874994 0.039439 0.035178
5 0.217505 0.876796 0.133774 0.034912
5 0.087071 0.488264 0.130552 0.034233
5 0.363524 0.874329 0.030175 0.035215
1 0.726461 0.876733 0.012609 0.026430
1 0.012684 0.523628 0.012972 0.027912
5 0.672997 0.731660 0.077770 0.037125
5 0.217762 0.912219 0.132560 0.036926
5 0.216974 0.590994 0.130384 0.039734
1 0.620683 0.522422 0.013517 0.027370
5 0.673489 0.874622 0.077780 0.037036
5 0.400085 0.767715 0.047562 0.038129
1 0.012035 0.701278 0.013404 0.024423
5 0.553754 0.662263 0.041106 0.034590
1 0.012189 0.807062 0.013097 0.028394
5 0.553315 0.914044 0.039691 0.036765
5 0.673348 0.629157 0.076556 0.037019
5 0.216727 0.805330 0.131253 0.036862
1 0.821338 0.522286 0.012751 0.027630
5 0.399776 0.805424 0.047998 0.036774
5 0.553592 0.805638 0.040719 0.035169
5 0.673144 0.485263 0.075419 0.038696
5 0.362839 0.806000 0.029535 0.035549
5 0.085893 0.521542 0.130313 0.037555
5 0.086175 0.557760 0.131228 0.036692
5 0.334552 0.627631 0.030609 0.036085
5 0.334734 0.662160 0.030874 0.035880
5 0.399517 0.557796 0.047509 0.034541
5 0.301469 0.804755 0.040160 0.037198
5 0.301998 0.662908 0.040127 0.038161
1 0.012063 0.842968 0.012484 0.025192
5 0.362942 0.661794 0.029790 0.038340
5 0.672984 0.805746 0.077227 0.037170
5 0.334807 0.697857 0.031193 0.036987
5 0.363094 0.697761 0.029108 0.036792
1 0.727647 0.522216 0.014048 0.028045
5 0.399155 0.591500 0.046558 0.037022
5 0.363093 0.558192 0.028888 0.033138
5 0.087305 0.913075 0.128502 0.035527
5 0.301608 0.697053 0.040304 0.038242
5 0.493475 0.732357 0.083373 0.038163
1 0.012467 0.489393 0.011675 0.025732
5 0.334594 0.914253 0.031816 0.037945
5 0.553613 0.557862 0.040802 0.034171
5 0.335106 0.805781 0.031109 0.035620
5 0.673823 0.911982 0.076115 0.035103
5 0.492930 0.663036 0.081510 0.035908
1 0.727536 0.486928 0.016184 0.028255
5 0.553479 0.485858 0.040802 0.036690
5 0.399822 0.697736 0.048401 0.037325
1 0.758024 0.877238 0.014342 0.025696
5 0.553749 0.698476 0.041314 0.036205
5 0.362711 0.592569 0.028763 0.037806
5 0.494522 0.874890 0.081316 0.037078
5 0.301507 0.910620 0.038828 0.036635
5 0.217162 0.557646 0.130298 0.035758
5 0.301492 0.558188 0.039573 0.034135
1 0.789763 0.522707 0.014883 0.027716
5 0.673056 0.698471 0.077052 0.037020
5 0.334558 0.592175 0.030842 0.039005
5 0.553230 0.519776 0.041375 0.036072
1 0.789340 0.486343 0.016562 0.028907
1 0.821698 0.487193 0.013068 0.027359
5 0.494052 0.768786 0.082316 0.037262
5 0.673906 0.557649 0.075942 0.035335
5 0.301366 0.591644 0.039827 0.038152
5 0.553047 0.592233 0.040274 0.037793
5 0.493536 0.629051 0.081869 0.037333
5 0.363265 0.914019 0.029948 0.037222
5 0.673081 0.520103 0.077179 0.036143
1 0.012631 0.911787 0.015043 0.030208
5 0.334780 0.558008 0.030065 0.033505
5 0.492404 0.591844 0.079781 0.037609
5 0.399705 0.520503 0.047084 0.036697
5 0.672650 0.591571 0.075971 0.037390
5 0.363125 0.521675 0.028244 0.035967
5 0.493173 0.805333 0.082724 0.037212
5 0.494401 0.914521 0.081739 0.038146
1 0.758123 0.486830 0.016430 0.027944
5 0.217292 0.521309 0.133348 0.038391
5 0.492714 0.558412 0.080633 0.035455
5 0.399566 0.485017 0.046883 0.036981
5 0.398993 0.912740 0.045479 0.036661
1 0.758263 0.522570 0.015312 0.028316
3 0.285170 0.091178 0.078191 0.029534
5 0.493163 0.698686 0.082465 0.037840
5 0.493012 0.487216 0.081353 0.035917
5 0.494016 0.519927 0.081608 0.036454
5 0.301807 0.520640 0.039258 0.035868
5 0.335283 0.520397 0.029031 0.036062
1 0.724252 0.522221 0.014826 0.030098
5 0.362992 0.484172 0.028509 0.037855