5 0.166363 0.290076 0.040502 0.042606
0 0.851174 0.968533 0.071925 0.038192
0 0.911702 0.967086 0.036145 0.027753
5 0.732281 0.691732 0.153304 0.044558
5 0.572192 0.842818 0.139210 0.040970
3 0.140873 0.101934 0.038839 0.032997
5 0.605876 0.690992 0.099007 0.040968
0 0.068986 0.442593 0.074712 0.042606
0 0.974783 0.102217 0.049554 0.043001
5 0.572653 0.893010 0.138304 0.043171
5 0.625387 0.191758 0.031462 0.041759
5 0.177454 0.843595 0.077022 0.044354
0 0.968670 0.967495 0.059894 0.026831
0 0.061745 0.102003 0.101045 0.035173
5 0.189070 0.341338 0.086705 0.045432
5 0.302244 0.189942 0.312189 0.044331
5 0.303376 0.242164 0.312519 0.044047
5 0.663761 0.893665 0.033388 0.042696
5 0.663570 0.841684 0.032598 0.042446
5 0.147051 0.892415 0.016962 0.042576
5 0.210414 0.932856 0.145660 0.018098
0 0.956492 0.442468 0.021071 0.031719