0 0.421543 0.292885 0.099759 0.040593
0 0.046860 0.884533 0.020701 0.035337
0 0.325776 0.292712 0.097246 0.038314
0 0.976587 0.089471 0.045783 0.031477
0 0.488235 0.292061 0.021808 0.037297
0 0.921307 0.974088 0.043616 0.029622
0 0.727352 0.979661 0.059279 0.040678
0 0.025639 0.381984 0.020751 0.038455
1 0.058745 0.510240 0.012516 0.027744
0 0.239589 0.291773 0.021134 0.036187
0 0.046214 0.292248 0.020952 0.038316
0 0.975063 0.975164 0.044768 0.029583
0 0.530356 0.292946 0.021248 0.036849
0 0.508790 0.291922 0.021218 0.037598
0 0.592100 0.293561 0.023235 0.040011
0 0.067906 0.884401 0.020208 0.035963
0 0.790526 0.976218 0.053707 0.033800
5 0.157103 0.293368 0.147133 0.039627
0 0.919435 0.089641 0.058260 0.032526
0 0.260690 0.291640 0.020993 0.036574
3 0.203830 0.089904 0.035511 0.029433
0 0.055393 0.089780 0.079595 0.031774
0 0.067556 0.291883 0.020917 0.038326
0 0.859502 0.975166 0.064397 0.032549
1 0.058664 0.617020 0.011814 0.029855
3 0.138801 0.090087 0.077598 0.030817
1 0.058870 0.546251 0.013132 0.026608
1 0.058950 0.690378 0.012107 0.025802
0 0.701918 0.612025 0.021896 0.039303
0 0.701899 0.656771 0.021967 0.038518
1 0.059156 0.654247 0.013425 0.024914
0 0.702147 0.428660 0.020785 0.039410
1 0.058829 0.582361 0.013213 0.027455
0 0.409958 0.384357 0.080819 0.041069
5 0.316039 0.886157 0.034676 0.041560
0 0.343191 0.883969 0.018246 0.035827
1 0.697527 0.747687 0.015197 0.028495
5 0.126836 0.543724 0.118476 0.038998
0 0.702135 0.565434 0.022050 0.039408
5 0.126837 0.580776 0.120203 0.040114
1 0.058728 0.723603 0.012551 0.024450
0 0.702374 0.519854 0.021747 0.038238
5 0.125971 0.615367 0.118476 0.036890
0 0.702713 0.476321 0.020790 0.038177
5 0.125996 0.652090 0.118526 0.043262
5 0.127241 0.692197 0.119282 0.034794
1 0.059382 0.474750 0.012107 0.026351
5 0.127132 0.509246 0.117782 0.037397
5 0.126946 0.473820 0.116403 0.036416
5 0.126019 0.724761 0.119649 0.033902
1 0.090082 0.885052 0.012107 0.024980