0 0.059408 0.907901 0.024216 0.033629
5 0.198068 0.300543 0.090524 0.031822
0 0.138981 0.908054 0.024305 0.032972
0 0.579554 0.844736 0.021907 0.032775
0 0.253261 0.908196 0.024991 0.032395
0 0.109628 0.908574 0.022432 0.032631
0 0.318888 0.908673 0.025740 0.034728
0 0.277748 0.909107 0.026849 0.032839
5 0.379650 0.300967 0.050741 0.033142
0 0.084851 0.908365 0.024867 0.031581
0 0.344127 0.908176 0.024253 0.035080
3 0.111486 0.078247 0.139404 0.034054
0 0.214617 0.907905 0.024993 0.034668
5 0.221455 0.402905 0.139789 0.033365
5 0.258050 0.436857 0.212465 0.035237
0 0.027874 0.907875 0.027017 0.035533
5 0.197034 0.368769 0.091136 0.031386
5 0.703044 0.437154 0.261502 0.033157
5 0.197408 0.334935 0.091224 0.031725
0 0.176628 0.908164 0.048446 0.032748
0 0.558166 0.843108 0.020930 0.033901
5 0.703255 0.335889 0.261637 0.033157
0 0.332661 0.182189 0.116325 0.029252
0 0.488909 0.076574 0.020212 0.029658
0 0.231764 0.181385 0.064274 0.024773
0 0.284243 0.077124 0.020110 0.030244
0 0.311670 0.076185 0.020744 0.031421
0 0.263481 0.076513 0.018615 0.030344
0 0.241209 0.076502 0.021120 0.031158
0 0.140024 0.182330 0.095172 0.028077
0 0.215025 0.076592 0.019151 0.031162
0 0.070816 0.235881 0.068297 0.031733
0 0.467302 0.075490 0.021250 0.031237
0 0.199964 0.235476 0.070988 0.032740
0 0.331563 0.076765 0.016228 0.030018
0 0.352148 0.075763 0.020820 0.031340
0 0.516865 0.076093 0.022230 0.030034
0 0.047904 0.181483 0.063280 0.028952
0 0.377794 0.074551 0.024551 0.032480
0 0.440897 0.074754 0.020566 0.031525
0 0.538154 0.074467 0.016738 0.025764
0 0.400498 0.075014 0.018361 0.026902
0 0.424282 0.181682 0.044258 0.027107
0 0.420363 0.074949 0.017273 0.027090
0 0.506032 0.183594 0.098442 0.028541
0 0.134857 0.235558 0.058582 0.031550
1 0.050832 0.796113 0.030453 0.030557
0 0.582914 0.673475 0.016917 0.025274
1 0.050516 0.826401 0.030032 0.028566
0 0.195053 0.077703 0.014240 0.025797
1 0.948775 0.733909 0.014857 0.023438
1 0.050749 0.764577 0.030017 0.030873
1 0.948531 0.701854 0.013837 0.022748
1 0.050955 0.668947 0.028327 0.028646
1 0.948649 0.796398 0.014525 0.022956
1 0.948712 0.765619 0.014560 0.023438
1 0.050743 0.732852 0.029207 0.031412
1 0.948531 0.671178 0.013837 0.022059
1 0.948747 0.828004 0.012539 0.022748
1 0.051404 0.701104 0.029733 0.031129