0 0.282329 0.845882 0.023681 0.045118
0 0.459543 0.846333 0.106534 0.042411
0 0.353703 0.846784 0.107529 0.043313
0 0.902005 0.973342 0.080572 0.041055
3 0.085074 0.188460 0.144773 0.044953
0 0.069848 0.847236 0.022121 0.044216
5 0.478781 0.340721 0.131110 0.044236
0 0.258350 0.847236 0.021483 0.044216
0 0.976034 0.096227 0.046566 0.035063
0 0.577702 0.846784 0.023461 0.039704
0 0.024417 0.290439 0.023799 0.047374
0 0.531498 0.844529 0.024094 0.042411
3 0.236109 0.189445 0.144908 0.046252
5 0.198822 0.341463 0.085137 0.043313
5 0.512676 0.391694 0.198902 0.045118
0 0.974196 0.972068 0.051273 0.035504
0 0.553811 0.846333 0.020947 0.040606
3 0.218083 0.095647 0.039166 0.032082
5 0.466138 0.643152 0.123711 0.041509
0 0.056119 0.097043 0.086068 0.035993
0 0.046758 0.845882 0.023190 0.045118
5 0.198804 0.390574 0.084657 0.040470
3 0.148616 0.096675 0.082914 0.035329
5 0.714711 0.718042 0.081503 0.043325
5 0.795362 0.639855 0.082457 0.038525
5 0.465087 0.682856 0.122853 0.041509
5 0.167481 0.846784 0.159986 0.043313
5 0.616050 0.644505 0.117853 0.040606
0 0.914069 0.096554 0.060562 0.034448
5 0.210414 0.640721 0.263148 0.040255
5 0.465494 0.722108 0.122447 0.036997
5 0.542383 0.719852 0.032243 0.036094
5 0.466055 0.760459 0.124377 0.041509
5 0.795149 0.678084 0.082838 0.042362
0 0.084532 0.290802 0.059668 0.046647
5 0.888341 0.640309 0.106825 0.039433
5 0.358212 0.641798 0.035079 0.042411
5 0.795002 0.718069 0.082405 0.041466
5 0.616056 0.682007 0.117538 0.036201
5 0.616182 0.717514 0.119374 0.040655
5 0.542704 0.643152 0.032401 0.041509
5 0.210538 0.682046 0.261943 0.039889
5 0.616019 0.760459 0.116747 0.039704
5 0.714481 0.639248 0.081749 0.039115
5 0.359032 0.721206 0.035745 0.040606
5 0.795250 0.757881 0.082287 0.044860
5 0.868178 0.188663 0.030508 0.043313
5 0.210247 0.721939 0.262203 0.036658
5 0.358406 0.680765 0.036421 0.037327
5 0.542491 0.683307 0.032488 0.038801
5 0.887964 0.678578 0.106668 0.042958
5 0.889230 0.718385 0.105200 0.042639
5 0.390507 0.641347 0.031217 0.041509
5 0.543082 0.759556 0.031408 0.041509
3 0.167689 0.442527 0.146400 0.046923
5 0.390771 0.681953 0.029760 0.039704
5 0.391116 0.722108 0.029431 0.040606
5 0.715027 0.677664 0.082719 0.042428
5 0.887796 0.757342 0.107581 0.044133
5 0.714794 0.758202 0.081727 0.044216
5 0.358942 0.761361 0.036213 0.039704
5 0.391233 0.761361 0.029292 0.039704
5 0.211397 0.762263 0.263087 0.041509
5 0.890865 0.189114 0.017322 0.044216
1 0.079178 0.442736 0.013491 0.027971
0 0.143025 0.287506 0.016324 0.030895