0 0.287686 0.495458 0.061974 0.042987
0 0.507319 0.495468 0.076556 0.043006
0 0.431828 0.494580 0.077464 0.045356
0 0.355913 0.494884 0.075419 0.044869
0 0.582732 0.494934 0.077557 0.044088
0 0.220788 0.495115 0.060578 0.042300
5 0.200936 0.290964 0.084783 0.043159
5 0.372791 0.752660 0.081758 0.043045
5 0.103167 0.752987 0.082627 0.042836
5 0.372797 0.792734 0.081883 0.042344
0 0.191672 0.099963 0.049478 0.031614
0 0.254298 0.100272 0.058859 0.031968
5 0.372757 0.713186 0.081641 0.043479
0 0.102570 0.494530 0.023570 0.042592
5 0.103197 0.793058 0.083015 0.042546
5 0.372619 0.673314 0.081503 0.041790
5 0.495291 0.341916 0.038645 0.042644
0 0.178548 0.494502 0.022475 0.042666
5 0.373090 0.633874 0.081847 0.042974
0 0.027332 0.188750 0.024518 0.044453
0 0.125957 0.494417 0.023126 0.042947
5 0.178190 0.341159 0.039099 0.042295
5 0.262724 0.753253 0.141998 0.043645
5 0.262900 0.793207 0.142115 0.043319
0 0.073189 0.494542 0.023158 0.042521
5 0.336962 0.343731 0.024598 0.044068
5 0.314447 0.190474 0.311836 0.044613
1 0.050808 0.634419 0.019765 0.036653
0 0.976463 0.101183 0.046712 0.034613
0 0.049759 0.494491 0.022218 0.041379
5 0.168040 0.832467 0.050714 0.042132
5 0.167696 0.792875 0.050640 0.041555
5 0.635893 0.342419 0.031887 0.042160
0 0.087750 0.101395 0.142101 0.034188
5 0.167859 0.752865 0.050157 0.042110
5 0.102952 0.713511 0.082085 0.041631
0 0.885015 0.101630 0.017132 0.032633
5 0.102757 0.832539 0.082725 0.042809
0 0.385441 0.101918 0.188577 0.036462
0 0.026749 0.494347 0.022772 0.043113
0 0.910768 0.101227 0.016467 0.031368
5 0.314469 0.241577 0.312866 0.046513
0 0.026921 0.545792 0.022339 0.040137
5 0.425057 0.752921 0.026242 0.040706
5 0.373152 0.832392 0.082210 0.041970
5 0.604696 0.341841 0.030594 0.041272
3 0.508201 0.100167 0.038349 0.030334
5 0.500257 0.713318 0.130790 0.043848
0 0.936686 0.101535 0.016382 0.031804
5 0.500661 0.793194 0.132287 0.043784
5 0.372684 0.593691 0.081434 0.042547
5 0.500451 0.752947 0.132297 0.043645
5 0.167593 0.713162 0.050254 0.042135
5 0.262711 0.714190 0.142598 0.042262
0 0.859314 0.101377 0.017098 0.032256
0 0.477074 0.190263 0.017257 0.039750
5 0.425035 0.792282 0.025782 0.040380
5 0.499298 0.673285 0.128370 0.042319
5 0.263315 0.832613 0.141213 0.043752
0 0.154932 0.493785 0.021694 0.042634
5 0.424808 0.713686 0.025886 0.041197
5 0.501373 0.832539 0.130288 0.043219
5 0.425009 0.832689 0.025709 0.041615
0 0.050988 0.594650 0.019460 0.035935
5 0.630020 0.793263 0.131032 0.043634
5 0.771552 0.343869 0.200432 0.045062
5 0.500845 0.593301 0.129465 0.042911
5 0.424428 0.634072 0.024370 0.041185
5 0.501194 0.633918 0.130636 0.043008
0 0.050961 0.674144 0.018943 0.036567
5 0.629869 0.832903 0.131837 0.042592
5 0.629589 0.752965 0.130313 0.043572
5 0.262982 0.674639 0.141818 0.042285
5 0.424207 0.674021 0.023795 0.040135
5 0.168584 0.673663 0.048789 0.039227
5 0.263101 0.593892 0.142072 0.042833
5 0.423991 0.593407 0.021899 0.038685
5 0.629583 0.713811 0.130558 0.043102
5 0.103254 0.673370 0.082790 0.038982
5 0.629941 0.673063 0.130412 0.042143
0 0.769422 0.342247 0.014784 0.041770