0 0.919128 0.244189 0.019025 0.042468
0 0.385747 0.243910 0.079923 0.042383
0 0.943352 0.243839 0.019911 0.043663
0 0.781122 0.243676 0.019458 0.042784
0 0.528675 0.244019 0.019025 0.044023
0 0.445307 0.244007 0.019780 0.042502
0 0.697488 0.243833 0.019564 0.043071
0 0.558558 0.244226 0.022205 0.042542
0 0.606193 0.243447 0.022228 0.044173
0 0.652355 0.243683 0.019153 0.042397
0 0.483642 0.244013 0.019548 0.041877
0 0.629616 0.244090 0.020767 0.042271
0 0.283032 0.101399 0.074023 0.031447
0 0.058196 0.101429 0.083612 0.032706
0 0.582270 0.243722 0.021937 0.042781
0 0.873396 0.243669 0.018414 0.041634
3 0.845095 0.243711 0.031088 0.043407
0 0.355970 0.100447 0.057717 0.029480
0 0.974544 0.101827 0.045738 0.034997
0 0.325359 0.244215 0.021774 0.043481
0 0.173749 0.101571 0.130638 0.033132
0 0.448223 0.100998 0.111559 0.031387
3 0.890323 0.244204 0.017181 0.042788
3 0.669385 0.243618 0.016933 0.043221
1 0.320239 0.344796 0.014870 0.030507
3 0.529160 0.101474 0.035273 0.031766
3 0.810780 0.243747 0.030705 0.043480
1 0.320066 0.382546 0.014341 0.029850
3 0.753264 0.243713 0.016782 0.042092
0 0.736095 0.243793 0.019725 0.043349
5 0.781671 0.382189 0.059336 0.039893
5 0.826898 0.382672 0.033200 0.040329
4 0.109319 0.712755 0.095998 0.027456
4 0.106569 0.561532 0.090474 0.025547
4 0.130043 0.598495 0.138531 0.028372
3 0.500446 0.244095 0.016677 0.042969
4 0.105707 0.941346 0.111481 0.028190
1 0.320103 0.420559 0.013980 0.030545
5 0.781893 0.343394 0.060035 0.040169
4 0.105251 0.826530 0.088401 0.026806
4 0.103683 0.863745 0.089618 0.025721
4 0.102853 0.902812 0.102616 0.024996
4 0.115291 0.788824 0.107266 0.026641
4 0.098795 0.524188 0.076063 0.023602
4 0.125603 0.751823 0.130462 0.028393
4 0.126916 0.447920 0.131115 0.029561
3 0.462186 0.243770 0.016232 0.042875
4 0.085947 0.675600 0.049181 0.023018
4 0.109326 0.409340 0.099646 0.026482
5 0.872094 0.382201 0.058725 0.039800
3 0.714426 0.243473 0.016212 0.042932
5 0.826991 0.343415 0.033531 0.039200
4 0.101356 0.486509 0.080763 0.029471
4 0.128885 0.638220 0.135185 0.032680
5 0.977786 0.382412 0.023464 0.035626
5 0.918398 0.382151 0.031091 0.037861
5 0.950079 0.381553 0.032201 0.038676
4 0.092076 0.372975 0.064070 0.025397
5 0.872423 0.342724 0.059030 0.039086
4 0.066373 0.183002 0.028106 0.027477
4 0.067309 0.223271 0.034015 0.026530
4 0.074516 0.260697 0.048428 0.025582
4 0.076894 0.297649 0.052320 0.023687
4 0.083596 0.336970 0.064859 0.026530