0 0.023298 0.716721 0.022122 0.045541
0 0.134876 0.717501 0.021463 0.038951
1 0.022268 0.598969 0.012972 0.031794
5 0.497093 0.718514 0.043728 0.039340
0 0.155275 0.717631 0.021036 0.038700
5 0.441236 0.717550 0.043700 0.038964
0 0.045748 0.092676 0.079796 0.028071
0 0.099360 0.718378 0.020705 0.037681
0 0.965761 0.092709 0.045137 0.033587
1 0.022268 0.490898 0.014269 0.026660
1 0.022593 0.527555 0.014918 0.027993
5 0.144148 0.310530 0.028237 0.034475
0 0.187782 0.718184 0.020511 0.038679
1 0.023241 0.636194 0.013620 0.029326
0 0.232275 0.719827 0.021029 0.043346
0 0.158635 0.094329 0.132868 0.026559
0 0.058557 0.716682 0.023414 0.043673
1 0.022917 0.561546 0.011675 0.023994
0 0.077723 0.718839 0.020106 0.045322
0 0.208739 0.720172 0.022701 0.042656
0 0.299169 0.093192 0.133658 0.025672
3 0.390981 0.092551 0.032478 0.021822