0 0.975694 0.091515 0.047568 0.035582
0 0.047281 0.093396 0.060419 0.028211
1 0.025766 0.475935 0.013193 0.026956
0 0.416339 0.174445 0.014773 0.029952
0 0.119217 0.094058 0.067967 0.025294
1 0.025872 0.510079 0.012539 0.026956
0 0.072274 0.265746 0.114538 0.042149
0 0.060045 0.026489 0.021762 0.030613
1 0.025743 0.582411 0.013147 0.027854
1 0.024358 0.402705 0.011242 0.026057
1 0.025007 0.546470 0.010810 0.024260
1 0.025223 0.619700 0.011242 0.026956
1 0.025007 0.654742 0.011675 0.025159
1 0.024791 0.439545 0.012972 0.024260
0 0.226978 0.266666 0.188405 0.043501
5 0.268710 0.176068 0.284871 0.042552
5 0.137116 0.221123 0.021682 0.040049
1 0.631675 0.404651 0.013702 0.025187
1 0.660132 0.405198 0.015809 0.026282