3 0.509108 0.106221 0.139330 0.036063
3 0.842669 0.108247 0.123541 0.038769
3 0.683851 0.106041 0.161358 0.036606
5 0.799877 0.795953 0.189432 0.051265
0 0.205653 0.105096 0.101114 0.034311
0 0.948844 0.959754 0.084392 0.042278
3 0.956250 0.107039 0.038857 0.041883
5 0.288110 0.795175 0.270609 0.055710
0 0.036955 0.851775 0.045004 0.053156
5 0.746866 0.849130 0.081328 0.041771
0 0.077370 0.105378 0.119306 0.034744
3 0.346259 0.105199 0.146679 0.035383
0 0.078386 0.851805 0.037873 0.046006
5 0.442383 0.540906 0.516020 0.350152