5 0.228281 0.223555 0.219491 0.041931
5 0.318635 0.176166 0.037305 0.040348
5 0.302542 0.678651 0.287201 0.044054
5 0.150627 0.176318 0.063213 0.035197
5 0.303888 0.590886 0.289116 0.046495
5 0.526782 0.176880 0.050042 0.038400
5 0.178237 0.360017 0.033620 0.036300
5 0.304023 0.633918 0.287801 0.041365
1 0.020210 0.770372 0.017807 0.037162
5 0.171131 0.542027 0.021245 0.039324
0 0.114877 0.725687 0.151206 0.043702
0 0.049610 0.095024 0.082456 0.026968
0 0.210780 0.095553 0.077188 0.028111
0 0.365963 0.815399 0.148106 0.040734
0 0.133129 0.094035 0.066212 0.028929
3 0.485716 0.496538 0.165111 0.041926
0 0.975841 0.094741 0.047457 0.036882
0 0.366123 0.724021 0.150272 0.041123
0 0.115267 0.815747 0.149242 0.041520
5 0.192081 0.944253 0.060730 0.028457
3 0.272904 0.094556 0.033478 0.026982
1 0.271469 0.770791 0.016010 0.031396
3 0.278775 0.495888 0.239451 0.038651
1 0.020251 0.816177 0.016224 0.032066
1 0.020148 0.723058 0.017411 0.036915
1 0.271078 0.817173 0.016013 0.029919
0 0.115481 0.768376 0.152267 0.046751
0 0.366614 0.771425 0.150283 0.042686
1 0.271220 0.724674 0.015375 0.026425