0 0.897579 0.977912 0.064355 0.042321
1 0.522424 0.579786 0.013273 0.034856
0 0.313962 0.754042 0.184015 0.041383
5 0.400220 0.622411 0.076090 0.039088
0 0.039851 0.290824 0.019432 0.038289
1 0.522688 0.623987 0.014965 0.034634
0 0.013537 0.291226 0.026881 0.040234
1 0.522138 0.493181 0.012700 0.025119
5 0.396454 0.492003 0.069412 0.036941
5 0.379715 0.402428 0.036189 0.038757
1 0.521822 0.535445 0.013232 0.027511
5 0.414849 0.360461 0.073093 0.038573
1 0.521970 0.669738 0.013527 0.028160
5 0.379524 0.448746 0.036726 0.037860
0 0.062308 0.291355 0.020417 0.038075
5 0.400191 0.579851 0.075998 0.038075
5 0.406952 0.535176 0.091244 0.039372
0 0.163943 0.290650 0.021990 0.041315
0 0.120421 0.291546 0.018048 0.041450
0 0.769571 0.952723 0.051148 0.029170
0 0.136199 0.291560 0.020660 0.040154
0 0.091876 0.290548 0.021424 0.043783
1 0.521902 0.450632 0.014554 0.028535
0 0.706031 0.950641 0.057406 0.030974
5 0.370317 0.361348 0.017657 0.038723
0 0.964417 0.979312 0.061104 0.036076
1 0.522170 0.405264 0.011601 0.028708
3 0.433954 0.269747 0.143344 0.039823
5 0.896202 0.143532 0.078379 0.040633
3 0.434130 0.315473 0.143716 0.039711
1 0.228686 0.668310 0.014016 0.031769
1 0.522965 0.319046 0.012028 0.031498
3 0.872381 0.625382 0.108088 0.042068
0 0.932236 0.089493 0.013355 0.028991
1 0.523056 0.272492 0.012211 0.028708