1 0.918939 0.783701 0.015554 0.036687
0 0.793645 0.528442 0.124343 0.048859
0 0.046450 0.351674 0.021481 0.042385
0 0.104147 0.350252 0.023757 0.045092
1 0.919060 0.834967 0.017279 0.034772
0 0.071752 0.350975 0.023280 0.044086
5 0.769949 0.172682 0.213971 0.050053
0 0.135753 0.350681 0.021031 0.044629
5 0.811449 0.833115 0.038554 0.047900
5 0.808857 0.884364 0.032005 0.044263
0 0.185704 0.350611 0.022944 0.046976
5 0.811548 0.781222 0.039277 0.045756
5 0.445065 0.785928 0.036696 0.042238
0 0.894488 0.984184 0.070625 0.031632
1 0.651369 0.372052 0.019998 0.039092
0 0.557699 0.528110 0.021368 0.038006
5 0.811800 0.731058 0.039025 0.044639
0 0.534611 0.527849 0.022992 0.038352
0 0.625730 0.527954 0.021804 0.038545
0 0.579050 0.529626 0.020976 0.042040
1 0.651046 0.411999 0.019713 0.036523
0 0.933488 0.108738 0.015535 0.032705
3 0.543060 0.835295 0.235289 0.048975
0 0.760810 0.630158 0.023314 0.039696
5 0.982324 0.171227 0.035270 0.045392
0 0.736654 0.629965 0.024493 0.044475
5 0.810137 0.409526 0.103671 0.042081
5 0.721169 0.411123 0.084844 0.039268
5 0.445802 0.735356 0.039190 0.038633
0 0.506312 0.526142 0.021388 0.038468
0 0.449136 0.169301 0.017206 0.036405
3 0.541879 0.929654 0.232322 0.026542
5 0.807297 0.923334 0.032310 0.030655
1 0.920206 0.927530 0.015497 0.031767
5 0.874854 0.271798 0.249367 0.047339
0 0.975505 0.106666 0.047482 0.031562
0 0.603648 0.685518 0.044301 0.038748
0 0.415630 0.107119 0.048971 0.027859
0 0.219233 0.106082 0.029645 0.027430
1 0.650789 0.451356 0.016797 0.033927
5 0.810649 0.371067 0.106371 0.045418
0 0.907586 0.108544 0.016233 0.032162
1 0.919172 0.733376 0.014481 0.033626
5 0.547942 0.409660 0.120730 0.042289
0 0.359173 0.105436 0.046778 0.026990
4 0.392990 0.660934 0.084387 0.033378
5 0.718926 0.371451 0.082734 0.043223
0 0.284598 0.108786 0.084163 0.030672
3 0.784187 0.105831 0.039291 0.028982
1 0.007778 0.467080 0.015269 0.032620
0 0.603353 0.529586 0.021969 0.042120
4 0.404314 0.560972 0.113591 0.032785
4 0.380926 0.509753 0.063420 0.030090
0 0.281079 0.631971 0.024511 0.048379
5 0.929928 0.411723 0.049259 0.041424
5 0.550174 0.371107 0.120411 0.045396
1 0.008405 0.547855 0.016032 0.029213
4 0.398975 0.459071 0.099663 0.032933
5 0.930594 0.451855 0.049703 0.042676
0 0.530984 0.681531 0.065999 0.038779
1 0.008423 0.626948 0.016469 0.035189
1 0.008930 0.788245 0.015842 0.031622
4 0.380950 0.612264 0.058488 0.027318
3 0.533287 0.271270 0.103515 0.048427
4 0.404556 0.207887 0.110108 0.033927
4 0.403564 0.256657 0.122012 0.038168
4 0.383229 0.302246 0.077373 0.040288
4 0.405052 0.355257 0.124988 0.027566
4 0.398605 0.408267 0.100188 0.036047
3 0.379757 0.171840 0.161690 0.046649
3 0.595014 0.631753 0.220216 0.047710
1 0.500033 0.733003 0.013392 0.029686
0 0.109529 0.109068 0.170122 0.032867
0 0.493172 0.104297 0.089277 0.031806
0 0.604768 0.106417 0.116060 0.036047
0 0.698013 0.109598 0.050590 0.033927
0 0.742651 0.110128 0.026783 0.032867
1 0.008885 0.589206 0.013056 0.027908
1 0.008490 0.668858 0.014441 0.029070
1 0.008576 0.708658 0.012539 0.029577
1 0.008792 0.749789 0.013837 0.026804
1 0.008360 0.828815 0.012972 0.025880
1 0.008576 0.867635 0.015134 0.031426
5 0.929262 0.375530 0.050590 0.042687
5 0.718929 0.452322 0.080425 0.044366
5 0.811461 0.451398 0.106369 0.049912
3 0.014962 0.350620 0.029924 0.042408
3 0.154664 0.351680 0.015375 0.040288