0 0.720683 0.519172 0.123656 0.044899
0 0.356904 0.522394 0.020348 0.044900
0 0.305460 0.522417 0.019636 0.045585
0 0.530085 0.520637 0.018790 0.038724
0 0.507736 0.523613 0.020996 0.044280
0 0.282399 0.522579 0.020576 0.044531
0 0.432696 0.523662 0.022302 0.045998
0 0.894657 0.973977 0.070474 0.043199
0 0.259502 0.522085 0.022593 0.045519
3 0.478122 0.622815 0.308800 0.050273
0 0.379608 0.524201 0.021935 0.048553
0 0.409907 0.523770 0.022636 0.045782
0 0.485234 0.523631 0.021212 0.046060
0 0.462422 0.523118 0.023037 0.047086
0 0.070024 0.348651 0.021245 0.047874
1 0.228675 0.409275 0.015550 0.029712
3 0.015143 0.346548 0.029714 0.048251
0 0.044528 0.347139 0.019937 0.047069
0 0.968608 0.573142 0.062784 0.047689
5 0.406323 0.873636 0.141233 0.052752
0 0.230347 0.521894 0.023364 0.051350
0 0.552727 0.522702 0.022051 0.045924
0 0.103478 0.347694 0.022522 0.045959
0 0.966710 0.978816 0.060670 0.031938
1 0.228637 0.448736 0.015626 0.030924
0 0.664416 0.620123 0.025249 0.043432
5 0.935873 0.168822 0.085213 0.049572
0 0.687601 0.619880 0.023389 0.043068
5 0.706974 0.364778 0.042790 0.042454
1 0.483785 0.409797 0.016300 0.027851
3 0.783626 0.106883 0.042916 0.048094
5 0.788646 0.874928 0.153585 0.050320
0 0.208398 0.622230 0.026539 0.053068
5 0.830687 0.362638 0.043798 0.042336
5 0.707595 0.402370 0.042151 0.037988
5 0.890525 0.442785 0.081479 0.044789
1 0.482985 0.448866 0.015566 0.027870
5 0.406195 0.915626 0.137139 0.031661
0 0.215685 0.103659 0.028328 0.029593
5 0.964279 0.363489 0.071442 0.042223
5 0.964749 0.402489 0.070502 0.038385
5 0.829752 0.403278 0.045806 0.038411
5 0.699039 0.170899 0.212738 0.047235
5 0.405587 0.721664 0.138799 0.042246
5 0.488410 0.872811 0.029479 0.045370
5 0.889426 0.401762 0.079681 0.038386
5 0.707804 0.442618 0.042136 0.041297
5 0.890585 0.365938 0.080519 0.039107
5 0.768068 0.441790 0.082233 0.042366
1 0.513940 0.409037 0.015210 0.029964
5 0.787232 0.916815 0.152514 0.031002
5 0.315646 0.366354 0.024731 0.035292
0 0.281383 0.103795 0.079268 0.031138
0 0.933521 0.103877 0.015513 0.029034
3 0.304389 0.169990 0.158510 0.047235
1 0.228478 0.368355 0.015945 0.027867
5 0.315329 0.401975 0.024502 0.039014
5 0.426355 0.170444 0.082128 0.048144
5 0.812583 0.917677 0.208561 0.033793
0 0.974847 0.104349 0.048655 0.033537
5 0.964646 0.441319 0.070708 0.040679
5 0.878132 0.873303 0.030703 0.044866
1 0.513037 0.448557 0.015999 0.029068
5 0.831055 0.443529 0.044146 0.044622
0 0.106483 0.103961 0.169956 0.030504
0 0.540801 0.369061 0.019819 0.042543
5 0.315029 0.443669 0.025094 0.041716
0 0.356989 0.102963 0.047634 0.030354
5 0.618121 0.362700 0.139374 0.043568
0 0.413845 0.104599 0.047380 0.033227
0 0.334458 0.521184 0.025944 0.045326
5 0.766599 0.402467 0.078291 0.037809
5 0.784689 0.722858 0.056428 0.042568
0 0.907953 0.104147 0.015799 0.030585
5 0.618551 0.402744 0.138583 0.041839
0 0.492599 0.108803 0.089938 0.030703
0 0.604200 0.111400 0.118476 0.028159
0 0.697597 0.107767 0.051023 0.026343
0 0.743864 0.109584 0.025079 0.024526
0 0.206973 0.220405 0.024214 0.046327
0 0.207622 0.270819 0.022917 0.041785
5 0.619082 0.446424 0.134259 0.044964
1 0.484282 0.370437 0.016431 0.030885
1 0.513902 0.369529 0.013404 0.029068