0 0.068040 0.350813 0.022197 0.046465
0 0.043112 0.351117 0.020744 0.046199
0 0.182121 0.350341 0.021854 0.048270
5 0.767301 0.172194 0.212960 0.049028
0 0.100899 0.350483 0.022757 0.046561
1 0.320710 0.511603 0.015388 0.042009
0 0.133525 0.350315 0.020349 0.044407
0 0.891020 0.984990 0.070499 0.030020
1 0.298290 0.515623 0.014539 0.032340
0 0.276897 0.373100 0.022991 0.041728
1 0.298316 0.556308 0.015352 0.032442
0 0.930945 0.107614 0.015075 0.031726
1 0.320335 0.555834 0.016730 0.035479
5 0.767746 0.554755 0.082042 0.044460
5 0.980094 0.172068 0.039186 0.043013
5 0.768080 0.474313 0.082073 0.042059
0 0.972668 0.107996 0.046214 0.031292
5 0.768352 0.513611 0.081696 0.042869
5 0.620224 0.555252 0.123813 0.042040
5 0.351936 0.551864 0.044469 0.044956
0 0.906139 0.107771 0.014702 0.033260
0 0.214960 0.105903 0.031558 0.026276
1 0.298811 0.475551 0.015226 0.029771
5 0.353051 0.514148 0.044104 0.038787
1 0.005988 0.626623 0.011975 0.025055
3 0.374377 0.172446 0.159708 0.046654
5 0.620928 0.516212 0.122374 0.042971
1 0.005989 0.586953 0.011974 0.029229
0 0.740647 0.108098 0.024722 0.029399
1 0.006477 0.546932 0.010998 0.030975
0 0.282570 0.109853 0.082177 0.031319
3 0.781019 0.105730 0.036823 0.029873
5 0.495092 0.169451 0.084317 0.048484
1 0.319972 0.475361 0.015566 0.036017
5 0.353375 0.475361 0.043456 0.041558
5 0.619514 0.474668 0.122584 0.040172
1 0.006126 0.667838 0.012251 0.027705
1 0.006558 0.707549 0.013116 0.029552
1 0.005693 0.747721 0.011386 0.026782
1 0.006342 0.787432 0.012684 0.026782
1 0.005693 0.826219 0.011386 0.030476
1 0.006342 0.868238 0.012684 0.029552
0 0.108151 0.109238 0.169983 0.037457
0 0.358404 0.109238 0.052614 0.025932
0 0.412029 0.104196 0.043845 0.030254
0 0.487577 0.107798 0.088364 0.040339
0 0.600225 0.109238 0.113997 0.037457
0 0.693873 0.108518 0.049916 0.036017
3 0.013909 0.350153 0.027817 0.048022
3 0.151266 0.351539 0.018593 0.043405