0 0.109729 0.080217 0.070259 0.031459
0 0.039782 0.081751 0.060479 0.033143
5 0.167276 0.795053 0.044616 0.036327
5 0.179422 0.273137 0.068427 0.037344
5 0.179780 0.151697 0.069787 0.037315
0 0.183322 0.079910 0.065109 0.030795
5 0.179287 0.232012 0.069916 0.040277
5 0.176497 0.715024 0.063295 0.033828
1 0.151656 0.552602 0.016690 0.036690
5 0.161688 0.633840 0.032838 0.036847
0 0.972839 0.977074 0.045528 0.033432
0 0.975222 0.081896 0.046208 0.034347
5 0.161578 0.674423 0.032204 0.036164
0 0.278969 0.081693 0.114908 0.033921
5 0.178906 0.754963 0.067917 0.034737
5 0.160817 0.192510 0.031071 0.034206
1 0.152003 0.594561 0.016345 0.035519
5 0.158862 0.432626 0.027741 0.034357
5 0.160631 0.391935 0.030446 0.037142
3 0.357988 0.079974 0.034210 0.031290
0 0.357715 0.079369 0.034181 0.031422
1 0.153942 0.839012 0.013031 0.026861