1 0.359741 0.250162 0.013290 0.025706
1 0.360093 0.428473 0.013350 0.023333
5 0.161849 0.343205 0.080469 0.039783
1 0.359635 0.216161 0.013487 0.021343
1 0.360004 0.392889 0.013107 0.020081
1 0.360145 0.609762 0.013403 0.028167
0 0.971427 0.978591 0.028485 0.040097
1 0.360216 0.286062 0.013640 0.027934
1 0.360505 0.463949 0.013934 0.026249
1 0.359972 0.643981 0.012534 0.027880
5 0.231153 0.483163 0.220080 0.051911
5 0.157476 0.665280 0.065261 0.040764
1 0.359958 0.356932 0.013059 0.025606
1 0.360014 0.181081 0.014342 0.026743
1 0.360409 0.502026 0.013784 0.029928
5 0.234146 0.160515 0.224789 0.046274
0 0.556333 0.949235 0.014870 0.032304
1 0.360014 0.680810 0.012450 0.029945
0 0.604029 0.949330 0.058720 0.038357
1 0.360269 0.572233 0.013490 0.020993
1 0.358585 0.788605 0.010119 0.026627
1 0.360363 0.535995 0.014026 0.025966
1 0.360163 0.322331 0.013443 0.028912
1 0.360158 0.713998 0.013715 0.027601
0 0.536456 0.950502 0.013657 0.033012
1 0.359841 0.753961 0.013205 0.030271
5 0.232593 0.711295 0.219321 0.051225
0 0.504191 0.951846 0.034570 0.033231
4 0.426603 0.360329 0.121645 0.032846
4 0.424761 0.716458 0.120996 0.027190
4 0.418095 0.539671 0.102905 0.032150
5 0.231398 0.252307 0.222705 0.048388
4 0.417827 0.462398 0.104021 0.029737
4 0.392646 0.609648 0.051547 0.024085
4 0.447164 0.869552 0.165310 0.032997
5 0.231194 0.206018 0.223946 0.053591
4 0.428621 0.285843 0.124528 0.030464
0 0.439339 0.950930 0.073747 0.032864
4 0.421969 0.395268 0.110263 0.029356
4 0.406440 0.573134 0.079567 0.024186
4 0.431530 0.787108 0.127124 0.032412
0 0.652700 0.059104 0.011675 0.034075