3 0.212323 0.533702 0.151949 0.038424
0 0.898826 0.973984 0.063083 0.038105
0 0.297441 0.261278 0.117677 0.039909
5 0.174532 0.261886 0.092640 0.043481
5 0.150917 0.577368 0.029388 0.038613
0 0.971448 0.090160 0.041717 0.031031
0 0.965712 0.971822 0.056079 0.030702
5 0.174453 0.214929 0.091475 0.040731
5 0.201968 0.714195 0.131627 0.037587
5 0.235868 0.170843 0.215521 0.041743
0 0.420404 0.169863 0.018694 0.035954
0 0.399114 0.169776 0.020602 0.038244
0 0.461492 0.170117 0.019786 0.036070
0 0.482365 0.169514 0.020844 0.037697
0 0.516933 0.442174 0.021356 0.040585
0 0.167320 0.088932 0.116631 0.029228
3 0.241714 0.487207 0.214492 0.041829
3 0.332541 0.088705 0.034122 0.028339
0 0.543344 0.441466 0.023889 0.041177
0 0.440944 0.169919 0.019661 0.035831
3 0.202032 0.714873 0.131366 0.039419
0 0.061508 0.089141 0.080634 0.027462
3 0.268886 0.090479 0.075752 0.029838
1 0.348406 0.894979 0.015927 0.029411
0 0.933697 0.090552 0.017093 0.032181
0 0.067318 0.354302 0.050682 0.033998
5 0.242463 0.443139 0.214296 0.042737
5 0.347601 0.759144 0.013170 0.027779
5 0.347934 0.713783 0.011242 0.024194