1 0.023061 0.562463 0.012972 0.025794
1 0.023493 0.598287 0.012107 0.024803
0 0.058195 0.716242 0.021842 0.039702
0 0.133841 0.715891 0.021199 0.039059
0 0.100541 0.715933 0.021954 0.040619
0 0.210389 0.716210 0.019746 0.038784
0 0.189182 0.716158 0.020999 0.039481
0 0.155637 0.715795 0.020612 0.038583
0 0.045402 0.093716 0.076853 0.028656
0 0.231264 0.715473 0.021238 0.038812
0 0.892997 0.974457 0.066757 0.037268
0 0.158818 0.093066 0.129969 0.031526
0 0.965958 0.094034 0.048248 0.036190
0 0.023929 0.715577 0.022629 0.042334
0 0.960368 0.974212 0.057178 0.033337
1 0.023061 0.527863 0.012972 0.023917
5 0.272656 0.221918 0.284964 0.041164
0 0.080050 0.715561 0.020518 0.039270
5 0.145771 0.309277 0.029001 0.040098
5 0.441588 0.715884 0.043472 0.041300
0 0.299697 0.093171 0.137010 0.031914
1 0.023277 0.491987 0.013404 0.024803
1 0.023061 0.633720 0.012972 0.028347
5 0.496981 0.715036 0.041537 0.039154
3 0.391426 0.094142 0.036299 0.029892
0 0.056089 0.033950 0.034191 0.035835