0 0.362726 0.599172 0.104085 0.037302
0 0.465288 0.599295 0.106197 0.037495
0 0.293031 0.258217 0.122222 0.048077
0 0.457423 0.167813 0.019407 0.035361
0 0.970146 0.086974 0.042994 0.028897
0 0.436395 0.167624 0.019836 0.034732
0 0.395282 0.167148 0.019763 0.036446
0 0.059754 0.353593 0.052609 0.039900
0 0.932580 0.088116 0.016204 0.031255
5 0.230661 0.168831 0.215264 0.042023
0 0.416614 0.167243 0.018527 0.035101
0 0.478536 0.167357 0.019888 0.037236
5 0.168863 0.260521 0.093286 0.040807
3 0.155267 0.087217 0.034670 0.027936
5 0.169364 0.212781 0.093246 0.041036
0 0.073107 0.086810 0.114301 0.027932
0 0.168678 0.260695 0.093511 0.041670