0 0.894045 0.974691 0.072977 0.038607
0 0.568485 0.294637 0.021754 0.043341
0 0.594970 0.294374 0.022739 0.042325
0 0.621404 0.293720 0.024585 0.043712
0 0.968418 0.978536 0.062003 0.033787
5 0.211012 0.744005 0.115110 0.043224
5 0.220750 0.847598 0.134411 0.040800
3 0.761545 0.098915 0.038510 0.030209
0 0.559263 0.663769 0.025614 0.041968
5 0.196187 0.896121 0.084709 0.044098
5 0.292732 0.742410 0.049099 0.042835
0 0.699473 0.294662 0.112118 0.045727
0 0.608111 0.664036 0.061050 0.035609
5 0.353687 0.744393 0.054539 0.042500
5 0.194963 0.797070 0.084776 0.048537
0 0.974945 0.099195 0.048239 0.032953
0 0.768379 0.294484 0.022585 0.045408
5 0.886996 0.479731 0.047304 0.038731
3 0.456855 0.627716 0.148929 0.040860
5 0.735588 0.441459 0.083063 0.042253
0 0.933492 0.098342 0.016740 0.031562
3 0.266130 0.625127 0.223559 0.040852
5 0.456295 0.626406 0.148152 0.041382
3 0.692955 0.100728 0.085221 0.032045
0 0.591142 0.100113 0.100425 0.031219
3 0.218726 0.845175 0.132800 0.041187
5 0.886317 0.440826 0.048191 0.040290
5 0.818867 0.441752 0.088439 0.041963
5 0.265833 0.626535 0.219801 0.041915
5 0.886805 0.518613 0.047045 0.038407
5 0.674101 0.480699 0.042986 0.038286
5 0.673583 0.441563 0.043159 0.042371
5 0.885665 0.403515 0.047718 0.039288
5 0.674440 0.519961 0.043936 0.042731
0 0.609752 0.406835 0.015845 0.032492
5 0.735389 0.481248 0.081167 0.038473
0 0.492716 0.674562 0.065840 0.045419
4 0.168114 0.116643 0.038099 0.037861
4 0.176545 0.202157 0.067454 0.033945
4 0.218704 0.236755 0.151771 0.035250
4 0.192160 0.317047 0.093686 0.028722
4 0.169675 0.352950 0.052464 0.030028
4 0.222764 0.384936 0.156143 0.028722
4 0.223076 0.417575 0.155518 0.033945
4 0.175296 0.450214 0.058710 0.033945
4 0.070264 0.049725 0.083020 0.033894
4 0.062805 0.089721 0.057725 0.029827
4 0.067670 0.126327 0.070048 0.027115
4 0.068318 0.165644 0.068751 0.032539
4 0.062157 0.204962 0.057725 0.032539
4 0.055995 0.301222 0.067454 0.032539
0 0.418897 0.675898 0.068920 0.044446
0 0.635555 0.407691 0.016863 0.038315