3 0.325614 0.103760 0.104724 0.034703
0 0.962143 0.974762 0.070473 0.040246
0 0.984952 0.381613 0.020984 0.045827
0 0.054224 0.103548 0.085944 0.033050
3 0.185483 0.105395 0.145475 0.036866
5 0.012202 0.570795 0.015337 0.026133
5 0.843964 0.607215 0.081983 0.043820
5 0.178806 0.488928 0.193713 0.045363
5 0.844061 0.529158 0.082285 0.041920
5 0.179074 0.609297 0.194616 0.044631
5 0.179519 0.529605 0.193423 0.044050
5 0.843679 0.487858 0.081444 0.044143
0 0.077308 0.714665 0.107570 0.040945
5 0.053302 0.606328 0.062626 0.042007
5 0.052484 0.566826 0.063869 0.043088
0 0.092281 0.381966 0.021811 0.044296
3 0.969017 0.107671 0.031723 0.042902
5 0.844873 0.648896 0.082268 0.044186
5 0.013064 0.647591 0.013798 0.034096
5 0.843765 0.567351 0.081989 0.043945
5 0.052069 0.527610 0.063852 0.038821
5 0.179242 0.568168 0.193855 0.044055
5 0.413484 0.864395 0.442086 0.161119
5 0.779175 0.606192 0.053236 0.042886
5 0.012905 0.490516 0.014568 0.030661
5 0.779000 0.487370 0.052541 0.043297
5 0.052854 0.648566 0.064651 0.043345
5 0.778896 0.526734 0.053308 0.042924
5 0.051848 0.488113 0.063920 0.042275
5 0.012431 0.527693 0.014708 0.032169
5 0.778680 0.647480 0.051606 0.041485
5 0.345991 0.608301 0.142170 0.044974
5 0.728263 0.605900 0.053245 0.042258
5 0.013035 0.607934 0.013739 0.031707
5 0.779264 0.566567 0.053189 0.043366
5 0.728074 0.526620 0.053435 0.043044
5 0.347226 0.488699 0.143581 0.038077
5 0.728302 0.647350 0.052477 0.040186
5 0.727973 0.486881 0.052381 0.043587
5 0.179987 0.649446 0.196337 0.045666
5 0.346283 0.566890 0.144929 0.040367
5 0.661706 0.606903 0.083096 0.043040
3 0.039181 0.384406 0.061681 0.046517
0 0.016979 0.972810 0.030211 0.041781
3 0.490556 0.488042 0.143745 0.045664
5 0.661689 0.528103 0.083359 0.042264
5 0.346469 0.528650 0.142680 0.044958
0 0.043743 0.253341 0.039965 0.037990
5 0.348057 0.650734 0.141979 0.041853
3 0.489945 0.528083 0.144699 0.045340
3 0.490217 0.567029 0.143067 0.041853
3 0.489129 0.607138 0.144155 0.045340
3 0.489401 0.649572 0.144699 0.039528
5 0.662659 0.487393 0.082141 0.038365
5 0.727665 0.567029 0.052222 0.044178
5 0.662659 0.565866 0.081053 0.039528
5 0.662387 0.647247 0.082685 0.044178
5 0.592758 0.487974 0.062014 0.039528
5 0.591942 0.528083 0.061470 0.047666
5 0.591670 0.571098 0.060926 0.038365
5 0.591670 0.607719 0.060926 0.041853
5 0.591670 0.647828 0.060926 0.040690