5 0.013959 0.644739 0.014450 0.034917
5 0.014124 0.563336 0.012312 0.029231
0 0.964159 0.974080 0.070734 0.042093
5 0.013969 0.484851 0.013816 0.032807
3 0.327371 0.099248 0.105855 0.034648
0 0.987220 0.378372 0.020919 0.046176
3 0.974091 0.098939 0.035983 0.042459
0 0.018948 0.972400 0.029466 0.044221
5 0.847698 0.603595 0.082640 0.043271
3 0.188514 0.099906 0.144221 0.035622
0 0.079605 0.714529 0.105414 0.039711
5 0.848703 0.645840 0.082535 0.044212
0 0.056760 0.099716 0.090009 0.034123
5 0.847837 0.484372 0.082362 0.040099
5 0.847834 0.522356 0.082367 0.042945
0 0.095334 0.377273 0.021965 0.045537
5 0.056099 0.602581 0.064766 0.041624
5 0.781349 0.602352 0.054372 0.041475
5 0.055447 0.645662 0.063887 0.043398
5 0.782325 0.645555 0.054830 0.042112
5 0.055920 0.562590 0.064306 0.041172
5 0.014698 0.526514 0.011383 0.026755
5 0.181536 0.603662 0.194124 0.046865
5 0.180570 0.483463 0.193430 0.045277
5 0.013984 0.603018 0.013056 0.031089
5 0.181549 0.522613 0.194011 0.046978
5 0.847940 0.562939 0.083209 0.043603
5 0.664725 0.604359 0.083314 0.040546
5 0.730339 0.602016 0.052326 0.041635
5 0.729970 0.645995 0.051272 0.041584
5 0.781383 0.521703 0.053693 0.042168
5 0.781550 0.484893 0.053679 0.036624
5 0.781342 0.562772 0.054436 0.042964
5 0.181518 0.563340 0.192141 0.044316
5 0.054928 0.524360 0.063700 0.040333
5 0.348937 0.645896 0.145299 0.044039
5 0.730206 0.523798 0.052386 0.046006
5 0.055249 0.483390 0.062626 0.041233
5 0.730018 0.485828 0.052274 0.038493
0 0.040011 0.378366 0.064200 0.040657
5 0.349093 0.527665 0.146582 0.045050
5 0.183652 0.647027 0.190398 0.048626
5 0.348821 0.486481 0.145606 0.046868
5 0.594124 0.605959 0.061980 0.046641
5 0.663598 0.645722 0.084874 0.042050
5 0.663846 0.528723 0.084730 0.047454
5 0.348950 0.566008 0.144920 0.040675
5 0.349740 0.606683 0.145447 0.045194
5 0.729255 0.566008 0.052171 0.045194
5 0.663909 0.486919 0.082736 0.038415
5 0.663382 0.567703 0.082736 0.041804
5 0.593118 0.487484 0.061657 0.039545
5 0.592854 0.526464 0.061130 0.042934
5 0.593118 0.566573 0.061657 0.039545
5 0.593645 0.646792 0.060603 0.039545
3 0.491674 0.489744 0.141231 0.041804
3 0.491674 0.527593 0.141231 0.040675
3 0.492201 0.568268 0.142285 0.040675
3 0.492728 0.607248 0.144393 0.044064
3 0.492728 0.646792 0.143339 0.041804