5 0.390485 0.799043 0.388240 0.281223
5 0.015086 0.510933 0.011990 0.025962
3 0.270515 0.084944 0.086238 0.030381
5 0.185268 0.444502 0.199861 0.036780
0 0.080291 0.318731 0.017905 0.037526
0 0.047830 0.086691 0.074585 0.030320
3 0.156107 0.085788 0.118629 0.031383
5 0.014834 0.476378 0.011581 0.028717
5 0.185078 0.476505 0.200241 0.036784
5 0.870338 0.445243 0.085472 0.032363
0 0.039349 0.211311 0.032004 0.037162
5 0.014670 0.410160 0.012332 0.022746
5 0.185893 0.544572 0.198611 0.031072
5 0.054248 0.475339 0.063905 0.034332
5 0.014960 0.544832 0.012218 0.028334
5 0.870306 0.477879 0.084991 0.036710
5 0.054528 0.544109 0.065741 0.034325
5 0.185240 0.512538 0.199917 0.039707
5 0.054784 0.510522 0.064144 0.034663
3 0.994179 0.086867 0.011311 0.032828
5 0.357997 0.544684 0.146779 0.037874
5 0.870737 0.544110 0.085154 0.038254
5 0.802303 0.542988 0.054638 0.035990
5 0.014557 0.445145 0.010377 0.024598
5 0.054214 0.444560 0.064347 0.029130
5 0.358095 0.510425 0.145717 0.039736
5 0.358095 0.477312 0.147447 0.032167
5 0.357663 0.444199 0.145717 0.035951
3 0.504245 0.444199 0.146582 0.034059
3 0.504028 0.411559 0.146150 0.033113
3 0.504245 0.477312 0.147447 0.035951
3 0.504461 0.511844 0.146150 0.035005
3 0.505109 0.544484 0.145717 0.035951
5 0.608452 0.412190 0.064427 0.035005
5 0.609100 0.446249 0.064859 0.036897
5 0.609533 0.477470 0.063994 0.035005
5 0.609533 0.512475 0.063994 0.035005
5 0.609317 0.544642 0.063562 0.033113
5 0.682006 0.413003 0.083873 0.037868
5 0.682031 0.445618 0.084749 0.036897
5 0.682031 0.478731 0.083020 0.035005
5 0.682896 0.511844 0.083885 0.036897
5 0.682680 0.544011 0.084317 0.035005
5 0.750205 0.412505 0.054482 0.038790
5 0.750205 0.445145 0.053617 0.035951
5 0.749557 0.478258 0.053185 0.034059
5 0.750638 0.511371 0.053617 0.035951
5 0.749773 0.544484 0.053617 0.034059
5 0.802958 0.412032 0.052752 0.034059
5 0.802741 0.446091 0.052320 0.034059
5 0.802525 0.477785 0.052752 0.033113
5 0.802309 0.511371 0.052320 0.035951
5 0.870700 0.510898 0.084749 0.036897
5 0.870267 0.412978 0.083885 0.035951