0 0.049260 0.165155 0.021130 0.041322
0 0.019463 0.166172 0.021827 0.044022
0 0.185644 0.165226 0.021873 0.038891
0 0.096054 0.165065 0.020580 0.039313
0 0.072446 0.165182 0.020539 0.040277
0 0.118759 0.165287 0.020866 0.039168
0 0.246081 0.165162 0.020497 0.039001
0 0.157064 0.165145 0.018484 0.038285
0 0.141683 0.165028 0.017007 0.037768
0 0.926316 0.087449 0.035309 0.039479
0 0.209121 0.164787 0.017877 0.037620
1 0.014479 0.329515 0.011242 0.027012
3 0.034301 0.081722 0.037786 0.028654
0 0.970614 0.082269 0.042155 0.030552
0 0.217135 0.164879 0.032573 0.038242
1 0.014049 0.259873 0.012428 0.024864
1 0.014252 0.294711 0.012833 0.028051
1 0.921185 0.261466 0.011242 0.025973
1 0.921185 0.296270 0.012264 0.022856