5 0.355371 0.487698 0.061104 0.040940
3 0.416838 0.573027 0.181195 0.043133
0 0.435346 0.086772 0.028559 0.027687
0 0.250050 0.314988 0.129667 0.040804
5 0.371595 0.142399 0.113571 0.042885
0 0.252181 0.658844 0.127749 0.045000
5 0.651833 0.400998 0.029408 0.036610
0 0.123182 0.085448 0.071058 0.028952
3 0.416213 0.530915 0.180755 0.041730
0 0.252018 0.787929 0.126055 0.040174
5 0.355237 0.400794 0.060783 0.037029
0 0.237112 0.086458 0.142152 0.031845
0 0.971697 0.086037 0.039078 0.034585
5 0.334790 0.442388 0.021221 0.037381
0 0.008152 0.155203 0.016304 0.039802
0 0.487014 0.087191 0.064092 0.030080
0 0.551590 0.085730 0.051109 0.028759
0 0.251834 0.702590 0.127606 0.041915
0 0.364814 0.086193 0.098931 0.030919
0 0.054506 0.085519 0.054095 0.029382
5 0.326093 0.270867 0.026361 0.038994
0 0.254036 0.875833 0.122523 0.039316
0 0.276004 0.875770 0.078693 0.035975
3 0.733062 0.085685 0.030684 0.028791
0 0.937615 0.085916 0.015695 0.031784
0 0.610489 0.086032 0.056563 0.029745
0 0.032966 0.155237 0.016540 0.040007
3 0.389390 0.228768 0.151399 0.039924
4 0.086966 0.763611 0.118719 0.026413
0 0.251877 0.745622 0.127788 0.041690
0 0.252371 0.832432 0.126334 0.039755
1 0.515860 0.271152 0.013272 0.030231
4 0.055414 0.627753 0.055378 0.022613
0 0.073185 0.155260 0.018267 0.041340
3 0.047833 0.156069 0.015572 0.038944
4 0.100838 0.458034 0.146352 0.026170
5 0.642905 0.444193 0.013283 0.035993
4 0.075242 0.694593 0.096461 0.026780
4 0.067311 0.662195 0.081990 0.024287
4 0.103886 0.421686 0.148864 0.026865
0 0.215684 0.874957 0.053309 0.033843
4 0.101165 0.490063 0.147895 0.025625
3 0.107621 0.154951 0.015817 0.039725
4 0.102951 0.287470 0.149690 0.030108
0 0.092990 0.155216 0.016412 0.039580
4 0.068509 0.798488 0.085638 0.024224
3 0.677299 0.086136 0.065923 0.030554
0 0.210093 0.702636 0.044135 0.039474
1 0.516049 0.227996 0.012871 0.031010
4 0.102627 0.525414 0.152574 0.027160
4 0.073102 0.592893 0.095030 0.027657
4 0.101810 0.355468 0.151748 0.025603
4 0.102103 0.318765 0.155239 0.028517
4 0.102132 0.390839 0.151050 0.024086
4 0.101672 0.558940 0.150195 0.027097
4 0.101328 0.255857 0.151771 0.027097
4 0.092675 0.733731 0.130026 0.026093
4 0.072261 0.832083 0.087423 0.026093
4 0.059614 0.867209 0.063903 0.024086