0 0.9303962460896767 0.014807502467917079 0.01251303441084463 0.024679170779861797
0 0.9457768508863399 0.014807502467917079 0.01251303441084463 0.02566633761105627
0 0.9601147028154328 0.015301085883514315 0.013555787278415016 0.02566633761105627
3 0.09462982273201251 0.07798617966436328 0.1173096976016684 0.034550839091806514
0 0.20385818561001043 0.07798617966436328 0.01616266944734098 0.02566633761105627
0 0.23800834202294055 0.07847976307996052 0.015119916579770595 0.027640671273445213
0 0.3944212721584984 0.07601184600197433 0.014077163712200209 0.02665350444225074
0 0.410844629822732 0.0755182625863771 0.014077163712200209 0.027640671273445213
0 0.4348279457768509 0.07749259624876605 0.013555787278415016 0.024679170779861797
0 0.45177267987486963 0.07601184600197433 0.013555787278415016 0.02665350444225074
0 0.023201251303441084 0.18114511352418558 0.01564129301355579 0.02566633761105627
0 0.1266944734098019 0.18213228035538007 0.09019812304483837 0.02566633761105627
0 0.23696558915537017 0.18163869693978282 0.10948905109489052 0.02665350444225074
5 0.18639207507820646 0.33563672260612043 0.11678832116788321 0.03356367226061204
1 0.3602711157455683 0.36870681145113526 0.011470281543274244 0.022704837117472853
0 0.039363920750782065 0.18213228035538007 0.014598540145985401 0.028627838104639685
0 0.056308654848800835 0.18213228035538007 0.01564129301355579 0.029615004935834157
0 0.0727320125130344 0.18213228035538007 0.014077163712200209 0.02665350444225074
0 0.2213242961418144 0.07749259624876605 0.014598540145985401 0.0315893385982231
5 0.16579770594369134 0.2680157946692991 0.07612095933263817 0.03356367226061204
5 0.16579770594369134 0.30157946692991117 0.07612095933263817 0.034550839091806514
5 0.14937434827945778 0.3696939782823297 0.04275286757038582 0.034550839091806514
5 0.368873826903024 0.26850937808489633 0.03441084462982273 0.034550839091806514
5 0.3899895724713243 0.3020730503455084 0.07559958289885298 0.0315893385982231
5 0.4103232533889468 0.33563672260612043 0.1173096976016684 0.03356367226061204
5 0.5656934306569343 0.2680157946692991 0.034932221063607924 0.03356367226061204
5 0.5659541188738269 0.36870681145113526 0.035453597497393116 0.034550839091806514
5 0.5589155370177268 0.3020730503455084 0.022419186652763295 0.034550839091806514
0 0.022419186652763295 0.4358341559723593 0.017726798748696558 0.0315893385982231
0 0.04614181438998957 0.4368213228035538 0.01824817518248175 0.0315893385982231
0 0.06465067778936393 0.4348469891411649 0.01824817518248175 0.03060217176702863
0 0.08315954118873826 0.4358341559723593 0.016684045881126174 0.0315893385982231
0 0.09984358706986445 0.43731490621915103 0.020855057351407715 0.03060217176702863
0 0.12174139728884255 0.4368213228035538 0.02502606882168926 0.03060217176702863
0 0.15119916579770595 0.43632773938795655 0.023983315954118872 0.0315893385982231
0 0.20099061522419187 0.43731490621915103 0.01824817518248175 0.0315893385982231
0 0.221584984358707 0.4353405725567621 0.02346193952033368 0.0315893385982231
0 0.24556830031282587 0.43632773938795655 0.022419186652763295 0.028627838104639685
0 0.26955161626694474 0.43632773938795655 0.022940563086548488 0.0315893385982231
0 0.295881126173097 0.43632773938795655 0.018769551616266946 0.0315893385982231
0 0.3198644421272159 0.43632773938795655 0.018769551616266946 0.03060217176702863
0 0.17466110531803963 0.4353405725567621 0.02346193952033368 0.028627838104639685