4 0.9525518341307815 0.09864457831325302 0.051036682615629984 0.05120481927710843
5 0.2515948963317384 0.42319277108433734 0.08851674641148326 0.0391566265060241
5 0.44298245614035087 0.42319277108433734 0.24720893141945774 0.043674698795180725
5 0.3309409888357257 0.473644578313253 0.24800637958532695 0.0391566265060241
1 0.21331738437001596 0.5188253012048193 0.012759170653907496 0.024096385542168676
1 0.21371610845295055 0.5685240963855421 0.011961722488038277 0.024096385542168676
5 0.23524720893141945 0.6167168674698795 0.05741626794258373 0.04066265060240964
5 0.22328548644338117 0.6649096385542169 0.03269537480063796 0.04066265060240964
5 0.2711323763955343 0.713855421686747 0.1283891547049442 0.04066265060240964
0 0.8680223285486444 0.9751506024096386 0.0733652312599681 0.03765060240963856
0 0.9473684210526315 0.9743975903614458 0.0685805422647528 0.04066265060240964