5 0.480177 0.190798 0.104051 0.029206
5 0.612797 0.190658 0.105688 0.028510
5 0.215093 0.189904 0.103245 0.029799
5 0.080814 0.263183 0.101401 0.031139
5 0.213250 0.261857 0.104474 0.028486
3 0.887237 0.190830 0.122035 0.029270
5 0.082965 0.190959 0.104474 0.029113
3 0.357196 0.189781 0.122629 0.031935
3 0.754671 0.190922 0.122911 0.029455
0 0.933767 0.346107 0.020372 0.032721
5 0.030646 0.706359 0.013863 0.025177
0 0.938310 0.261303 0.022429 0.034519
5 0.030369 0.834988 0.013894 0.026369
5 0.030247 0.577625 0.014030 0.026165
3 0.062759 0.086162 0.072133 0.024671
0 0.592929 0.346126 0.083046 0.029282
0 0.948914 0.079251 0.017568 0.028866
0 0.691073 0.345907 0.092220 0.028948
0 0.807321 0.346100 0.120643 0.031817
0 0.893411 0.258264 0.055813 0.029983
0 0.909242 0.346274 0.017391 0.030947
5 0.030497 0.448809 0.013591 0.025821
5 0.030629 0.964030 0.014242 0.024992
0 0.994181 0.077357 0.011612 0.028539
3 0.954400 0.347055 0.020895 0.032237
0 0.504502 0.299418 0.016888 0.030380
0 0.884292 0.346426 0.014634 0.026852
0 0.496038 0.347424 0.090301 0.026962
0 0.674779 0.189391 0.018437 0.028773
0 0.043326 0.026214 0.017822 0.033329
0 0.955322 0.450564 0.015364 0.022616
0 0.955015 0.579119 0.015978 0.022616
0 0.956244 0.706483 0.015978 0.029758
0 0.956244 0.836824 0.017207 0.026187
0 0.956244 0.964188 0.014749 0.030948
0 0.895710 0.025619 0.016593 0.027377
0 0.925824 0.026809 0.017822 0.032139
0 0.956551 0.026809 0.015364 0.027377
0 0.992810 0.970735 0.010447 0.032139
0 0.143498 0.189288 0.019051 0.030948
0 0.276856 0.190478 0.016593 0.030948
0 0.541728 0.189883 0.016593 0.027377
0 0.184980 0.319629 0.000000 0.001190
0 0.141962 0.263088 0.019666 0.028568
0 0.314651 0.305345 0.000000 0.001190
0 0.275627 0.261303 0.020280 0.032139
3 0.671091 0.244717 0.000641 0.000000