5 0.242717 0.307780 0.113298 0.030986
5 0.759005 0.462594 0.144497 0.031498
5 0.220293 0.269670 0.069208 0.029482
5 0.245821 0.346963 0.119507 0.031707
0 0.090655 0.081013 0.063154 0.025820
0 0.172763 0.081970 0.072300 0.026604
5 0.314462 0.191777 0.256788 0.030452
5 0.192299 0.463153 0.113275 0.032616
5 0.192000 0.579635 0.111706 0.031178
0 0.031332 0.082066 0.026976 0.026681
5 0.123528 0.152808 0.025439 0.028696
0 0.970329 0.080435 0.021544 0.026133
5 0.201762 0.230024 0.030633 0.027835
5 0.318189 0.308264 0.025229 0.030490
0 0.235718 0.082225 0.025712 0.025299
5 0.101532 0.463596 0.067673 0.030572
0 0.458173 0.269596 0.143333 0.032265
5 0.383464 0.463385 0.031780 0.030150
5 0.318246 0.346966 0.025344 0.028784
5 0.307563 0.464279 0.118555 0.029008
3 0.281833 0.080703 0.035661 0.024089
5 0.379888 0.579258 0.024582 0.030423
0 0.458551 0.347400 0.143333 0.031117
5 0.308697 0.579681 0.119313 0.029805
0 0.929846 0.022453 0.014606 0.027966
0 0.957073 0.022298 0.015635 0.026688
0 0.072612 0.024189 0.014371 0.029300
0 0.901974 0.025288 0.019666 0.031498
5 0.481292 0.463491 0.010868 0.029320