0 0.959718 0.028883 0.021009 0.038428
3 0.107581 0.028801 0.047334 0.028508
0 0.039664 0.086309 0.014360 0.024704
0 0.807711 0.681308 0.117004 0.227645
0 0.098912 0.090804 0.056097 0.044411
3 0.173363 0.091486 0.071967 0.041340
0 0.687370 0.680641 0.114600 0.225459
0 0.327624 0.681705 0.114619 0.225827
0 0.086124 0.681240 0.117783 0.223133
0 0.569078 0.681915 0.110497 0.228143
0 0.084178 0.349639 0.113354 0.217812
0 0.447634 0.682076 0.115748 0.221975
0 0.207433 0.682165 0.112702 0.227149
0 0.085210 0.904820 0.116692 0.188238
3 0.292404 0.090735 0.142330 0.044280
0 0.204646 0.902773 0.108407 0.191404
3 0.351439 0.029083 0.040688 0.040389
5 0.511647 0.031053 0.277693 0.042359
0 0.660920 0.031545 0.019835 0.041374