0 0.496443 0.087672 0.018936 0.029666
3 0.113648 0.088598 0.137069 0.037685
0 0.525475 0.086575 0.017333 0.028750
0 0.265948 0.087970 0.016963 0.027046
0 0.475860 0.087502 0.017410 0.029185
3 0.505614 0.261047 0.226287 0.032910
0 0.405654 0.086922 0.017025 0.027208
0 0.286804 0.088223 0.018391 0.028422
0 0.446903 0.087327 0.018035 0.027066
0 0.245183 0.087761 0.017534 0.028665
0 0.248171 0.203987 0.019733 0.029904
0 0.384968 0.087000 0.018121 0.026888
0 0.179411 0.203298 0.089869 0.028520
0 0.215605 0.088021 0.017726 0.029412
0 0.426263 0.087555 0.017342 0.026816
0 0.194832 0.088200 0.018966 0.030483
0 0.314616 0.088136 0.018843 0.028923
0 0.717938 0.749190 0.036145 0.033274
3 0.645358 0.489413 0.167608 0.031280
0 0.356949 0.087658 0.018408 0.028649
0 0.335486 0.087830 0.016403 0.028731
0 0.296255 0.202433 0.052509 0.028181
0 0.361657 0.203016 0.061849 0.027510
0 0.750610 0.488918 0.030311 0.034664
0 0.546401 0.085793 0.016445 0.026761
3 0.421346 0.749107 0.248582 0.030763
0 0.784028 0.326650 0.015941 0.026525
0 0.446003 0.204266 0.071098 0.032636
5 0.599568 0.749280 0.080681 0.034278
1 0.647872 0.456601 0.012972 0.023072
5 0.905990 0.260990 0.135240 0.029720
5 0.454427 0.423477 0.079878 0.031658
5 0.476419 0.456345 0.124634 0.030763
0 0.800902 0.326062 0.016087 0.026511
5 0.582367 0.455877 0.044410 0.031477
5 0.582403 0.521874 0.337622 0.030960
5 0.476082 0.489160 0.124788 0.031273
0 0.866379 0.976146 0.015171 0.022161
0 0.503173 0.204016 0.015878 0.028056
0 0.648582 0.973966 0.028406 0.047024
0 0.767250 0.327003 0.016303 0.028021
5 0.703217 0.391333 0.126246 0.033055
0 0.486589 0.686427 0.103775 0.031532
5 0.454271 0.390633 0.079376 0.030082
5 0.593600 0.619253 0.360173 0.031549
0 0.677340 0.974669 0.021124 0.036049
0 0.019030 0.033153 0.018220 0.029618
0 0.101252 0.039761 0.133610 0.029225
0 0.199694 0.039761 0.040213 0.029225
0 0.248771 0.039761 0.030268 0.032301
0 0.299722 0.040146 0.048861 0.028456
0 0.352690 0.040530 0.031132 0.027687
0 0.916101 0.017842 0.014701 0.028456
0 0.933829 0.016689 0.015566 0.029225
0 0.951557 0.017073 0.016431 0.028456
0 0.523414 0.202677 0.027241 0.028456
0 0.073435 0.204985 0.097289 0.026918
0 0.301235 0.293429 0.022485 0.033070
0 0.341016 0.329960 0.082155 0.035378
0 0.416468 0.328806 0.069616 0.031532
0 0.476860 0.328037 0.049725 0.031532
0 0.527378 0.327653 0.050158 0.030763
0 0.603768 0.328037 0.102045 0.031532
0 0.701201 0.328422 0.091668 0.030763
0 0.367031 0.688350 0.136204 0.035378
5 0.673853 0.748797 0.037829 0.030805
0 0.647646 0.749202 0.014585 0.031615