5 0.513298 0.247249 0.086980 0.043887
0 0.633903 0.246884 0.032702 0.045388
5 0.317538 0.247064 0.085683 0.043516
5 0.489635 0.296016 0.040891 0.042672
3 0.080714 0.157252 0.128854 0.041786
0 0.634130 0.296096 0.032312 0.044508
0 0.558089 0.159300 0.103809 0.034606
0 0.662615 0.158439 0.077568 0.034417
0 0.443722 0.158861 0.093099 0.033635
5 0.294308 0.344867 0.040408 0.043301
5 0.286530 0.394256 0.023964 0.042669
0 0.216462 0.159073 0.112011 0.034879
3 0.741185 0.159149 0.051940 0.035328
5 0.294017 0.295598 0.040418 0.040162
0 0.367980 0.247159 0.017569 0.041807
1 0.015710 0.444032 0.012107 0.022831
0 0.335465 0.160516 0.020410 0.033100
0 0.300058 0.160338 0.019890 0.033482
0 0.371374 0.160477 0.016310 0.030825
0 0.168927 0.159431 0.015663 0.035525
0 0.019746 0.023020 0.017296 0.026092
0 0.025151 0.084990 0.016863 0.032616
0 0.062986 0.024651 0.050158 0.030985
0 0.111198 0.023835 0.027241 0.030985
0 0.149897 0.024243 0.032862 0.030169
0 0.197460 0.024651 0.042375 0.030985
0 0.244375 0.023428 0.029835 0.031800