3 0.112134 0.092241 0.144420 0.041946
0 0.283422 0.095781 0.019891 0.037310
0 0.248480 0.027074 0.074732 0.026640
0 0.257640 0.095561 0.021311 0.037581
0 0.224737 0.095334 0.021067 0.040218
0 0.180238 0.027902 0.030609 0.024481
0 0.137135 0.027171 0.027248 0.027300
5 0.240615 0.316832 0.094381 0.038883
0 0.058275 0.025146 0.105594 0.034645
0 0.322921 0.026740 0.047720 0.026124
0 0.309268 0.095733 0.020293 0.037931
0 0.561094 0.097394 0.025539 0.044117
0 0.045215 0.445086 0.063516 0.039853
0 0.341629 0.096120 0.020572 0.040027
0 0.200925 0.094418 0.021918 0.039754
0 0.020209 0.096100 0.021994 0.039726
0 0.032958 0.609836 0.016000 0.029495
0 0.426336 0.097225 0.022134 0.040106
0 0.535436 0.097639 0.024799 0.043353
5 0.219074 0.359615 0.051283 0.038229
0 0.024038 0.211813 0.021396 0.039370
0 0.294187 0.316738 0.017267 0.040604
0 0.373214 0.027230 0.028402 0.028383
0 0.366557 0.096518 0.020414 0.043409
0 0.392740 0.095683 0.019526 0.041740
0 0.452206 0.098187 0.021301 0.040070
0 0.477057 0.098605 0.021301 0.040905
0 0.502574 0.098605 0.020857 0.040905
0 0.593991 0.097352 0.020857 0.041740
0 0.618843 0.097352 0.020857 0.041740