5 0.239835 0.358811 0.109828 0.039334
3 0.111812 0.092416 0.143775 0.042296
5 0.205765 0.399776 0.043061 0.038297
0 0.283199 0.096189 0.020726 0.039309
0 0.257558 0.095885 0.021633 0.038622
0 0.256390 0.027120 0.075739 0.027480
0 0.225042 0.095643 0.021566 0.041447
0 0.185467 0.027171 0.039140 0.025953
0 0.426591 0.096329 0.023074 0.041124
0 0.452050 0.096943 0.022949 0.040954
0 0.309084 0.096188 0.020940 0.039604
0 0.331986 0.027402 0.051523 0.026197
0 0.561070 0.097249 0.025507 0.043715
0 0.393426 0.027484 0.044929 0.026006
5 0.205999 0.441784 0.043288 0.039565
0 0.341802 0.097142 0.022314 0.040642
0 0.135057 0.026927 0.030878 0.025812
0 0.535355 0.097552 0.024800 0.042781
0 0.092324 0.026878 0.026575 0.027603
0 0.477926 0.097892 0.021535 0.040928
0 0.020304 0.095767 0.021538 0.039143
0 0.200586 0.094594 0.022106 0.040816
0 0.034572 0.024107 0.059344 0.032568
0 0.502417 0.098205 0.022336 0.041296
0 0.394228 0.096059 0.023533 0.042910
0 0.445583 0.028565 0.030700 0.030095
0 0.619910 0.096076 0.024214 0.041483
0 0.593750 0.095263 0.022917 0.041483
0 0.302749 0.358259 0.015999 0.039856