3 0.111979 0.092532 0.145558 0.043787
5 0.603931 0.566307 0.178343 0.039412
5 0.545130 0.524737 0.060412 0.040348
5 0.299514 0.898652 0.042373 0.038194
5 0.299139 0.981807 0.043123 0.035874
5 0.299397 0.483773 0.042016 0.037761
5 0.299186 0.940318 0.042141 0.038045
0 0.217236 0.027608 0.044934 0.024802
0 0.283255 0.095538 0.020113 0.037177
5 0.621418 0.316495 0.024474 0.039498
0 0.122139 0.027382 0.027116 0.027052
5 0.536121 0.441784 0.042105 0.038056
0 0.257597 0.095635 0.020522 0.037150
5 0.298935 0.816208 0.042052 0.037481
5 0.299030 0.774457 0.041861 0.036596
0 0.048143 0.025643 0.091194 0.031889
5 0.290677 0.857133 0.024498 0.038185
0 0.165059 0.027713 0.031120 0.025524
5 0.523185 0.275228 0.219918 0.039789
0 0.022739 0.210618 0.022791 0.038568
0 0.278439 0.025365 0.045976 0.026192
1 0.287432 0.608929 0.013481 0.025507
0 0.349571 0.027138 0.074686 0.025668
5 0.527986 0.482980 0.025670 0.038838
1 0.344691 0.942002 0.012539 0.025215
1 0.344475 0.816333 0.012972 0.022775
0 0.225066 0.095135 0.022422 0.040633
1 0.344259 0.899706 0.013404 0.023588
1 0.344259 0.733149 0.011675 0.025381
5 0.307580 0.441340 0.058355 0.035228
1 0.344475 0.858223 0.013837 0.025215
1 0.288119 0.566876 0.012107 0.025993
0 0.308278 0.094975 0.020716 0.037034
1 0.287687 0.524597 0.012972 0.022775
5 0.388210 0.316018 0.051644 0.039323
5 0.536586 0.398909 0.042198 0.039141
5 0.159394 0.316331 0.034711 0.037045
0 0.423442 0.027465 0.044499 0.024945
0 0.560914 0.097875 0.025287 0.043864
0 0.020380 0.096429 0.021486 0.039812
0 0.200492 0.094078 0.021705 0.040083
5 0.163672 0.273996 0.043299 0.039028
0 0.252472 0.211731 0.020320 0.037549
1 0.343946 0.774986 0.013165 0.025757
0 0.619065 0.096935 0.023076 0.039235
0 0.593104 0.096935 0.020857 0.039235
0 0.534747 0.096518 0.023076 0.040070
0 0.502796 0.098605 0.023076 0.042575
0 0.476835 0.099022 0.020857 0.038401
0 0.452206 0.096935 0.021301 0.039235
0 0.475282 0.029317 0.030177 0.027548
0 0.424913 0.096935 0.022632 0.039235
0 0.392296 0.096935 0.020414 0.037566
0 0.367001 0.095683 0.023076 0.041740
0 0.341632 0.095265 0.024408 0.039235
5 0.299198 0.399525 0.042414 0.038451
5 0.286234 0.733188 0.017751 0.040070
0 0.303181 0.733367 0.015134 0.039043
1 0.344475 0.983892 0.014701 0.024402