5 0.676389 0.825150 0.158813 0.042056
5 0.816890 0.943158 0.125307 0.042243
5 0.676661 0.864538 0.158564 0.043171
5 0.816891 0.825295 0.125674 0.042184
5 0.817789 0.589870 0.124118 0.042018
5 0.816942 0.707654 0.125658 0.042007
5 0.816878 0.903890 0.125885 0.041960
5 0.676318 0.707338 0.159064 0.041764
5 0.816992 0.864355 0.126400 0.042657
5 0.676556 0.943069 0.159682 0.042514
5 0.816908 0.785851 0.125883 0.041945
5 0.560748 0.942883 0.074611 0.041297
5 0.676577 0.746711 0.158753 0.043039
5 0.676468 0.903515 0.159613 0.042253
5 0.938995 0.943238 0.122010 0.042879
3 0.112571 0.092731 0.144966 0.042514
5 0.817201 0.471855 0.125148 0.041387
5 0.676413 0.785458 0.159456 0.042244
5 0.816950 0.980474 0.124860 0.038252
5 0.938938 0.864529 0.122083 0.043053
5 0.938999 0.903853 0.121892 0.042283
5 0.939020 0.825189 0.121960 0.042151
5 0.816991 0.746603 0.126435 0.042546
5 0.939243 0.590064 0.121513 0.042581
5 0.816960 0.668246 0.125726 0.041639
5 0.817244 0.511291 0.125954 0.042093
5 0.939064 0.786261 0.121782 0.042334
5 0.816902 0.629193 0.125931 0.043229
5 0.938984 0.747023 0.122031 0.043094
5 0.938967 0.471838 0.122065 0.042000
5 0.939035 0.707564 0.121930 0.042167
5 0.939102 0.668564 0.121732 0.042257
5 0.676059 0.980343 0.159591 0.039314
5 0.817089 0.550282 0.125730 0.041534
5 0.939000 0.629297 0.121999 0.043160
5 0.283552 0.706691 0.066481 0.040773
5 0.283579 0.588804 0.065985 0.041164
5 0.939083 0.550442 0.121833 0.042065
5 0.938973 0.511418 0.122054 0.043112
5 0.675999 0.667686 0.157963 0.042192
5 0.283812 0.667363 0.066302 0.040913
5 0.560730 0.903629 0.074586 0.040909
5 0.561019 0.864412 0.074644 0.042235
5 0.560835 0.824845 0.074827 0.041129
5 0.561040 0.980266 0.074669 0.037776
5 0.283816 0.628206 0.066272 0.041360
5 0.283745 0.745830 0.066671 0.041509
1 0.560793 0.472676 0.013306 0.025215
5 0.283530 0.824474 0.066675 0.040837
5 0.283756 0.785112 0.066583 0.041225
5 0.676471 0.628748 0.159697 0.042438
5 0.560853 0.706917 0.074607 0.040495
5 0.938931 0.432736 0.122138 0.041926
3 0.816638 0.355432 0.125217 0.037428
5 0.420398 0.746442 0.210808 0.043602
5 0.420201 0.903621 0.210801 0.043543
5 0.283940 0.942417 0.065854 0.041227
1 0.560889 0.511681 0.013979 0.026766
5 0.420110 0.943030 0.209498 0.042956
5 0.420390 0.707044 0.210196 0.042300
5 0.938971 0.980358 0.122058 0.039284
5 0.420190 0.667530 0.210146 0.042739
5 0.419440 0.979909 0.209593 0.039851
5 0.283761 0.863733 0.066817 0.041879
5 0.938857 0.393881 0.122286 0.042228
5 0.560795 0.785544 0.074762 0.041214
5 0.283751 0.902751 0.066339 0.040843
5 0.284262 0.980012 0.065438 0.038125
5 0.560986 0.746472 0.074665 0.042077
0 0.258716 0.211565 0.020709 0.034696
5 0.560756 0.667574 0.074593 0.040828
5 0.420286 0.785283 0.210274 0.043118
5 0.420313 0.628747 0.210749 0.042600
5 0.816527 0.432934 0.123875 0.041344
1 0.561122 0.393678 0.014279 0.027556
5 0.420321 0.864226 0.210704 0.043773
1 0.561255 0.355497 0.013943 0.027516
5 0.420229 0.825155 0.210579 0.042960
0 0.229987 0.210375 0.022111 0.031166
0 0.283424 0.095818 0.019778 0.036990
0 0.222931 0.027221 0.055595 0.025614
5 0.938850 0.355986 0.122300 0.040945
5 0.560991 0.628733 0.074282 0.041623
0 0.200882 0.213043 0.021145 0.035479
3 0.817156 0.393476 0.123348 0.037565
5 0.560800 0.589261 0.074254 0.040327
0 0.166263 0.027090 0.030730 0.024479
0 0.257575 0.095602 0.020804 0.037195
0 0.172320 0.213110 0.021299 0.034924
0 0.123516 0.027210 0.026597 0.026983
1 0.560448 0.551555 0.013133 0.025175
0 0.286730 0.211750 0.019793 0.036917
0 0.224639 0.094774 0.022330 0.040711
3 0.676415 0.511291 0.158963 0.040618
0 0.049608 0.024875 0.090554 0.033692
3 0.675863 0.550245 0.157860 0.040838
5 0.419645 0.590135 0.208312 0.041169
0 0.308995 0.095487 0.019757 0.037191
0 0.020317 0.096352 0.021975 0.038866
0 0.288914 0.025555 0.046343 0.026391
0 0.346752 0.026790 0.046952 0.026163
1 0.560961 0.434040 0.012972 0.022775
3 0.675806 0.432413 0.159619 0.040229
5 0.676493 0.590030 0.159645 0.038733
0 0.200328 0.093742 0.021674 0.039956
0 0.561093 0.097849 0.025224 0.043594
0 0.396438 0.028482 0.029289 0.032557
0 0.618769 0.095265 0.022189 0.044244
0 0.594139 0.095265 0.021745 0.040905
0 0.534674 0.096935 0.022632 0.042575
0 0.502056 0.096100 0.022189 0.040905
0 0.478536 0.097770 0.024851 0.044244
0 0.451984 0.097352 0.020857 0.046749
0 0.427576 0.097770 0.023520 0.044244
0 0.392888 0.098605 0.020414 0.045914
0 0.368036 0.096935 0.020414 0.044244
0 0.341632 0.095683 0.022632 0.041740
0 0.023668 0.210050 0.022189 0.041740
0 0.315671 0.211719 0.020414 0.040070
0 0.344295 0.211302 0.020857 0.035896
0 0.374175 0.213389 0.021745 0.041740
0 0.436969 0.214641 0.102068 0.037566
3 0.676098 0.353014 0.158329 0.038772
3 0.675863 0.393988 0.157860 0.039653
3 0.675395 0.472853 0.156923 0.040534
4 0.088416 0.304822 0.087830 0.029079
4 0.131628 0.334561 0.175660 0.025113
4 0.131628 0.370910 0.175660 0.031722
4 0.064877 0.400649 0.042159 0.025113
4 0.137952 0.430389 0.163013 0.031722
4 0.142168 0.466076 0.153176 0.029079
5 0.419658 0.354792 0.209106 0.038973
5 0.420140 0.393765 0.209106 0.038973
5 0.419899 0.434097 0.207661 0.039879
5 0.419658 0.473070 0.208143 0.041692
5 0.419658 0.512043 0.208143 0.039879
5 0.420140 0.551470 0.209106 0.037160