3 0.080693 0.157823 0.130913 0.040215
0 0.169909 0.157534 0.019686 0.030362
4 0.109641 0.762142 0.106217 0.029241
4 0.105490 0.724898 0.098878 0.026907
4 0.137150 0.614981 0.163239 0.034100
0 0.419972 0.160245 0.016921 0.027672
3 0.471654 0.158434 0.051013 0.031497
0 0.205107 0.158640 0.019028 0.028681
0 0.276625 0.161060 0.020751 0.034128
0 0.959948 0.639074 0.080104 0.065642
0 0.241271 0.161488 0.021289 0.033662
0 0.313108 0.160987 0.020633 0.034179
4 0.085784 0.688878 0.060431 0.025979
4 0.077815 0.799405 0.042565 0.024149
0 0.348740 0.159747 0.019723 0.033463
4 0.122604 0.872141 0.135034 0.025440
4 0.079379 0.651569 0.048584 0.022895
0 0.384313 0.157683 0.018416 0.029691
4 0.158439 0.542479 0.205741 0.029983
0 0.019252 0.023120 0.024452 0.037045
4 0.072878 0.835467 0.032691 0.027216
4 0.073451 0.578062 0.034548 0.024587
0 0.957871 0.715972 0.084258 0.065435
0 0.956411 0.782547 0.087178 0.047761
4 0.134390 0.283467 0.157540 0.029290
4 0.100219 0.319869 0.086536 0.025105
4 0.111091 0.355854 0.111831 0.030126
4 0.152954 0.394628 0.192598 0.028453
4 0.155173 0.430612 0.198811 0.026779
4 0.198197 0.465890 0.284804 0.035334