5 0.544940 0.437850 0.060900 0.041317
3 0.111970 0.093654 0.143881 0.041928
5 0.603452 0.478633 0.177768 0.038331
1 0.344073 0.938269 0.014201 0.025044
0 0.217266 0.027616 0.044677 0.024501
1 0.344144 0.978896 0.013171 0.021705
5 0.536749 0.354777 0.042965 0.039435
1 0.344078 0.854512 0.014191 0.025044
0 0.283475 0.095648 0.019689 0.036964
5 0.528240 0.395634 0.025761 0.037051
0 0.048385 0.024415 0.090620 0.034184
5 0.299397 0.396996 0.042015 0.036976
0 0.122142 0.027442 0.027094 0.026732
0 0.022644 0.210757 0.023224 0.039002
5 0.298960 0.896925 0.042298 0.039192
1 0.344295 0.729292 0.014643 0.023374
0 0.165052 0.027770 0.031048 0.025138
1 0.287970 0.520878 0.014467 0.026572
0 0.350105 0.027104 0.074112 0.025429
1 0.287687 0.437565 0.014033 0.026294
0 0.257585 0.095758 0.020266 0.037286
5 0.299459 0.853955 0.042188 0.036731
1 0.344073 0.812354 0.013313 0.024209
5 0.299431 0.813125 0.042244 0.038550
1 0.344589 0.646177 0.014666 0.025977
1 0.288008 0.479178 0.014619 0.026624
0 0.278409 0.025361 0.045844 0.026100
5 0.536693 0.312319 0.042030 0.038316
5 0.286462 0.645792 0.016863 0.039043
1 0.344295 0.771867 0.013757 0.025044
0 0.020269 0.095813 0.021685 0.039166
0 0.225069 0.095081 0.022283 0.040616
5 0.286694 0.938436 0.017127 0.037621
0 0.309113 0.096612 0.019173 0.038784
5 0.299581 0.728892 0.042185 0.038712
0 0.423354 0.027449 0.044444 0.024787
5 0.291146 0.771518 0.025087 0.037146
1 0.344243 0.896530 0.014128 0.025044
1 0.344406 0.688526 0.014212 0.024209
5 0.299630 0.687203 0.041846 0.035645
5 0.298672 0.311516 0.042074 0.038538
5 0.286616 0.978693 0.017689 0.037488
0 0.198954 0.096722 0.021463 0.040374
0 0.340249 0.097203 0.022996 0.041335
0 0.367588 0.096722 0.021463 0.044219
0 0.392628 0.096722 0.020440 0.044219
0 0.475582 0.028471 0.030661 0.028838
0 0.425503 0.096722 0.021463 0.048064
0 0.451820 0.097684 0.020952 0.042296
0 0.477882 0.097684 0.019929 0.042296
0 0.502666 0.098645 0.022485 0.044219
0 0.534860 0.094800 0.023507 0.038451
0 0.561432 0.095761 0.024529 0.042296
0 0.593115 0.094800 0.021463 0.044219
0 0.619432 0.094800 0.021974 0.044219
0 0.252014 0.209993 0.021974 0.041335
0 0.328114 0.311438 0.017345 0.039879
5 0.307155 0.354490 0.060226 0.040786