5 0.155628 0.955617 0.126480 0.037197
3 0.112783 0.092009 0.144852 0.043110
5 0.155769 0.889451 0.126334 0.036317
0 0.257614 0.095417 0.021451 0.037638
0 0.283322 0.095364 0.020483 0.037509
0 0.218739 0.027098 0.075456 0.026927
5 0.156095 0.921730 0.126933 0.034870
0 0.224859 0.095100 0.021406 0.040591
0 0.043214 0.025908 0.074193 0.032003
5 0.155887 0.985934 0.126683 0.028132
0 0.561039 0.097119 0.025719 0.044470
5 0.281157 0.955807 0.126984 0.036144
0 0.150588 0.027031 0.030699 0.025115
0 0.309541 0.095401 0.020625 0.038490
0 0.107908 0.027164 0.026524 0.027537
0 0.292094 0.027225 0.044505 0.025682
0 0.143156 0.484378 0.018659 0.033129
5 0.407267 0.954610 0.125872 0.033620
5 0.406383 0.889387 0.127184 0.037005
5 0.531888 0.955698 0.125915 0.037346
5 0.155785 0.821230 0.126781 0.032502
0 0.020393 0.096378 0.022351 0.040238
0 0.261090 0.212009 0.019134 0.034496
5 0.531474 0.889837 0.126523 0.036082
5 0.280981 0.889728 0.127060 0.035648
0 0.535447 0.097386 0.024836 0.043438
5 0.156003 0.856302 0.127157 0.034469
0 0.426597 0.096369 0.022696 0.040686
0 0.341392 0.095495 0.021162 0.038244
0 0.200702 0.094221 0.022338 0.041158
0 0.452057 0.096993 0.022326 0.041036
0 0.109943 0.484891 0.026757 0.033852
5 0.281058 0.986261 0.126661 0.027478
0 0.477992 0.097690 0.021485 0.041905
0 0.502437 0.097996 0.022386 0.042278
5 0.405511 0.823146 0.126698 0.036263
5 0.530883 0.823355 0.125880 0.037712
0 0.680053 0.211086 0.022191 0.041639
0 0.343793 0.027891 0.030715 0.033988
0 0.393335 0.097296 0.019890 0.039043
0 0.366959 0.097703 0.021620 0.041483
0 0.593102 0.096076 0.022485 0.039856
0 0.619478 0.097296 0.021620 0.042296
0 0.714461 0.211984 0.020755 0.043923
0 0.020034 0.400013 0.024214 0.039856
0 0.018305 0.484199 0.020755 0.034162
0 0.044465 0.483792 0.028106 0.034976
0 0.073867 0.483792 0.028106 0.034976
5 0.050742 0.556955 0.084773 0.032580
5 0.156480 0.557384 0.126703 0.033437
5 0.156480 0.592107 0.124880 0.036009
5 0.156936 0.624257 0.125792 0.031722
5 0.156252 0.658552 0.126248 0.035152
5 0.156024 0.691989 0.125792 0.031722
5 0.156024 0.723711 0.125792 0.035152
5 0.156455 0.756549 0.125827 0.033349
5 0.156023 0.788678 0.125827 0.030909
5 0.281201 0.559844 0.124530 0.034162
5 0.281633 0.593193 0.125395 0.034162
5 0.281849 0.625729 0.125827 0.034162
5 0.281201 0.658264 0.124530 0.034162
5 0.281201 0.690800 0.125395 0.030909
5 0.281633 0.722929 0.125395 0.033349
5 0.282066 0.757091 0.124530 0.031722
5 0.281849 0.790576 0.124962 0.034162
5 0.280985 0.823925 0.124097 0.032536
5 0.281633 0.856460 0.123665 0.032536
5 0.281849 0.921532 0.124097 0.029282
5 0.407028 0.559573 0.125395 0.034162
5 0.406812 0.592922 0.124962 0.032536
5 0.406812 0.625864 0.124962 0.031722
5 0.406163 0.658400 0.125395 0.033349
5 0.406812 0.691749 0.125827 0.033349
5 0.406163 0.724962 0.125395 0.034162
5 0.406595 0.758311 0.126259 0.032536
5 0.406379 0.789627 0.124962 0.033349
5 0.406163 0.856325 0.125395 0.031722
5 0.406163 0.923836 0.125395 0.033349
5 0.406595 0.985710 0.124530 0.028580
5 0.531990 0.558760 0.124530 0.032536
5 0.531774 0.593735 0.124097 0.034162
5 0.531774 0.625051 0.124962 0.033349
5 0.531341 0.659213 0.124962 0.031722
5 0.531341 0.690529 0.125827 0.032536
5 0.531125 0.723878 0.125395 0.034162
5 0.531990 0.756820 0.124530 0.033349
5 0.531558 0.789763 0.125395 0.032536
5 0.531341 0.856867 0.125827 0.030095
5 0.531774 0.921125 0.124097 0.030095
5 0.531990 0.986388 0.124530 0.027224