0 0.9303962460896767 0.014749262536873156 0.01251303441084463 0.024582104228121928
0 0.9457768508863399 0.014749262536873156 0.01251303441084463 0.025565388397246803
0 0.9601147028154328 0.015732546705998034 0.013555787278415016 0.025565388397246803
3 0.09436913451511991 0.0776794493608653 0.11678832116788321 0.0344149459193707
0 0.18013555787278415 0.07620452310717797 0.01616266944734098 0.02654867256637168
0 0.20385818561001043 0.07817109144542773 0.01616266944734098 0.02654867256637168
0 0.2208029197080292 0.07718780727630285 0.014077163712200209 0.02753195673549656
0 0.23748696558915536 0.07718780727630285 0.014077163712200209 0.02654867256637168
0 0.3193430656934307 0.07620452310717797 0.014077163712200209 0.02359882005899705
0 0.3368091762252346 0.07571288102261553 0.014077163712200209 0.02261553588987217
0 0.354014598540146 0.07718780727630285 0.014077163712200209 0.02654867256637168
0 0.37017726798748696 0.07718780727630285 0.014077163712200209 0.02359882005899705
0 0.3944212721584984 0.07620452310717797 0.014077163712200209 0.02654867256637168
0 0.410844629822732 0.07571288102261553 0.014077163712200209 0.02753195673549656
0 0.4348279457768509 0.07718780727630285 0.013555787278415016 0.024582104228121928
0 0.45177267987486963 0.07620452310717797 0.013555787278415016 0.02654867256637168
0 0.041449426485922834 0.18092428711897737 0.048488008342022944 0.025565388397246803
0 0.11861313868613138 0.18190757128810225 0.08237747653806048 0.025565388397246803
0 0.1900417101147028 0.18141592920353983 0.03388946819603754 0.02654867256637168
0 0.24582898852971846 0.1823992133726647 0.05265901981230448 0.02654867256637168
0 0.3021376433785193 0.1823992133726647 0.03388946819603754 0.025565388397246803
0 0.3733055265901981 0.1823992133726647 0.07924921793534932 0.02654867256637168
3 0.24713242961418144 0.2335299901671583 0.15693430656934307 0.03343166175024582
5 0.18925964546402502 0.3333333333333333 0.12304483837330553 0.03343166175024582
5 0.18613138686131386 0.4336283185840708 0.11626694473409802 0.03343166175024582
5 0.18613138686131386 0.46804326450344147 0.11574556830031282 0.03048180924287119
5 0.18639207507820646 0.5009832841691249 0.11522419186652763 0.03146509341199607
1 0.3454118873826903 0.3338249754178958 0.015119916579770595 0.032448377581120944
1 0.34462982273201254 0.4670599803343166 0.010948905109489052 0.021632251720747297
5 0.3965067778936392 0.3672566371681416 0.11678832116788321 0.03343166175024582
3 0.3420229405630866 0.5009832841691249 0.15693430656934307 0.03343166175024582
5 0.4869655891553702 0.7654867256637168 0.03388946819603754 0.03638151425762045
5 0.4869655891553702 0.8584070796460177 0.03388946819603754 0.028515240904621434
5 0.5696037539103233 0.7659783677482792 0.0740354535974974 0.035398230088495575
5 0.48670490093847757 0.7964601769911505 0.03441084462982273 0.03736479842674533
5 0.48722627737226276 0.828416912487709 0.03336809176225235 0.03638151425762045
5 0.5698644421272159 0.7964601769911505 0.07455683003128259 0.035398230088495575
5 0.5693430656934306 0.828416912487709 0.07455683003128259 0.03638151425762045
5 0.5696037539103233 0.8579154375614553 0.07507820646506778 0.035398230088495575
3 0.22575599582898853 0.7659783677482792 0.05265901981230448 0.035398230088495575
3 0.22601668404588113 0.7964601769911505 0.053180396246089674 0.03343166175024582
3 0.22601668404588113 0.8279252704031466 0.053180396246089674 0.0344149459193707
3 0.22575599582898853 0.8593903638151426 0.053701772679874867 0.03343166175024582
0 0.023201251303441084 0.9360865290068829 0.020855057351407715 0.03736479842674533
0 0.05057351407716371 0.9370698131760079 0.01981230448383733 0.03343166175024582
0 0.07116788321167883 0.9355948869223205 0.01929092805005214 0.0344149459193707
0 0.09124087591240876 0.9360865290068829 0.021897810218978103 0.03343166175024582
0 0.11861313868613138 0.9351032448377581 0.020333680917622523 0.035398230088495575
0 0.1488529718456726 0.9365781710914455 0.03962460896767466 0.03638151425762045
0 0.17961418143899896 0.9351032448377581 0.020333680917622523 0.03638151425762045
0 0.2129822732012513 0.9365781710914455 0.02137643378519291 0.03638151425762045
0 0.2340980187695516 0.9355948869223205 0.020855057351407715 0.03638151425762045
0 0.2885818561001043 0.9360865290068829 0.021897810218978103 0.03343166175024582
0 0.26720542231491134 0.9351032448377581 0.020855057351407715 0.035398230088495575