5 0.260163 0.405335 0.123517 0.040127
5 0.733288 0.497073 0.034774 0.039945
5 0.721858 0.739564 0.032757 0.039831
3 0.985213 0.091501 0.026833 0.037554
5 0.215424 0.450587 0.032873 0.039737
5 0.733449 0.449550 0.033824 0.038902
0 0.973960 0.976430 0.052079 0.037981
0 0.060807 0.090295 0.090587 0.030805
5 0.215561 0.628392 0.031302 0.045110
5 0.250665 0.292013 0.127904 0.041357
3 0.406179 0.091209 0.095058 0.032441
5 0.215843 0.497994 0.033359 0.039263
5 0.245081 0.739418 0.046334 0.038887
5 0.203687 0.739074 0.033062 0.037176
3 0.280083 0.090782 0.128239 0.033737
0 0.059215 0.839559 0.029000 0.036682
0 0.350170 0.880639 0.016688 0.033073
5 0.735408 0.542040 0.039070 0.039401
0 0.019029 0.977459 0.024492 0.033806
5 0.786037 0.880651 0.162686 0.043842
0 0.027295 0.840265 0.031932 0.038092
5 0.750804 0.924663 0.089712 0.039226
0 0.260373 0.739254 0.015218 0.036618
0 0.159705 0.089784 0.081856 0.031624
5 0.335929 0.878015 0.047272 0.041086
0 0.241274 0.838304 0.013618 0.034709
5 0.294239 0.882002 0.031445 0.041080
5 0.293605 0.926437 0.029523 0.041201
0 0.263948 0.842517 0.014355 0.029848
1 0.193273 0.787156 0.011804 0.027489