0 0.045991 0.874783 0.023104 0.041762
0 0.069334 0.874358 0.023793 0.042125
0 0.372507 0.874868 0.024062 0.042867
0 0.023929 0.319160 0.025323 0.042114
0 0.069638 0.219121 0.023574 0.043731
0 0.578570 0.218469 0.023839 0.042390
0 0.282246 0.218967 0.024040 0.043005
0 0.258356 0.218793 0.020896 0.041332
0 0.903122 0.972811 0.080394 0.040988
3 0.218062 0.100081 0.039619 0.031765
0 0.974923 0.973156 0.049524 0.037514
0 0.555020 0.218404 0.022569 0.040657
0 0.531321 0.219121 0.023380 0.042518
0 0.045720 0.218949 0.023724 0.042743
0 0.977001 0.100255 0.045998 0.033334
0 0.352744 0.218943 0.109576 0.046276
5 0.167238 0.218752 0.160949 0.046152
0 0.055877 0.100402 0.086701 0.034251
5 0.342304 0.876224 0.039455 0.045177
5 0.266101 0.673621 0.148094 0.046896
5 0.349156 0.371779 0.316303 0.051703
0 0.915167 0.100808 0.063724 0.034639
0 0.073973 0.323559 0.033792 0.039533
5 0.676978 0.371879 0.318402 0.052447
0 0.461084 0.218489 0.107425 0.046056
3 0.149755 0.100429 0.083551 0.034433
0 0.122581 0.320842 0.024682 0.035114