0 0.259722 0.090021 0.017377 0.030124
0 0.915931 0.091163 0.016703 0.029792
0 0.939223 0.091777 0.015177 0.029526
0 0.164732 0.089531 0.016029 0.030257
0 0.188779 0.089595 0.017680 0.030802
0 0.977633 0.091110 0.044371 0.033585
0 0.237005 0.089673 0.016188 0.029957
0 0.393379 0.090996 0.077031 0.030606
0 0.094344 0.090969 0.017116 0.026750
0 0.142022 0.090638 0.016323 0.028582
0 0.118067 0.091775 0.016276 0.026454
0 0.311902 0.091918 0.071437 0.031878
0 0.474990 0.090264 0.071752 0.031019
0 0.212712 0.089410 0.015786 0.030520
0 0.892111 0.090817 0.016821 0.029908
3 0.626282 0.089993 0.036539 0.029613
0 0.559018 0.090680 0.082824 0.030586
0 0.070118 0.090510 0.014519 0.027915
1 0.026843 0.517516 0.015531 0.027777
1 0.026029 0.746865 0.014804 0.029320
0 0.047687 0.089754 0.014950 0.026969
1 0.026088 0.787783 0.012972 0.028574
1 0.026364 0.478540 0.015594 0.029678
0 0.022816 0.088993 0.017521 0.027161
1 0.026487 0.362571 0.012775 0.027437
1 0.026520 0.631967 0.012107 0.027681
1 0.026088 0.902375 0.012107 0.028574