5 0.163325 0.466574 0.018737 0.036553
5 0.377736 0.597256 0.031777 0.038929
5 0.208089 0.899382 0.109491 0.036791
5 0.396308 0.552247 0.068568 0.037285
5 0.169412 0.726237 0.031109 0.039113
5 0.374244 0.466202 0.026133 0.037248
5 0.398630 0.856206 0.025470 0.037784
5 0.211058 0.251510 0.248360 0.037012
5 0.166764 0.381485 0.024652 0.038698
5 0.163575 0.552848 0.019168 0.034571
0 0.226975 0.088773 0.081816 0.029535
5 0.209373 0.857045 0.108151 0.038657
5 0.211268 0.425942 0.115559 0.036203
3 0.455029 0.088731 0.067265 0.038100
5 0.211337 0.510649 0.115697 0.041115
0 0.086549 0.164916 0.092750 0.043181
5 0.392224 0.424967 0.060571 0.035442
0 0.048579 0.088463 0.051614 0.029478
5 0.210738 0.209719 0.247127 0.038111
0 0.392259 0.087900 0.050049 0.029393
5 0.391830 0.381925 0.058958 0.039225
0 0.317671 0.088946 0.088708 0.030830
0 0.130140 0.087978 0.099402 0.031453
0 0.966207 0.088764 0.042237 0.037517
0 0.956104 0.981911 0.058631 0.036177
3 0.511535 0.089702 0.035235 0.032156
1 0.162154 0.596599 0.011711 0.026437
4 0.460677 0.226911 0.067619 0.026879
3 0.476717 0.269529 0.099591 0.026547
4 0.472146 0.182476 0.093068 0.030960
3 0.476727 0.397424 0.100509 0.026826
4 0.441557 0.312456 0.028136 0.025930
3 0.478452 0.355558 0.100806 0.024597
4 0.472820 0.443796 0.096808 0.028900
3 0.477562 0.141533 0.098838 0.030667