0 0.481865 0.175309 0.021229 0.041906
5 0.173394 0.266102 0.092253 0.040834
0 0.297023 0.268838 0.120141 0.042056
0 0.461072 0.175440 0.020464 0.038781
0 0.065782 0.358081 0.052875 0.039219
0 0.974507 0.095043 0.043544 0.034121
0 0.398978 0.174544 0.021320 0.037154
0 0.440775 0.174952 0.019983 0.038653
0 0.420938 0.174779 0.019029 0.037813
0 0.076241 0.095834 0.115843 0.032136
0 0.348070 0.176066 0.017925 0.036008
5 0.234360 0.177198 0.210717 0.038929
3 0.159068 0.096869 0.033120 0.032074
4 0.271903 0.217106 0.287834 0.047160
0 0.935478 0.098517 0.020890 0.034455
0 0.139426 0.357031 0.061894 0.036621