0 0.482891 0.165300 0.022391 0.037830
0 0.461575 0.165472 0.020247 0.036221
0 0.442242 0.165317 0.019902 0.036019
0 0.421771 0.165022 0.022456 0.037461
0 0.400744 0.164784 0.021223 0.037525
0 0.298550 0.262177 0.118473 0.038902
5 0.175844 0.261714 0.090156 0.043533
0 0.350241 0.168321 0.015865 0.039515
5 0.238085 0.168663 0.211768 0.037348
0 0.972883 0.083766 0.042882 0.030222
5 0.175341 0.212079 0.089175 0.036885
0 0.934860 0.083598 0.017508 0.031162
3 0.243748 0.083082 0.035644 0.027788
0 0.068300 0.349981 0.051630 0.039440
3 0.181568 0.083849 0.073806 0.028377
0 0.079458 0.083261 0.114568 0.029597
0 0.139941 0.348208 0.063748 0.035737