0 0.447482 0.185034 0.022213 0.038370
0 0.469174 0.184897 0.021912 0.040587
0 0.426294 0.185109 0.020734 0.036793
0 0.385209 0.184543 0.020879 0.038089
0 0.405820 0.185284 0.019782 0.036954
5 0.219537 0.186241 0.134807 0.044427
5 0.197090 0.280926 0.091185 0.038709
5 0.167154 0.232714 0.028210 0.042296
0 0.049911 0.099430 0.079610 0.030405
0 0.315407 0.329563 0.133978 0.042537
0 0.971936 0.100871 0.045705 0.037209
0 0.054489 0.426305 0.054214 0.040818
0 0.140134 0.098862 0.086726 0.030144
5 0.191433 0.328412 0.078878 0.037021
0 0.208010 0.099304 0.034862 0.029534
0 0.177188 0.423062 0.033404 0.031040
0 0.121431 0.427631 0.046266 0.034495
0 0.230611 0.426699 0.031997 0.034495