0 0.961850 0.218898 0.043397 0.039519
3 0.061166 0.093047 0.087774 0.035528
5 0.543814 0.218131 0.142124 0.041883
0 0.578103 0.611267 0.048465 0.039143
0 0.515137 0.267263 0.019962 0.032856
0 0.632811 0.608898 0.048615 0.033083
0 0.731235 0.309850 0.015540 0.029800
0 0.537218 0.308127 0.038416 0.027192
0 0.703642 0.456347 0.024819 0.039513
0 0.587901 0.307191 0.039194 0.030593
0 0.686920 0.608169 0.039147 0.029076
3 0.392471 0.219065 0.141826 0.041043
5 0.089001 0.218066 0.142258 0.039938
3 0.241644 0.219015 0.142273 0.041726
0 0.494935 0.262918 0.017291 0.029529
0 0.758326 0.309589 0.016418 0.031221
0 0.790690 0.311005 0.015920 0.030184
0 0.805414 0.215137 0.047213 0.031818
3 0.697597 0.218640 0.142690 0.042099
0 0.885618 0.216346 0.095283 0.042712
0 0.943318 0.084067 0.095811 0.028780
0 0.665700 0.306481 0.091677 0.037960
0 0.977975 0.310220 0.017979 0.029709
1 0.030196 0.360118 0.011675 0.028138
0 0.605207 0.219422 0.019310 0.036208