0 0.632549 0.651081 0.047922 0.034283
3 0.060445 0.101247 0.089154 0.037383
0 0.577843 0.650975 0.046302 0.037551
0 0.961202 0.224045 0.043322 0.040533
0 0.494888 0.266713 0.018920 0.032325
0 0.687806 0.650066 0.041760 0.035486
0 0.514719 0.266723 0.018422 0.034454
5 0.543479 0.224701 0.140608 0.041989
0 0.730278 0.313338 0.014777 0.026851
0 0.942706 0.092061 0.095585 0.028301
1 0.030103 0.411006 0.012869 0.025652
0 0.803514 0.220812 0.046637 0.030451
0 0.757427 0.314276 0.017314 0.027521
3 0.697007 0.224528 0.142375 0.042070
5 0.088669 0.224167 0.142459 0.040170
0 0.883511 0.222410 0.093478 0.042171
1 0.029881 0.364741 0.013313 0.028401
3 0.392326 0.224571 0.142690 0.042725
0 0.604846 0.225849 0.016105 0.034424
5 0.369373 0.592951 0.135314 0.044977
0 0.790485 0.315478 0.016440 0.030602
3 0.240985 0.224804 0.141531 0.041698
0 0.701437 0.417390 0.013009 0.029841
0 0.704087 0.526308 0.015418 0.032825
0 0.702642 0.595935 0.015418 0.032825