0 0.060033 0.910239 0.025273 0.034810
0 0.253962 0.910261 0.025667 0.036421
0 0.027729 0.910132 0.027696 0.036182
5 0.198107 0.302376 0.090242 0.032071
0 0.278565 0.910563 0.026544 0.033890
0 0.343938 0.910444 0.024838 0.036297
0 0.109662 0.910780 0.024545 0.033360
0 0.318909 0.910950 0.025404 0.034665
0 0.215091 0.910128 0.027176 0.034135
0 0.139725 0.910286 0.024577 0.034462
0 0.176835 0.909800 0.048808 0.034569
5 0.380508 0.302642 0.049293 0.033051
0 0.084837 0.910377 0.024054 0.033353
5 0.704948 0.336321 0.260590 0.033171
0 0.327343 0.620079 0.132352 0.036150
0 0.474229 0.619563 0.131664 0.037183
5 0.716494 0.437371 0.238136 0.033051
0 0.263993 0.077886 0.018677 0.028951
0 0.071690 0.237329 0.068813 0.031428
0 0.200356 0.236653 0.069580 0.033196
0 0.332994 0.181837 0.115724 0.027738
0 0.284521 0.077283 0.018230 0.029896
3 0.112499 0.078545 0.139922 0.033429
0 0.231619 0.181091 0.064158 0.024004
0 0.048154 0.181179 0.064177 0.028067
0 0.490921 0.076910 0.021238 0.031288
0 0.401311 0.074745 0.019149 0.027059
0 0.241526 0.076415 0.021894 0.031195
0 0.137310 0.237457 0.056280 0.031186
0 0.310829 0.076303 0.024007 0.031997
0 0.140036 0.182295 0.094422 0.029000
0 0.424654 0.181085 0.042410 0.027279
0 0.215557 0.076168 0.019613 0.031064
0 0.519010 0.077451 0.021658 0.029789
0 0.332968 0.076408 0.015915 0.032056
5 0.198408 0.336189 0.090843 0.030022
0 0.379279 0.074889 0.022478 0.028851
0 0.352594 0.076421 0.021274 0.031634
0 0.469440 0.076756 0.020540 0.030594
0 0.507089 0.183163 0.096870 0.028347
0 0.540249 0.077137 0.019162 0.028785
0 0.422700 0.074980 0.018136 0.026925
1 0.951629 0.734143 0.014269 0.022034
0 0.443481 0.075596 0.018767 0.027992
5 0.197832 0.369857 0.089929 0.030586
1 0.951969 0.703502 0.014949 0.024100
5 0.182551 0.404069 0.058607 0.030786
0 0.196040 0.075478 0.018647 0.026904
1 0.951629 0.766850 0.013404 0.021346
1 0.050795 0.767183 0.030552 0.029997
5 0.182574 0.437675 0.057749 0.031933
1 0.051113 0.735925 0.030058 0.030608
1 0.051142 0.798294 0.029931 0.030978
1 0.951740 0.798868 0.012760 0.020657
1 0.050468 0.828827 0.030220 0.030402
1 0.051293 0.672107 0.027403 0.033639
1 0.051815 0.703387 0.028970 0.031674
1 0.951846 0.671139 0.012972 0.019968
1 0.951846 0.828476 0.012972 0.019280