4 0.107814 0.417719 0.206460 0.039273
0 0.458667 0.404826 0.026655 0.045127
0 0.167008 0.114699 0.089191 0.044925
0 0.256467 0.115255 0.090988 0.043734
4 0.077841 0.467181 0.150250 0.036110
0 0.079751 0.115543 0.089510 0.046612
0 0.458081 0.764000 0.025650 0.043016
5 0.900379 0.115601 0.169178 0.046729
0 0.972325 0.111564 0.019751 0.041623
4 0.106331 0.366923 0.204468 0.038806
4 0.079136 0.518894 0.152384 0.036077
4 0.107261 0.266025 0.203309 0.037652
4 0.062352 0.570074 0.120817 0.035526
4 0.106799 0.314930 0.204929 0.041438
4 0.039002 0.671171 0.075209 0.033596
4 0.045736 0.619796 0.089454 0.034211
4 0.046859 0.721267 0.086988 0.029010
4 0.046258 0.823000 0.088613 0.035383
4 0.036800 0.925015 0.071255 0.031925
4 0.066165 0.214130 0.126868 0.035430
4 0.058348 0.771295 0.109841 0.035173
4 0.051655 0.874410 0.095841 0.032123
4 0.334380 0.534271 0.184359 0.042347
4 0.081138 0.977104 0.161113 0.038399
4 0.342634 0.628192 0.107923 0.039853