0 0.548563 0.261944 0.020235 0.039832
0 0.257458 0.263032 0.112331 0.039843
0 0.181177 0.261824 0.021239 0.039252
0 0.906081 0.977286 0.066876 0.040913
0 0.108429 0.262210 0.020414 0.040112
3 0.226018 0.090210 0.035057 0.028417
0 0.157715 0.261928 0.021355 0.039227
0 0.422547 0.262440 0.111387 0.040459
0 0.133913 0.261904 0.019905 0.038612
0 0.738085 0.171045 0.023989 0.041221
0 0.505845 0.260945 0.047541 0.038666
0 0.049241 0.089322 0.086828 0.030006
3 0.566783 0.261786 0.016992 0.039303
0 0.973084 0.978076 0.053832 0.034572
0 0.340585 0.261839 0.047757 0.039257
0 0.874541 0.171155 0.155637 0.041375
0 0.978627 0.088853 0.042324 0.033385
0 0.962410 0.170552 0.022352 0.040546
0 0.015477 0.261981 0.019492 0.040057
0 0.039924 0.262289 0.020755 0.040922
5 0.647373 0.171604 0.134502 0.040475
0 0.150692 0.089682 0.103083 0.031317
3 0.080056 0.263346 0.017809 0.041625
3 0.499546 0.172089 0.161838 0.041328
3 0.198828 0.172054 0.233088 0.039576
0 0.063164 0.262898 0.017751 0.041375