0 0.794222 0.328294 0.022161 0.041748
0 0.973724 0.099050 0.047951 0.035861
0 0.701272 0.972830 0.063280 0.043302
0 0.913488 0.970695 0.048251 0.031397
0 0.770032 0.972393 0.062076 0.030308
0 0.844191 0.971976 0.073127 0.030259
3 0.215566 0.098725 0.039332 0.031434
5 0.620504 0.428166 0.037394 0.041809
5 0.228374 0.783064 0.136493 0.042159
0 0.911467 0.099293 0.061479 0.037352
3 0.145861 0.098263 0.083096 0.032880
5 0.377560 0.378405 0.035567 0.039440
0 0.053397 0.098444 0.087530 0.034632
5 0.241426 0.379716 0.236984 0.045372
5 0.628180 0.279537 0.313168 0.045465
5 0.312728 0.782690 0.032537 0.043212
0 0.445607 0.328250 0.021223 0.041719
5 0.726687 0.379578 0.036896 0.042127
5 0.589468 0.380015 0.236036 0.044822
5 0.270621 0.430864 0.037660 0.044404
5 0.278742 0.278549 0.311808 0.043371
5 0.627463 0.330170 0.309850 0.047063
0 0.076708 0.180446 0.044272 0.046128
0 0.970134 0.969856 0.049118 0.031922
5 0.187420 0.430902 0.128604 0.042415
5 0.535429 0.430359 0.129045 0.043578
5 0.278749 0.328632 0.313117 0.042338
5 0.131016 0.581057 0.017296 0.043259