5 0.197672 0.335730 0.038714 0.045092
5 0.220045 0.235789 0.086576 0.040418
5 0.197601 0.589124 0.038665 0.047400
5 0.194930 0.387408 0.033016 0.046258
0 0.969464 0.973001 0.050361 0.044216
5 0.293833 0.491228 0.054577 0.044304
5 0.335075 0.438797 0.311108 0.050506
5 0.194501 0.285997 0.032130 0.041423
5 0.219543 0.540002 0.083853 0.042849
5 0.318374 0.540813 0.087675 0.042210
1 0.300762 0.793492 0.014756 0.032063
5 0.220637 0.490636 0.086647 0.046547
0 0.970500 0.099703 0.051516 0.040045
1 0.625319 0.792483 0.013948 0.032184
1 0.474224 0.793124 0.014640 0.033466
3 0.033359 0.101682 0.040021 0.036856
5 0.195598 0.188147 0.032924 0.042198
1 0.300986 0.742498 0.014308 0.033585
0 0.222818 0.188134 0.022090 0.042128
1 0.625394 0.742831 0.013797 0.035058
1 0.474645 0.743794 0.013797 0.030994