3 0.549277 0.912607 0.311997 0.045536
1 0.320470 0.691671 0.020504 0.037112
0 0.043001 0.349861 0.022056 0.048878
1 0.320690 0.651291 0.020713 0.037617
0 0.068975 0.348942 0.023018 0.050716
0 0.134109 0.349489 0.020458 0.047379
0 0.183171 0.349349 0.022149 0.049903
0 0.533584 0.805536 0.022517 0.042115
0 0.405685 0.806132 0.023996 0.041529
0 0.556166 0.805803 0.021042 0.040911
0 0.579160 0.807222 0.018975 0.038896
0 0.102347 0.351298 0.024998 0.048248
0 0.758747 0.907022 0.023882 0.041978
1 0.908235 0.652055 0.020510 0.036671
0 0.623545 0.806712 0.022622 0.042669
1 0.298893 0.692220 0.014918 0.027619
0 0.792398 0.810084 0.121621 0.043098
0 0.893014 0.981212 0.068464 0.031196
3 0.153288 0.350077 0.018043 0.048447
1 0.321184 0.732359 0.019395 0.036593
0 0.376521 0.809693 0.022919 0.047446
0 0.734947 0.908014 0.022780 0.041055
0 0.930819 0.103117 0.018098 0.034194
3 0.013805 0.349359 0.027014 0.047638
0 0.411836 0.102913 0.046287 0.030275
0 0.481022 0.805546 0.023447 0.042228
0 0.600321 0.807487 0.021174 0.040696
0 0.504954 0.805599 0.022894 0.041927
0 0.278540 0.912181 0.022260 0.047644
0 0.300481 0.808521 0.024992 0.049790
0 0.428348 0.806409 0.019646 0.039878
0 0.451189 0.806835 0.022369 0.040636
0 0.972638 0.103380 0.048185 0.034221
1 0.907848 0.691723 0.020890 0.036065
1 0.299866 0.653823 0.015566 0.028159
0 0.215648 0.104687 0.029555 0.031200
0 0.354853 0.104462 0.048183 0.033805
1 0.907977 0.731532 0.020569 0.034091
0 0.283198 0.104900 0.088827 0.034537
0 0.966037 0.984546 0.063012 0.030908
0 0.644627 0.104198 0.025593 0.030114
1 0.300839 0.734598 0.013620 0.029517
0 0.277862 0.551087 0.023040 0.038186
3 0.550987 0.298188 0.121438 0.046004
0 0.906584 0.103798 0.018192 0.036065
0 0.505500 0.105038 0.119191 0.032901
1 0.007475 0.781357 0.014950 0.035667
0 0.806563 0.103295 0.041271 0.034225
1 0.007413 0.741519 0.014825 0.035573
1 0.007489 0.701552 0.014978 0.035866
1 0.007364 0.821203 0.014728 0.034939
0 0.599037 0.104732 0.050405 0.031607
3 0.806639 0.102941 0.042038 0.035784
5 0.394719 0.692422 0.044154 0.039659
0 0.106517 0.106159 0.168838 0.039105
1 0.007440 0.661586 0.014879 0.035743
1 0.007563 0.859883 0.015072 0.034939
5 0.805264 0.694715 0.123665 0.047866
1 0.007560 0.622010 0.015119 0.036039
5 0.536326 0.652935 0.138919 0.041655
5 0.968017 0.652774 0.062323 0.041333
5 0.353360 0.692547 0.042126 0.040051
0 0.722347 0.105454 0.114422 0.032811
5 0.535839 0.692499 0.142462 0.043070
0 0.330104 0.808525 0.023414 0.039614
5 0.804946 0.652998 0.122571 0.041782
0 0.353630 0.808244 0.023488 0.039313
5 0.454444 0.691657 0.023793 0.037428
5 0.968212 0.693128 0.063576 0.040666
5 0.453541 0.650751 0.023401 0.044275
1 0.007579 0.581557 0.015158 0.035772
5 0.872982 0.555334 0.254035 0.054580
5 0.394279 0.652212 0.044124 0.041542
5 0.428553 0.651341 0.026162 0.043782
3 0.497289 0.554509 0.175900 0.047446
5 0.968301 0.732363 0.062890 0.042798
5 0.394870 0.731778 0.043560 0.040243
0 0.007551 0.462486 0.015102 0.033049
5 0.881726 0.733737 0.031565 0.045316
5 0.428426 0.691882 0.025620 0.037812
5 0.352402 0.654934 0.041510 0.041429
5 0.352402 0.732959 0.040213 0.048334
5 0.428936 0.733839 0.026808 0.043271
5 0.454447 0.734760 0.024214 0.045112
5 0.535665 0.735220 0.141393 0.044191
5 0.674680 0.655124 0.140096 0.042350
5 0.674680 0.696093 0.140096 0.043271
5 0.674897 0.735681 0.140528 0.043271
5 0.805696 0.734760 0.121935 0.043271
5 0.881293 0.655124 0.030700 0.042350
5 0.881293 0.695172 0.031565 0.037747
5 0.928640 0.656044 0.017296 0.044191
5 0.927559 0.694251 0.017728 0.043271
5 0.927559 0.735220 0.017728 0.040509