0 0.408696 0.965897 0.024563 0.037922
0 0.979689 0.089900 0.024489 0.037024
5 0.902198 0.089022 0.129297 0.040264
0 0.430150 0.101077 0.080286 0.043555
0 0.509497 0.101962 0.077964 0.039471
4 0.093519 0.285751 0.179818 0.034336
4 0.095019 0.332615 0.183124 0.033588
4 0.074421 0.853852 0.139768 0.032297
0 0.407909 0.657789 0.023738 0.043058
0 0.408060 0.350643 0.023437 0.042509
4 0.074434 0.418016 0.144065 0.030874
4 0.035873 0.593086 0.067650 0.029027
4 0.071908 0.461782 0.138182 0.033269
4 0.250456 0.463327 0.061930 0.032560
4 0.041520 0.722479 0.079067 0.029351
4 0.044449 0.769836 0.085626 0.027865
4 0.065267 0.898903 0.126186 0.031999
4 0.097208 0.375873 0.183266 0.030483
4 0.053544 0.942456 0.104039 0.029652
4 0.094793 0.241913 0.182622 0.034346
4 0.293412 0.773053 0.151233 0.035534
4 0.046121 0.548143 0.087338 0.030221
0 0.588707 0.101460 0.081721 0.041478
4 0.051380 0.679786 0.100911 0.033784
4 0.041136 0.637038 0.079317 0.028859
4 0.057734 0.505242 0.113401 0.029328