5 0.206285 0.281782 0.083503 0.039971
5 0.204653 0.781201 0.081990 0.035311
5 0.201796 0.740704 0.076816 0.036141
5 0.206236 0.156768 0.084835 0.037770
5 0.190444 0.823080 0.053514 0.035630
5 0.182466 0.697466 0.038134 0.038270
5 0.204387 0.239292 0.082726 0.038227
5 0.182772 0.198580 0.037884 0.035913
5 0.179942 0.449215 0.032845 0.035822
5 0.183333 0.654177 0.037846 0.036225
5 0.582251 0.577746 0.038485 0.036171
5 0.182178 0.406246 0.037459 0.036043
0 0.721691 0.751970 0.063581 0.031102
1 0.172065 0.571578 0.017531 0.033259
0 0.120494 0.083401 0.082264 0.026985
0 0.036290 0.082832 0.066792 0.029933
1 0.171538 0.613826 0.018456 0.033358
0 0.210743 0.083575 0.079635 0.030308
0 0.747347 0.337983 0.017090 0.026678
0 0.609497 0.579251 0.016071 0.036764
3 0.421028 0.081643 0.039695 0.027620
0 0.667889 0.747459 0.027736 0.023081
1 0.174489 0.864809 0.012648 0.022251