5 0.247798 0.508882 0.247892 0.046273
5 0.248142 0.291506 0.246080 0.040055
5 0.163979 0.379961 0.078999 0.041554
0 0.144839 0.088225 0.082610 0.030415
5 0.247544 0.209026 0.248400 0.041511
0 0.060748 0.088734 0.075684 0.031317
0 0.971480 0.976259 0.027201 0.034497
5 0.157232 0.680879 0.064883 0.034491
0 0.210321 0.088125 0.036223 0.027758
5 0.245616 0.723166 0.246900 0.040307
3 0.251572 0.089165 0.031111 0.027457
0 0.967065 0.088831 0.043078 0.036296
3 0.251821 0.088975 0.030720 0.027939
3 0.249614 0.292689 0.246218 0.040322
4 0.966695 0.088900 0.043294 0.037073
5 0.246934 0.253118 0.246249 0.048028