0 0.645215 0.465828 0.020444 0.037972
0 0.049011 0.088730 0.050814 0.029868
0 0.190300 0.088079 0.049122 0.028499
0 0.671595 0.466471 0.018718 0.037508
0 0.717595 0.465685 0.021259 0.040032
0 0.604727 0.464632 0.020065 0.039849
0 0.118752 0.089213 0.079010 0.029416
0 0.956213 0.976618 0.056498 0.034997
0 0.237198 0.087482 0.031952 0.027819
5 0.210937 0.251955 0.247762 0.040925
0 0.494502 0.248264 0.023647 0.037107
0 0.624544 0.465948 0.019023 0.038613
0 0.692807 0.465391 0.020586 0.040743
0 0.966964 0.088751 0.042813 0.037176
5 0.765430 0.715247 0.348848 0.468496
0 0.040056 0.462014 0.017939 0.034263
0 0.739965 0.466130 0.018829 0.038799
5 0.211153 0.210078 0.247330 0.042918
0 0.469461 0.249134 0.023895 0.036362
0 0.434456 0.163111 0.082262 0.043262
1 0.469327 0.206865 0.023433 0.039211