0 0.949641 0.952281 0.081920 0.051915
3 0.520329 0.125285 0.156648 0.039591
3 0.673387 0.125914 0.114502 0.039631
3 0.355923 0.125750 0.129275 0.041381
0 0.027404 0.951342 0.031709 0.051340
5 0.229277 0.497483 0.123963 0.050274
5 0.809310 0.761201 0.108667 0.054373
5 0.232545 0.821533 0.059079 0.054110
0 0.203562 0.124924 0.136731 0.039353
5 0.785245 0.701284 0.062270 0.045675
3 0.202729 0.125096 0.141890 0.040436
0 0.069405 0.125709 0.096586 0.041376
3 0.069151 0.124958 0.096726 0.038914
3 0.956485 0.123682 0.033610 0.041390
5 0.870652 0.441521 0.247601 0.053148
5 0.233578 0.759630 0.061161 0.048678
5 0.245249 0.701956 0.084123 0.047774
5 0.869270 0.498152 0.245758 0.052216
0 0.853370 0.759732 0.018848 0.046986
0 0.278562 0.701094 0.017883 0.045226
0 0.082311 0.039649 0.036319 0.049738
0 0.254792 0.760904 0.018026 0.031409
0 0.250141 0.821105 0.016863 0.039262
0 0.807602 0.702666 0.016863 0.037953