5 0.429115 0.523823 0.490281 0.352481
0 0.947635 0.955562 0.079331 0.043091
5 0.313463 0.781837 0.253739 0.045891
0 0.028161 0.953232 0.032817 0.049583
5 0.277985 0.889637 0.186953 0.047389
3 0.525808 0.114475 0.160120 0.039624
3 0.779605 0.780138 0.181322 0.051617
3 0.956681 0.111958 0.037884 0.042325
3 0.361387 0.113040 0.135695 0.038685
5 0.735315 0.833931 0.093196 0.045061
0 0.070272 0.114036 0.095830 0.036003
5 0.235057 0.836847 0.096182 0.046415
3 0.207022 0.113523 0.141328 0.039120
5 0.320644 0.837019 0.067726 0.047495
5 0.780382 0.779999 0.182921 0.051388
0 0.093053 0.273297 0.120647 0.046258
2 0.274204 0.837104 0.018245 0.041530
0 0.362234 0.891147 0.018046 0.038762
5 0.821533 0.834310 0.070708 0.045812
2 0.776520 0.835288 0.016623 0.037642