3 0.212885 0.719171 0.153028 0.038064
3 0.212526 0.536222 0.152614 0.039955
5 0.175330 0.218657 0.090588 0.037887
5 0.235704 0.175471 0.214709 0.040482
5 0.151360 0.582912 0.029436 0.037039
1 0.376010 0.899386 0.015157 0.032239
0 0.166949 0.091752 0.114150 0.027912
0 0.975848 0.092593 0.041913 0.029810
0 0.061929 0.091554 0.080289 0.026422
5 0.174479 0.264163 0.092523 0.040636
0 0.901658 0.977918 0.063970 0.035927
1 0.376392 0.853436 0.015969 0.031890
0 0.422397 0.172239 0.019259 0.036231
0 0.442582 0.172488 0.019793 0.035982
0 0.400786 0.171955 0.022117 0.038990
0 0.462479 0.172557 0.020432 0.034900
0 0.517924 0.445885 0.022021 0.041121
0 0.545250 0.445948 0.023747 0.041943
0 0.968982 0.977358 0.058253 0.035093
0 0.483599 0.172391 0.020719 0.038184
3 0.241605 0.490191 0.213866 0.042686
5 0.147019 0.807716 0.021419 0.036328
3 0.333751 0.092792 0.032622 0.027400
0 0.268822 0.093163 0.073459 0.027566
1 0.376171 0.943426 0.014333 0.025203
5 0.147042 0.851985 0.020791 0.034679
0 0.937713 0.095256 0.016172 0.030504
5 0.243153 0.446554 0.217986 0.046057
0 0.192675 0.900560 0.016193 0.034929
0 0.067728 0.358706 0.051734 0.032232
5 0.375442 0.763144 0.012437 0.023750
0 0.067978 0.031529 0.028316 0.034487
5 0.299628 0.264816 0.117007 0.043416
5 0.161693 0.900468 0.045744 0.040677
5 0.375823 0.720076 0.012539 0.022335