1 0.042733 0.610920 0.019023 0.038016
1 0.042720 0.653186 0.018788 0.036833
1 0.042663 0.695402 0.019624 0.035564
1 0.042727 0.444287 0.018448 0.036402
1 0.042559 0.486799 0.019216 0.035052
1 0.042556 0.569136 0.019794 0.038048
1 0.042570 0.527436 0.019454 0.035707
1 0.042769 0.401863 0.018526 0.037162
1 0.042506 0.736081 0.018874 0.033973
3 0.130105 0.178447 0.196414 0.049374
0 0.851657 0.972277 0.086421 0.046684
5 0.120999 0.443306 0.054970 0.041903
0 0.601160 0.177415 0.028483 0.048741
5 0.075206 0.444326 0.043609 0.039879
5 0.653005 0.652433 0.079715 0.041503
5 0.652801 0.611855 0.078972 0.042547
5 0.569395 0.443913 0.044206 0.041165
5 0.515642 0.610895 0.069116 0.042338
0 0.629242 0.291267 0.027345 0.048440
0 0.668357 0.291819 0.026802 0.048078
5 0.515658 0.443866 0.068233 0.042669
5 0.653144 0.444360 0.075557 0.043727
5 0.074021 0.400340 0.042121 0.042341
5 0.121060 0.484923 0.054898 0.042335
5 0.651707 0.568964 0.079066 0.045728
5 0.277999 0.611198 0.094789 0.042908
0 0.178154 0.290868 0.027259 0.050606
5 0.075102 0.486066 0.044862 0.040328
5 0.515723 0.528036 0.068559 0.042528
5 0.074949 0.610471 0.045389 0.043597
5 0.120866 0.400689 0.053658 0.044325
5 0.877607 0.444051 0.051432 0.041496
5 0.120692 0.610485 0.055781 0.044718
5 0.298414 0.444238 0.051268 0.043374
5 0.515070 0.652007 0.069475 0.042847
5 0.277081 0.653116 0.096249 0.042478
5 0.515779 0.485898 0.068187 0.044808
5 0.819541 0.444168 0.068751 0.041808
5 0.277404 0.569091 0.096443 0.044914
5 0.515139 0.569123 0.068848 0.044653
5 0.208334 0.444431 0.043297 0.041896
5 0.818323 0.568903 0.067905 0.044987
5 0.206961 0.485662 0.040903 0.043787
5 0.515328 0.694889 0.069402 0.043609
0 0.209237 0.292068 0.026071 0.047746
5 0.073503 0.526114 0.042365 0.040736
5 0.293743 0.486178 0.062574 0.044493
5 0.120275 0.651295 0.056213 0.044015
5 0.206859 0.568810 0.041453 0.043957
5 0.651691 0.527762 0.078325 0.043025
5 0.652367 0.401034 0.077412 0.046349
5 0.166056 0.443013 0.041842 0.041223
0 0.088777 0.291275 0.028592 0.049783
5 0.818208 0.611460 0.066478 0.042871
5 0.206860 0.527333 0.041491 0.042482
5 0.119169 0.735539 0.052430 0.040861
5 0.818003 0.485706 0.066636 0.045049
5 0.569272 0.527251 0.044276 0.043156
5 0.738885 0.443931 0.095815 0.043251
0 0.937630 0.971032 0.068933 0.039774
0 0.049777 0.289678 0.030153 0.047494
5 0.073727 0.568515 0.042794 0.041901
5 0.569282 0.485683 0.042498 0.044062
5 0.651919 0.485455 0.077819 0.045359
5 0.432470 0.486079 0.110570 0.044843
5 0.569348 0.401449 0.044481 0.044332
5 0.403991 0.695421 0.151180 0.045679
5 0.207154 0.611308 0.041557 0.041618
5 0.121141 0.527517 0.050681 0.044077
5 0.818345 0.652865 0.066702 0.044717
5 0.207172 0.694520 0.041762 0.043569
5 0.405006 0.611009 0.163191 0.043451
5 0.515003 0.736597 0.070269 0.043327
5 0.120163 0.694211 0.053537 0.044070
5 0.166840 0.568919 0.042722 0.044273
0 0.261258 0.108545 0.034436 0.032463
5 0.276739 0.528126 0.098188 0.042866
5 0.818104 0.527493 0.066761 0.042977
5 0.121649 0.568958 0.049864 0.044707
5 0.515741 0.401443 0.068085 0.045607
5 0.740909 0.611018 0.094252 0.042546
5 0.446705 0.444157 0.073601 0.043216
5 0.255598 0.444314 0.052237 0.042707
5 0.165601 0.652087 0.042804 0.043123
5 0.075120 0.650985 0.045258 0.042890
5 0.818217 0.694398 0.066724 0.044338
5 0.653128 0.694543 0.080305 0.043346
0 0.017997 0.870138 0.028131 0.043422
5 0.877379 0.485248 0.050728 0.042642
5 0.165896 0.611340 0.042101 0.043721
5 0.405269 0.653009 0.152053 0.045361
5 0.207817 0.652718 0.042431 0.042142
5 0.275090 0.401657 0.098501 0.045980
5 0.405473 0.401457 0.159721 0.044966
5 0.278262 0.695170 0.095111 0.044056
5 0.166656 0.527439 0.042516 0.043302
5 0.278223 0.736869 0.095035 0.044024
5 0.208226 0.402198 0.042025 0.045345
5 0.739822 0.653490 0.094933 0.042930
0 0.410017 0.292035 0.028701 0.049729
5 0.569944 0.610565 0.044739 0.043524
0 0.449391 0.292396 0.029183 0.050287
0 0.239906 0.291905 0.026686 0.047474
0 0.464075 0.108203 0.056127 0.033393
5 0.740355 0.569254 0.095102 0.045132
0 0.271377 0.291489 0.027146 0.046865
3 0.820169 0.109864 0.045973 0.034432
5 0.740623 0.486409 0.092951 0.045175
5 0.569362 0.694548 0.042961 0.043585
0 0.697991 0.291790 0.027442 0.048113
0 0.730148 0.291683 0.027839 0.047327
5 0.276321 0.443641 0.098612 0.044594
5 0.408247 0.528314 0.157397 0.042358
5 0.818467 0.401120 0.066670 0.045221
5 0.417125 0.443837 0.142529 0.045153
5 0.166426 0.485513 0.040920 0.043419
5 0.569220 0.568758 0.043956 0.043911
5 0.818225 0.735377 0.067644 0.041972
5 0.741477 0.695115 0.090086 0.044126
5 0.166107 0.735963 0.043231 0.043000
5 0.166226 0.694260 0.041097 0.043271
0 0.905415 0.291622 0.026066 0.048556
0 0.358251 0.108414 0.135972 0.035460
5 0.738941 0.400814 0.096792 0.044041
5 0.877430 0.401625 0.052479 0.044350
5 0.073052 0.734662 0.042395 0.040189
5 0.073497 0.694683 0.042436 0.041593
5 0.741331 0.735492 0.093088 0.041919
5 0.166441 0.400704 0.042441 0.044043
5 0.206974 0.735663 0.043089 0.042432
5 0.740505 0.528141 0.093868 0.043715
5 0.877120 0.694552 0.051190 0.044515
0 0.359102 0.291246 0.026003 0.047421
5 0.569683 0.652435 0.042974 0.044024
5 0.297823 0.401060 0.053508 0.043241
5 0.569143 0.735449 0.044209 0.042551
0 0.129674 0.110803 0.207816 0.037533
5 0.876577 0.527249 0.050357 0.043282
5 0.876821 0.611200 0.050686 0.042739
5 0.876630 0.569246 0.051003 0.044063
5 0.651835 0.736483 0.079757 0.044418
0 0.822799 0.292784 0.132316 0.048294
5 0.876826 0.652511 0.050355 0.044031
0 0.018191 0.285401 0.027268 0.042543
0 0.017546 0.233023 0.026659 0.043254
0 0.322625 0.291465 0.022641 0.045495
5 0.436578 0.401576 0.093751 0.043706
5 0.439345 0.569331 0.087392 0.044645
5 0.877026 0.734955 0.051147 0.040788
0 0.120264 0.291459 0.025582 0.045646
0 0.381297 0.291397 0.021807 0.046555
0 0.517126 0.109695 0.031944 0.032752
0 0.611080 0.110021 0.135283 0.037931
5 0.254355 0.485158 0.053243 0.042661
5 0.279993 0.486080 0.105899 0.045138
5 0.277899 0.179102 0.099723 0.050509
3 0.488011 0.291877 0.038641 0.048587
5 0.405679 0.569529 0.162462 0.045378
5 0.361187 0.444201 0.071719 0.043716
0 0.592788 0.291112 0.022165 0.047436
5 0.440754 0.528163 0.084653 0.043935
5 0.602147 0.443932 0.026635 0.041485
5 0.361246 0.486223 0.076707 0.044395
0 0.569929 0.291239 0.024823 0.045492
1 0.379319 0.177832 0.018315 0.031045
5 0.440558 0.610826 0.085069 0.042835
5 0.196834 0.443270 0.048027 0.041146
5 0.110939 0.611115 0.033486 0.041213
0 0.948109 0.109992 0.055134 0.039630
5 0.405154 0.737698 0.158406 0.044012
0 0.142895 0.291285 0.021743 0.047194
0 0.300687 0.291572 0.024161 0.045042
5 0.602315 0.485684 0.025297 0.042255
5 0.362848 0.528049 0.080509 0.042594
3 0.532652 0.291766 0.039094 0.046585
5 0.364561 0.400996 0.083449 0.044309
5 0.633027 0.442683 0.039564 0.042604
0 0.899946 0.110516 0.018920 0.032509
0 0.488989 0.293164 0.037790 0.051347
5 0.602659 0.527070 0.024400 0.041746
0 0.738566 0.109029 0.098386 0.037012
5 0.363860 0.569260 0.081740 0.045148
5 0.636957 0.485650 0.046730 0.042951
3 0.737735 0.110187 0.097909 0.035268
5 0.192877 0.401501 0.065891 0.045281
5 0.369221 0.611366 0.091826 0.042218
5 0.193993 0.484784 0.039865 0.042568
0 0.092450 0.033908 0.046332 0.040556
5 0.602495 0.568991 0.023391 0.042468
5 0.603220 0.611709 0.024895 0.042277
5 0.371251 0.652940 0.094272 0.044625
5 0.083840 0.693709 0.038688 0.042860
0 0.948208 0.971248 0.092900 0.052077
5 0.118597 0.768082 0.054185 0.029678
5 0.603007 0.651966 0.026665 0.041252
5 0.096235 0.734836 0.034472 0.041073
5 0.743552 0.767857 0.087546 0.030428
5 0.096149 0.735010 0.064942 0.040961
5 0.603326 0.400994 0.028066 0.045278
5 0.602509 0.735178 0.023621 0.041222
5 0.441447 0.653011 0.082693 0.044136
5 0.373222 0.695090 0.099748 0.043983
5 0.252415 0.527815 0.050020 0.042901
5 0.602711 0.693956 0.026644 0.040744
5 0.019463 0.611053 0.028780 0.041563
5 0.183803 0.569857 0.051308 0.043259
5 0.373566 0.737239 0.095044 0.043911
5 0.018684 0.443973 0.029612 0.040652
5 0.500736 0.400456 0.039263 0.045332
5 0.182124 0.527088 0.052891 0.043350
5 0.464239 0.485972 0.048860 0.042640
5 0.017988 0.485076 0.029010 0.039271
1 0.041920 0.766911 0.019935 0.026086
1 0.921930 0.737901 0.012549 0.033449
5 0.255863 0.400141 0.055705 0.046166
5 0.712046 0.485870 0.043719 0.043162
5 0.629224 0.400309 0.032037 0.045703
5 0.438970 0.694999 0.087197 0.044118
5 0.962416 0.571364 0.075167 0.045154
5 0.344595 0.528427 0.043051 0.042172
5 0.962316 0.615453 0.075367 0.044462
5 0.005314 0.443916 0.010628 0.041741
5 0.347945 0.401275 0.049320 0.043352
3 0.278418 0.178210 0.100071 0.048941