3 0.236429 0.747440 0.184400 0.046165
1 0.060946 0.882623 0.019225 0.035771
1 0.060899 0.845418 0.019227 0.036930
1 0.040357 0.884252 0.012972 0.029545
0 0.892893 0.974743 0.073130 0.039500
3 0.644322 0.747402 0.293820 0.047845
0 0.018299 0.746400 0.022958 0.044710
5 0.212911 0.339294 0.031941 0.046640
0 0.018608 0.239070 0.023395 0.041817
5 0.239928 0.186608 0.084560 0.045759
0 0.254813 0.099545 0.086173 0.031457
1 0.040141 0.845582 0.014269 0.029759
3 0.787270 0.097844 0.038024 0.030787
5 0.468921 0.439574 0.539955 0.048550
0 0.083915 0.099928 0.159800 0.036510
5 0.754675 0.185230 0.085193 0.042468
1 0.215809 0.845905 0.020266 0.038732
0 0.330228 0.099078 0.050604 0.029764
0 0.932034 0.098788 0.016958 0.035562
0 0.480365 0.101141 0.120311 0.034051
0 0.387476 0.098208 0.048284 0.030253
5 0.215729 0.288348 0.035377 0.042945
0 0.188176 0.098226 0.031059 0.030830
5 0.516575 0.188136 0.213015 0.049876
0 0.972384 0.099277 0.050421 0.033276
0 0.964705 0.976062 0.061096 0.031856
0 0.703384 0.100129 0.114376 0.033425
0 0.623418 0.098559 0.024601 0.031643
0 0.905931 0.099427 0.016214 0.035790
5 0.286894 0.845009 0.081947 0.038432
1 0.216638 0.884660 0.020194 0.038777
0 0.077058 0.242589 0.050167 0.038565
0 0.576347 0.099531 0.052448 0.030313
3 0.117211 0.186572 0.162559 0.046048
5 0.379239 0.845070 0.107037 0.043509
5 0.092421 0.845271 0.045030 0.041723
5 0.286430 0.883092 0.081384 0.040787
5 0.092623 0.886419 0.044783 0.046719
5 0.452796 0.846391 0.043041 0.041851
5 0.378368 0.886251 0.109067 0.043536
0 0.242101 0.288265 0.017607 0.038871
5 0.452653 0.884742 0.044499 0.042190
1 0.215684 0.916674 0.021746 0.021643
5 0.592503 0.846714 0.081510 0.042366
5 0.378967 0.915573 0.108551 0.021246
5 0.948303 0.846319 0.103394 0.042454
5 0.136981 0.885199 0.044393 0.044312
5 0.285893 0.915297 0.081170 0.020694
5 0.452748 0.914912 0.043906 0.019923
1 0.061267 0.911663 0.018745 0.023974
5 0.137003 0.845763 0.044084 0.040412
5 0.643088 0.747375 0.292583 0.049630
5 0.790769 0.845980 0.093981 0.043399
5 0.498404 0.846150 0.050741 0.040448
5 0.537590 0.846493 0.030225 0.040702
0 0.018901 0.187806 0.024441 0.046795
5 0.466146 0.392854 0.542186 0.050878
5 0.593632 0.887122 0.079878 0.044674
5 0.537530 0.885874 0.030105 0.042996
5 0.690123 0.886065 0.110459 0.042946
5 0.791626 0.913968 0.096458 0.021643
5 0.790976 0.884567 0.095089 0.042135
5 0.593834 0.914133 0.079523 0.021973
5 0.689466 0.915328 0.112256 0.020756
5 0.689139 0.846053 0.115397 0.043110
5 0.867868 0.846644 0.062739 0.038329
5 0.498469 0.885802 0.052340 0.038296
5 0.498912 0.914419 0.050590 0.024348
5 0.538908 0.915321 0.031132 0.024348
5 0.867673 0.884660 0.061400 0.040581
5 0.949179 0.886013 0.101613 0.041483