5 0.822227 0.636026 0.248262 0.047763
5 0.416418 0.366567 0.441967 0.167382
0 0.258044 0.859252 0.113277 0.045302
5 0.220820 0.684988 0.054317 0.044998
3 0.325933 0.103864 0.106184 0.034445
0 0.962183 0.972555 0.070845 0.040710
0 0.052700 0.106475 0.088299 0.039460
3 0.769165 0.687461 0.161269 0.047843
3 0.821311 0.636011 0.249628 0.045105
3 0.185340 0.104911 0.145110 0.036312
0 0.014762 0.970559 0.028130 0.043984
3 0.969194 0.107825 0.032652 0.044429
0 0.066579 0.027488 0.034898 0.040793
1 0.201049 0.734732 0.015485 0.034063
0 0.042986 0.252870 0.041120 0.038822
0 0.938507 0.634715 0.013991 0.036095