0 0.256281 0.130306 0.093193 0.048107
0 0.076934 0.129402 0.091673 0.052541
0 0.166931 0.129757 0.091984 0.050148
4 0.106108 0.402613 0.205633 0.041019
4 0.105897 0.458222 0.207161 0.040638
4 0.105248 0.347570 0.205596 0.041885
5 0.886769 0.131505 0.151030 0.056030
4 0.103716 0.295350 0.204534 0.040387
4 0.079137 0.566206 0.152784 0.040565
4 0.043823 0.892865 0.084520 0.035601
0 0.463281 0.440766 0.028436 0.054685
0 0.973292 0.128034 0.026660 0.048019
4 0.056603 0.838689 0.108712 0.039379
4 0.049968 0.946499 0.097281 0.035879
0 0.463998 0.823891 0.030554 0.052648
4 0.045189 0.675053 0.086269 0.037950
4 0.039133 0.729525 0.076392 0.039045
4 0.077323 0.511380 0.152499 0.039559
4 0.060868 0.620979 0.120222 0.038547
4 0.044791 0.783963 0.085254 0.035925
4 0.064861 0.240872 0.125922 0.035783
4 0.310778 0.581748 0.126109 0.041534