0 0.300832 0.922633 0.022486 0.037340
0 0.277003 0.923217 0.022020 0.037206
0 0.383547 0.922886 0.022593 0.038893
0 0.407317 0.923963 0.022315 0.037713
5 0.782054 0.539596 0.099747 0.043233
0 0.136660 0.174558 0.025050 0.046364
0 0.430720 0.923552 0.022098 0.036820
1 0.260854 0.816258 0.016123 0.031386
5 0.437542 0.156417 0.085923 0.041206
0 0.069054 0.098202 0.087566 0.031003
5 0.505206 0.529485 0.085466 0.040477
0 0.632757 0.728650 0.061366 0.028550
0 0.254009 0.923624 0.022322 0.038499
5 0.569852 0.483681 0.046846 0.040364
0 0.198697 0.097997 0.157228 0.033137
5 0.438436 0.204988 0.086404 0.043049
5 0.505434 0.484469 0.083802 0.042300
5 0.781368 0.491674 0.099665 0.041927
0 0.537170 0.203769 0.023998 0.041489
5 0.774382 0.444241 0.087648 0.042514
0 0.337177 0.097943 0.101718 0.029926
5 0.552147 0.251102 0.319859 0.045816
5 0.961925 0.921978 0.050221 0.042416
3 0.744407 0.098721 0.037743 0.028688
1 0.261553 0.778028 0.014561 0.030860
0 0.567268 0.098184 0.113157 0.031804
0 0.448371 0.097796 0.109101 0.030908
0 0.578124 0.728275 0.029069 0.029386
3 0.104715 0.174896 0.019162 0.045969
1 0.260809 0.853022 0.016870 0.032349
5 0.503206 0.204819 0.047050 0.041676
0 0.010844 0.174877 0.021688 0.043537
0 0.954426 0.097842 0.048408 0.032476
0 0.035790 0.174487 0.021021 0.044455
1 0.468086 0.626651 0.015748 0.027177
3 0.010996 0.174400 0.021992 0.044286
0 0.085735 0.175945 0.021507 0.045240
0 0.077933 0.030846 0.033197 0.036247
5 0.112527 0.738423 0.225054 0.042615
3 0.674063 0.098216 0.083171 0.030654
1 0.721661 0.493806 0.015901 0.029161
5 0.111776 0.813265 0.222807 0.044612
0 0.294158 0.352745 0.057025 0.038161
1 0.369979 0.818034 0.014161 0.026725
3 0.054732 0.174966 0.018639 0.045096
1 0.721721 0.541799 0.016700 0.028222
5 0.111902 0.701697 0.223804 0.044917
0 0.660227 0.350797 0.017503 0.033479
1 0.369187 0.853758 0.015614 0.029396
0 0.720161 0.444343 0.015437 0.031558
5 0.111998 0.852583 0.223613 0.042698
5 0.111902 0.777841 0.223804 0.044350