0 0.9303962460896767 0.014749262536873156 0.01251303441084463 0.024582104228121928
0 0.9457768508863399 0.014749262536873156 0.01251303441084463 0.025565388397246803
0 0.9601147028154328 0.015732546705998034 0.013555787278415016 0.025565388397246803
5 0.09436913451511991 0.0776794493608653 0.11678832116788321 0.0344149459193707
0 0.18013555787278415 0.07620452310717797 0.01616266944734098 0.02654867256637168
0 0.20385818561001043 0.07817109144542773 0.01616266944734098 0.02654867256637168
0 0.2208029197080292 0.07718780727630285 0.014077163712200209 0.02753195673549656
0 0.23748696558915536 0.07718780727630285 0.014077163712200209 0.02654867256637168
0 0.3193430656934307 0.07620452310717797 0.014077163712200209 0.02359882005899705
0 0.3368091762252346 0.07571288102261553 0.014077163712200209 0.02261553588987217
0 0.354014598540146 0.07718780727630285 0.014077163712200209 0.02654867256637168
0 0.37017726798748696 0.07718780727630285 0.014077163712200209 0.02359882005899705
0 0.3944212721584984 0.07620452310717797 0.014077163712200209 0.02654867256637168
0 0.410844629822732 0.07571288102261553 0.014077163712200209 0.02753195673549656
0 0.4348279457768509 0.07718780727630285 0.013555787278415016 0.024582104228121928
0 0.45177267987486963 0.07620452310717797 0.013555787278415016 0.02654867256637168
0 0.023983315954118872 0.18092428711897737 0.013555787278415016 0.025565388397246803
0 0.10557872784150156 0.18190757128810225 0.043274244004171014 0.025565388397246803
0 0.1548488008342023 0.1823992133726647 0.0370177267987487 0.028515240904621434
0 0.2127215849843587 0.1823992133726647 0.058915537017726796 0.02654867256637168
0 0.25938477580813346 0.18043264503441495 0.017726798748696558 0.028515240904621434
0 0.3965067778936392 0.1823992133726647 0.04171011470281543 0.02753195673549656
0 0.26147028154327423 0.07718780727630285 0.013555787278415016 0.03146509341199607
0 0.278415015641293 0.07571288102261553 0.01251303441084463 0.03343166175024582
0 0.2961418143899896 0.07669616519174041 0.01564129301355579 0.028515240904621434
0 0.05344108446298227 0.17994100294985252 0.04171011470281543 0.025565388397246803
0 0.5651720542231491 0.18141592920353983 0.016684045881126174 0.028515240904621434
0 0.5289363920750783 0.18141592920353983 0.034932221063607924 0.028515240904621434
0 0.5018248175182481 0.18289085545722714 0.013555787278415016 0.028515240904621434
0 0.486444212721585 0.18289085545722714 0.01251303441084463 0.028515240904621434
0 0.4681960375391032 0.18141592920353983 0.015119916579770595 0.028515240904621434
0 0.45281543274244 0.18141592920353983 0.01564129301355579 0.025565388397246803
0 0.4353493222106361 0.18289085545722714 0.014077163712200209 0.028515240904621434
0 0.2778936392075078 0.18092428711897737 0.01564129301355579 0.024582104228121928
0 0.2943169968717414 0.17944936086529006 0.01251303441084463 0.029498525073746312
0 0.31047966631908236 0.18190757128810225 0.015119916579770595 0.02654867256637168
0 0.34515119916579773 0.18190757128810225 0.04953076120959333 0.03146509341199607