5 0.595261 0.554961 0.102989 0.029996
5 0.595501 0.632669 0.102507 0.031147
5 0.596239 0.594956 0.103982 0.027139
5 0.596216 0.709941 0.104028 0.028568
5 0.596398 0.311648 0.105140 0.033710
5 0.596513 0.387626 0.104910 0.035101
5 0.596327 0.350049 0.105281 0.035411
5 0.596239 0.672088 0.103982 0.024283
5 0.597345 0.784931 0.103245 0.029996
5 0.596608 0.746365 0.103245 0.024283
0 0.082387 0.079186 0.109955 0.029402
0 0.762869 0.904640 0.031934 0.023466
0 0.724588 0.905529 0.023719 0.021745
0 0.873565 0.079252 0.124163 0.026572
3 0.960239 0.079068 0.015101 0.023804
0 0.179716 0.078429 0.056828 0.025382
0 0.939720 0.079418 0.010738 0.023196
0 0.657448 0.783589 0.016962 0.030169
0 0.656859 0.388035 0.014967 0.027429
4 0.278392 0.442118 0.126106 0.078561
4 0.268068 0.542819 0.101032 0.059992
4 0.268437 0.633522 0.104720 0.075705
0 0.657035 0.311717 0.015062 0.027824
0 0.657235 0.747434 0.015913 0.027759
0 0.724558 0.809928 0.000737 0.000000
0 0.656711 0.554246 0.016962 0.028568
0 0.657448 0.593527 0.015487 0.024283
0 0.655973 0.632808 0.018437 0.034281
0 0.657080 0.670660 0.017699 0.024283
0 0.657448 0.710655 0.015487 0.024283
4 0.286136 0.150727 0.138643 0.075705
4 0.278392 0.256428 0.127581 0.078561
4 0.276180 0.350701 0.118732 0.067134
4 0.285767 0.732081 0.133481 0.061421
4 0.275811 0.833496 0.115044 0.064277
0 0.657080 0.350701 0.016224 0.029996