3 0.080353 0.302051 0.121503 0.033908
0 0.953765 0.226638 0.023909 0.034143
0 0.934057 0.388669 0.020933 0.031825
0 0.908980 0.387307 0.014670 0.029904
5 0.754301 0.388524 0.281019 0.033716
0 0.923847 0.226722 0.027853 0.029357
4 0.053977 0.147886 0.045401 0.022613
3 0.051538 0.228832 0.068196 0.031519
3 0.954941 0.388669 0.020318 0.031825
4 0.915810 0.807177 0.079655 0.029689
0 0.871465 0.226058 0.061733 0.031349
4 0.913956 0.484577 0.084956 0.032375
4 0.915546 0.762891 0.078952 0.029125
4 0.916115 0.851974 0.080934 0.032544
3 0.126721 0.385908 0.070494 0.037603
4 0.914491 0.716156 0.081172 0.028773
0 0.928030 0.094481 0.072721 0.042335
4 0.914200 0.531488 0.082519 0.031003
4 0.913919 0.667851 0.081528 0.028363
4 0.913526 0.622891 0.083454 0.030448
4 0.912929 0.574954 0.084070 0.031325
0 0.994274 0.077496 0.011419 0.026049
4 0.928137 0.438529 0.054039 0.027871
4 0.156158 0.097088 0.254698 0.044699