3 0.515978 0.272854 0.180433 0.037765
0 0.902574 0.326851 0.081450 0.040404
0 0.929892 0.025022 0.016177 0.027834
3 0.274656 0.275398 0.109135 0.036504
0 0.961085 0.024750 0.021273 0.037249
0 0.458543 0.194713 0.064371 0.031504
0 0.901997 0.025120 0.015456 0.027241
0 0.293416 0.194507 0.048084 0.028746
0 0.874490 0.025616 0.017324 0.029469
2 0.962117 0.327510 0.016945 0.028392
0 0.541553 0.194618 0.066141 0.029822
3 0.376636 0.273873 0.087436 0.036630
0 0.608817 0.195370 0.032042 0.028135
0 0.230909 0.194625 0.041399 0.029313
0 0.350425 0.194466 0.031309 0.034254
0 0.847107 0.026028 0.016666 0.028177
0 0.395255 0.194445 0.028860 0.031681
3 0.290413 0.457243 0.116715 0.030523
3 0.581887 0.413768 0.086719 0.028589
4 0.062924 0.187409 0.079022 0.021846
3 0.594426 0.499382 0.106159 0.033506
4 0.060230 0.220085 0.075095 0.023342
4 0.058556 0.149284 0.074166 0.029730
3 0.301049 0.500141 0.141921 0.028908
3 0.322075 0.415148 0.181064 0.030510
0 0.032940 0.022876 0.013766 0.030472