0 0.928792 0.269781 0.035079 0.030830
0 0.892330 0.270457 0.027391 0.030339
0 0.930842 0.757012 0.031932 0.030303
0 0.555122 0.868572 0.040909 0.030411
0 0.895613 0.756344 0.027215 0.030809
0 0.963088 0.945186 0.034048 0.032506
0 0.601223 0.866110 0.034775 0.027031
0 0.164607 0.140016 0.073793 0.040707
0 0.261700 0.809992 0.015651 0.029500
0 0.147246 0.322939 0.014940 0.029056
3 0.954235 0.132557 0.017269 0.030220
0 0.846912 0.137725 0.123367 0.034518
0 0.986333 0.015533 0.017515 0.027196
5 0.499334 0.607777 0.229803 0.028568
0 0.924038 0.134404 0.013698 0.029989
0 0.147204 0.810153 0.015905 0.029480
0 0.731884 0.138009 0.081760 0.033826
5 0.500048 0.696705 0.230279 0.029489
0 0.956602 0.015257 0.012231 0.023388
5 0.499810 0.784712 0.229803 0.032254
0 0.017768 0.017162 0.028537 0.025402
0 0.045921 0.135702 0.014845 0.031327
0 0.343205 0.138958 0.038669 0.032968
0 0.263280 0.138315 0.097189 0.034538
0 0.926985 0.015838 0.015452 0.020886
0 0.497669 0.386146 0.110382 0.213797
0 0.099914 0.138713 0.034256 0.035940