5 0.083494 0.191518 0.108332 0.030646
0 0.871869 0.191703 0.023710 0.028636
5 0.638434 0.190568 0.105875 0.031128
5 0.361357 0.192720 0.108161 0.028290
3 0.179753 0.276352 0.156901 0.034697
1 0.460505 0.263422 0.013864 0.025275
5 0.776794 0.189883 0.109390 0.029758
3 0.233090 0.192147 0.130852 0.029524
1 0.460677 0.380399 0.013578 0.026304
0 0.941101 0.277552 0.027739 0.028927
1 0.460574 0.302545 0.013929 0.026941
0 0.923624 0.188909 0.067903 0.032576
3 0.066356 0.085769 0.079568 0.032940
1 0.460504 0.341650 0.013854 0.025751
3 0.563977 0.189112 0.020558 0.030596
0 0.792652 0.274397 0.037716 0.025363
1 0.460306 0.419169 0.013725 0.026067
0 0.858943 0.274134 0.073938 0.030409
1 0.030062 0.323139 0.014970 0.027076
4 0.527213 0.380247 0.116059 0.027244
4 0.527146 0.302283 0.115890 0.026874
4 0.526279 0.263476 0.116107 0.026825
4 0.527371 0.341673 0.115489 0.027035
3 0.060636 0.274537 0.068712 0.032850
0 0.745370 0.273930 0.036903 0.024440
0 0.959592 0.078912 0.018623 0.028895
4 0.514928 0.418646 0.091584 0.029066
1 0.460203 0.225044 0.013364 0.025558
0 0.912008 0.274708 0.014165 0.029987
3 0.965534 0.277514 0.020362 0.028852
4 0.527475 0.225795 0.114895 0.025898
0 0.147493 0.191669 0.018437 0.030948
0 0.424963 0.192264 0.019051 0.029758
0 0.702126 0.192859 0.022738 0.033329
0 0.840708 0.189288 0.017207 0.028568
0 0.793130 0.028589 0.025692 0.033175
0 0.822390 0.026285 0.021410 0.034097
0 0.849272 0.027667 0.019983 0.025803
0 0.876392 0.026285 0.020934 0.028568
0 0.903749 0.026285 0.017604 0.032254
0 0.930155 0.026745 0.015225 0.038705
0 0.958940 0.026285 0.029974 0.048842
0 0.042035 0.025775 0.022124 0.039995
0 0.077150 0.028043 0.035171 0.036259