5 0.341304 0.275378 0.094262 0.037856
3 0.112390 0.092344 0.143717 0.041740
0 0.052580 0.210895 0.020018 0.034382
5 0.552529 0.274886 0.092965 0.040670
0 0.079680 0.211684 0.022046 0.035804
0 0.153212 0.027130 0.030666 0.026036
5 0.527666 0.315963 0.041510 0.036603
0 0.560994 0.097375 0.025705 0.044623
5 0.315944 0.358487 0.042936 0.039595
5 0.307152 0.400206 0.024200 0.039424
0 0.043964 0.025946 0.076982 0.034164
5 0.315951 0.316478 0.042057 0.036994
0 0.110067 0.026953 0.026162 0.027890
0 0.283162 0.096265 0.020588 0.038421
0 0.205482 0.027351 0.044497 0.026343
0 0.023095 0.212276 0.021092 0.035027
0 0.451942 0.097041 0.022765 0.042238
0 0.020335 0.096430 0.022231 0.039652
0 0.109557 0.211361 0.018505 0.035673
0 0.257608 0.095982 0.021023 0.038336
0 0.535160 0.097723 0.024118 0.043374
0 0.426581 0.096430 0.023187 0.042166
0 0.477752 0.098022 0.021958 0.042752
0 0.684265 0.274783 0.034159 0.041005
0 0.308905 0.096414 0.020319 0.037859
0 0.502419 0.098293 0.022273 0.042856
0 0.225049 0.095633 0.022519 0.042373
0 0.341892 0.098264 0.021315 0.039721
0 0.594206 0.096334 0.022555 0.042392
0 0.256205 0.027647 0.029289 0.029218
0 0.618399 0.096518 0.020857 0.040070
0 0.392888 0.095683 0.020414 0.041740
0 0.367593 0.097770 0.021301 0.042575
0 0.199180 0.095683 0.019970 0.038401
0 0.290154 0.211580 0.023520 0.039235
0 0.684049 0.317725 0.033727 0.037416
1 0.014629 0.441496 0.013404 0.026842
0 0.396650 0.275564 0.015566 0.038229