5 0.278094 0.352263 0.401531 0.297089
5 0.291954 0.571811 0.211035 0.039906
3 0.173861 0.092617 0.128325 0.032214
0 0.975528 0.971784 0.048877 0.038941
5 0.733427 0.799090 0.051770 0.039222
5 0.725627 0.569633 0.037395 0.038757
5 0.298599 0.800624 0.222188 0.042695
0 0.020462 0.973736 0.028657 0.043798
3 0.987079 0.091765 0.025288 0.034270
3 0.300251 0.091609 0.093675 0.030155
5 0.224974 0.754307 0.075469 0.040126
5 0.244182 0.617377 0.114568 0.040415
5 0.724049 0.707493 0.034890 0.040386
5 0.273876 0.662160 0.172842 0.042276
5 0.203124 0.707975 0.029910 0.040642
0 0.402948 0.800078 0.013668 0.030583
0 0.054911 0.090960 0.078765 0.029405
0 0.251873 0.755567 0.014559 0.037578
1 0.714408 0.752570 0.013731 0.028277
1 0.714893 0.616660 0.012972 0.028277
1 0.193733 0.845299 0.014692 0.027018
0 0.355454 0.661121 0.014491 0.031613
5 0.724545 0.664313 0.033727 0.041707