5 0.333179 0.880012 0.046769 0.039566
5 0.212682 0.446407 0.033527 0.039570
5 0.731955 0.493001 0.034182 0.040096
5 0.786128 0.881580 0.162202 0.039687
5 0.213309 0.494033 0.034276 0.038510
5 0.258660 0.401782 0.124338 0.041079
3 0.985433 0.083844 0.026965 0.034834
5 0.721120 0.740004 0.033015 0.040081
5 0.248350 0.287231 0.126776 0.044049
5 0.731890 0.446866 0.033143 0.039317
0 0.973050 0.978892 0.053273 0.035799
3 0.171253 0.083921 0.129555 0.034389
5 0.213149 0.625290 0.033142 0.042553
5 0.201183 0.740188 0.034349 0.039560
0 0.016839 0.978103 0.025075 0.038200
5 0.750287 0.927393 0.091131 0.041784
5 0.245956 0.928313 0.122215 0.041360
5 0.243388 0.739735 0.047886 0.040551
5 0.734751 0.539602 0.039525 0.040479
3 0.296094 0.083418 0.093929 0.031876
5 0.246926 0.880692 0.121732 0.042269
0 0.052865 0.083833 0.077234 0.031443
0 0.304641 0.286611 0.015150 0.034700
0 0.259157 0.741050 0.015137 0.026332
1 0.191332 0.788436 0.014596 0.031138