0 0.544149 0.747738 0.025059 0.041734
0 0.053811 0.099181 0.087030 0.033420
0 0.259380 0.856065 0.116547 0.043897
5 0.390975 0.589586 0.016867 0.029541
0 0.594404 0.749068 0.064602 0.040624
3 0.326981 0.099998 0.106203 0.035642
0 0.968792 0.967616 0.062416 0.044320
5 0.221840 0.680625 0.051603 0.039956
5 0.391663 0.630060 0.015508 0.030025
0 0.666915 0.712830 0.049535 0.041981
3 0.186828 0.099731 0.140247 0.036378
0 0.015335 0.966169 0.030115 0.043895
5 0.391088 0.548840 0.016125 0.031019
5 0.391240 0.510746 0.015575 0.028957
0 0.599452 0.330172 0.022000 0.044382
3 0.786538 0.684041 0.148712 0.046772
0 0.658114 0.500993 0.026228 0.042784
5 0.391750 0.670682 0.015683 0.030804
0 0.043170 0.248552 0.039517 0.038584
5 0.846523 0.632883 0.253365 0.043592
3 0.982749 0.099740 0.029201 0.031408
0 0.964591 0.630159 0.015406 0.035741
0 0.627806 0.327057 0.021419 0.037956
0 0.695996 0.367883 0.022036 0.046178
0 0.668730 0.369336 0.019408 0.042957
5 0.427015 0.670252 0.055986 0.039025
5 0.427468 0.589317 0.054837 0.037434
5 0.426941 0.627319 0.054478 0.039658
5 0.526021 0.667716 0.143849 0.042178
5 0.526245 0.591397 0.142937 0.043881
5 0.525652 0.628937 0.144934 0.039274