5 0.407735 0.371244 0.442629 0.169138
0 0.249955 0.865649 0.114273 0.044580
5 0.210669 0.687973 0.052679 0.045129
0 0.959270 0.976008 0.071595 0.041726
3 0.762125 0.690478 0.170120 0.049634
0 0.044410 0.102479 0.088819 0.045450
5 0.831408 0.636955 0.248959 0.047285
3 0.966471 0.101281 0.032313 0.037967
0 0.010200 0.975546 0.020400 0.039804
3 0.176790 0.101535 0.145566 0.035724
3 0.317565 0.100451 0.106413 0.035626
0 0.230458 0.688677 0.015011 0.040134
1 0.192310 0.740071 0.014290 0.036122
0 0.033644 0.251747 0.040322 0.041106