5 0.277202 0.352829 0.401831 0.295716
3 0.172364 0.092480 0.128741 0.035151
0 0.976599 0.974029 0.046703 0.037924
5 0.290269 0.572302 0.208801 0.041352
0 0.017506 0.973042 0.026647 0.039544
3 0.988354 0.092331 0.022066 0.035389
5 0.726117 0.709261 0.033114 0.037553
5 0.241961 0.618477 0.111926 0.038699
5 0.221041 0.755151 0.072965 0.038382
3 0.301493 0.092252 0.103028 0.031422
5 0.735427 0.800676 0.053074 0.037681
5 0.298322 0.803805 0.225006 0.042487
5 0.199902 0.708470 0.029806 0.037523
5 0.728429 0.573523 0.038601 0.039426
5 0.275407 0.663962 0.172966 0.042781
0 0.754456 0.800903 0.014294 0.034058
0 0.051892 0.094585 0.080589 0.034966
1 0.716046 0.619593 0.012972 0.027266
1 0.192142 0.846237 0.014048 0.029503
1 0.716246 0.756961 0.013050 0.027679
0 0.355751 0.665143 0.014732 0.030790
5 0.725647 0.664354 0.034351 0.036758