5 0.435901 0.183610 0.039867 0.042304
0 0.555790 0.184899 0.025646 0.042635
0 0.027721 0.286421 0.023523 0.042920
0 0.577883 0.842465 0.026277 0.045991
0 0.526443 0.184805 0.024136 0.042965
0 0.284550 0.842862 0.023827 0.041493
0 0.972722 0.968520 0.052516 0.038339
0 0.501928 0.185135 0.023943 0.043563
0 0.461142 0.842163 0.106617 0.045049
0 0.354857 0.842749 0.108927 0.043698
0 0.261625 0.842495 0.021293 0.040685
0 0.901327 0.968637 0.080467 0.041436
0 0.049742 0.842276 0.023960 0.043772
3 0.239755 0.184253 0.142831 0.046158
0 0.073249 0.843257 0.023728 0.042310
5 0.366540 0.183354 0.100793 0.043586
0 0.089450 0.288457 0.057267 0.039490
0 0.532917 0.842736 0.026927 0.044819
0 0.975039 0.096974 0.047675 0.033969
3 0.221170 0.097230 0.039049 0.031392
5 0.830785 0.678452 0.081181 0.041175
0 0.059621 0.096866 0.088015 0.033648
5 0.905990 0.678488 0.072406 0.041009
5 0.831589 0.718560 0.081969 0.041838
1 0.082817 0.437865 0.018953 0.035601
3 0.087749 0.184008 0.146707 0.043034
0 0.914184 0.096620 0.061240 0.032142
5 0.905237 0.718346 0.070922 0.041165
5 0.831255 0.757348 0.080045 0.040514
5 0.468608 0.677452 0.123552 0.044372
3 0.171743 0.440127 0.147013 0.047090
5 0.734106 0.678195 0.117732 0.042943
5 0.514339 0.387544 0.200136 0.046679
5 0.481297 0.339074 0.127793 0.048286
5 0.359734 0.678265 0.035438 0.040746
5 0.734022 0.718821 0.117661 0.043467
5 0.360083 0.718014 0.035718 0.040636
5 0.392544 0.678497 0.031724 0.040424
5 0.830354 0.639189 0.082102 0.043173
5 0.467392 0.718632 0.122980 0.043281
5 0.213258 0.638372 0.263701 0.043386
5 0.905275 0.757522 0.070557 0.040386
5 0.171288 0.842819 0.161023 0.044956
5 0.392700 0.718090 0.031592 0.040537
5 0.734500 0.638822 0.118894 0.044676
5 0.906398 0.638402 0.072749 0.042452
5 0.201216 0.337167 0.087118 0.045081
5 0.617775 0.677087 0.118144 0.045518
5 0.359811 0.757459 0.034863 0.039423
5 0.617397 0.718773 0.119096 0.043545
5 0.201915 0.386804 0.087131 0.043907
3 0.152061 0.096596 0.084361 0.033953
5 0.734251 0.758513 0.118163 0.043467
5 0.215625 0.720189 0.261937 0.046182
0 0.044596 0.439317 0.015567 0.034308
5 0.392541 0.757322 0.031330 0.039009
5 0.060848 0.678411 0.043473 0.040662
5 0.060825 0.718470 0.043293 0.041389
5 0.392280 0.637096 0.031815 0.044048
5 0.467395 0.758529 0.124300 0.043635
5 0.868045 0.184100 0.031383 0.045420
5 0.468369 0.639609 0.123057 0.042645
5 0.617179 0.758731 0.118344 0.043368
5 0.891971 0.184857 0.018280 0.044199
5 0.617678 0.639414 0.119659 0.045237
5 0.060480 0.758940 0.043943 0.041466
5 0.060918 0.639838 0.043423 0.039889
0 0.146605 0.285639 0.016438 0.033439
5 0.212581 0.678545 0.265215 0.040173
5 0.360519 0.638372 0.035260 0.036959