5 0.458148 0.733297 0.058752 0.049425
5 0.461260 0.972025 0.065341 0.053500
5 0.457787 0.674881 0.058046 0.049689
5 0.460812 0.793905 0.066144 0.051236
5 0.457825 0.912003 0.057103 0.052355
0 0.921889 0.259118 0.027615 0.053192
5 0.458147 0.853678 0.058533 0.051639
5 0.204910 0.318061 0.092630 0.049676
0 0.427055 0.379859 0.023999 0.050047
0 0.151539 0.801115 0.066169 0.053353
5 0.204891 0.408975 0.091990 0.045875
3 0.785534 0.854104 0.139885 0.049340
5 0.204784 0.502217 0.090232 0.050004
5 0.204923 0.548928 0.090391 0.050278
0 0.381047 0.500998 0.044080 0.044666
5 0.204460 0.364516 0.091554 0.047524
5 0.204682 0.597107 0.090909 0.049416
0 0.056489 0.803817 0.112204 0.055492
5 0.080786 0.456146 0.160135 0.053924
0 0.400158 0.379269 0.024386 0.050713
5 0.204173 0.455744 0.090558 0.051389
5 0.204728 0.642256 0.089681 0.046396
5 0.080736 0.502505 0.158677 0.051964
0 0.973358 0.127090 0.052000 0.042464
5 0.080881 0.549948 0.160403 0.049738
5 0.082122 0.689959 0.160741 0.056426
0 0.378398 0.127558 0.113506 0.038577
5 0.204886 0.689222 0.089397 0.053610
0 0.139529 0.199134 0.023794 0.047051
5 0.079773 0.408646 0.159147 0.046982
5 0.081242 0.365058 0.159850 0.050004
3 0.051732 0.199622 0.036653 0.051321
5 0.080529 0.641537 0.159829 0.049231
0 0.227345 0.125909 0.166817 0.042946
0 0.400325 0.318377 0.023949 0.050281
3 0.785060 0.735757 0.138098 0.052143
5 0.081403 0.595956 0.159432 0.048107
3 0.787247 0.675826 0.136989 0.050452
5 0.490010 0.262168 0.203428 0.053222
0 0.166176 0.198206 0.023545 0.048880
5 0.753136 0.262168 0.298352 0.053222
5 0.081014 0.318656 0.158901 0.050952
0 0.010680 0.199688 0.021360 0.051843
5 0.080271 0.940830 0.158876 0.052592
0 0.078855 0.124606 0.103044 0.041130
0 0.111634 0.198930 0.024192 0.049149
5 0.205435 0.942655 0.091773 0.051658
3 0.561271 0.125385 0.041481 0.036542
3 0.545384 0.559106 0.252951 0.059329
0 0.083695 0.199232 0.022812 0.048696
3 0.784867 0.913977 0.139395 0.054298
3 0.786008 0.973078 0.139763 0.053844
3 0.787019 0.795563 0.137227 0.052533
3 0.488091 0.126607 0.086570 0.038626
3 0.216117 0.197614 0.067724 0.052834