0 0.477655 0.076491 0.020191 0.027575
0 0.500486 0.076351 0.020920 0.027208
0 0.528265 0.076602 0.018157 0.026999
0 0.218004 0.076115 0.019807 0.028667
0 0.246478 0.076522 0.020863 0.028348
5 0.342234 0.741108 0.092032 0.033063
0 0.317295 0.075529 0.019256 0.027038
3 0.114669 0.076381 0.140827 0.033667
0 0.289716 0.076873 0.018664 0.029136
0 0.067057 0.181127 0.016830 0.025928
0 0.139245 0.181482 0.073281 0.024870
0 0.086153 0.180664 0.018861 0.026325
0 0.659901 0.875847 0.035236 0.035701
5 0.341775 0.774450 0.091465 0.032610
0 0.268029 0.077328 0.018304 0.028646
0 0.676140 0.304477 0.034982 0.033753
0 0.358989 0.075402 0.018649 0.027201
0 0.549463 0.074386 0.016586 0.025449
0 0.450081 0.075514 0.018879 0.027291
0 0.046831 0.181468 0.016743 0.025328
5 0.341978 0.268681 0.093403 0.029583
5 0.548093 0.740240 0.091691 0.031750
0 0.386135 0.074342 0.020304 0.026389
0 0.339020 0.075709 0.017333 0.026886
5 0.523654 0.302325 0.040258 0.030711
5 0.548455 0.268789 0.092333 0.030453
0 0.428568 0.074933 0.015940 0.026030
5 0.547428 0.876104 0.093101 0.034021
0 0.408519 0.074091 0.017524 0.025618
5 0.342087 0.876295 0.092212 0.034014
0 0.197665 0.076859 0.018232 0.027185
0 0.026014 0.181842 0.020537 0.026372
5 0.341865 0.639484 0.094530 0.034009
0 0.109918 0.470758 0.163357 0.038498
0 0.026917 0.077515 0.019513 0.029393
5 0.317297 0.300413 0.041364 0.034470
0 0.659687 0.741218 0.034714 0.036413
0 0.676059 0.268534 0.034429 0.034034
5 0.304622 0.402762 0.016863 0.030403
5 0.629891 0.437219 0.669131 0.028376
5 0.056051 0.603715 0.013491 0.026349
5 0.055569 0.705724 0.014454 0.019574
5 0.055810 0.840731 0.015900 0.021079