0 0.099983 0.366644 0.033618 0.046269
0 0.494715 0.499409 0.033341 0.045802
0 0.679265 0.499632 0.030312 0.043516
0 0.494844 0.386140 0.031017 0.042068
0 0.438616 0.841719 0.032233 0.039254
0 0.099119 0.216535 0.071988 0.026881
0 0.437069 0.924981 0.029098 0.036783
0 0.436599 0.755260 0.032843 0.029941
0 0.679989 0.272851 0.030915 0.035011
0 0.528978 0.977098 0.021116 0.026405
0 0.100277 0.450546 0.033398 0.027978
4 0.180656 0.287526 0.105086 0.033827
4 0.144705 0.369979 0.036345 0.033827
4 0.190927 0.448732 0.135110 0.032770
4 0.178681 0.538055 0.105876 0.023256
4 0.186187 0.618393 0.125629 0.027484
4 0.161298 0.710359 0.075851 0.038055
4 0.151026 0.787526 0.048987 0.021142
4 0.221347 0.873679 0.192789 0.030655
4 0.077809 0.144820 0.033185 0.023256
4 0.126401 0.145877 0.040296 0.025370
4 0.197512 0.145349 0.067160 0.026427
4 0.270993 0.142178 0.041876 0.030655
3 0.333412 0.144292 0.056098 0.030655
4 0.495222 0.314181 0.090492 0.019152
4 0.682851 0.314181 0.085379 0.021888
4 0.680039 0.424647 0.092025 0.022572
4 0.495222 0.427725 0.051636 0.021888
4 0.496500 0.538532 0.066463 0.021888
4 0.681914 0.540926 0.086913 0.025308
4 0.490706 0.675331 0.061350 0.027360
4 0.498119 0.758778 0.067997 0.032832
4 0.516013 0.843935 0.105829 0.029412
4 0.526493 0.926699 0.129858 0.029412