0 0.617584 0.850883 0.024644 0.037693
5 0.415037 0.670386 0.069827 0.039535
0 0.617856 0.895537 0.024993 0.037551
5 0.185012 0.850637 0.141442 0.039150
5 0.212889 0.444831 0.038200 0.040073
0 0.617469 0.804802 0.024906 0.039763
0 0.631747 0.624029 0.024462 0.039477
0 0.877546 0.977473 0.071947 0.036526
0 0.624735 0.172882 0.024567 0.038165
5 0.182719 0.894197 0.147145 0.041578
5 0.534187 0.398976 0.099538 0.039780
5 0.153114 0.669719 0.084444 0.039733
0 0.594889 0.398517 0.023635 0.039755
5 0.145453 0.445174 0.071297 0.038679
0 0.957306 0.092632 0.048918 0.031509
0 0.699580 0.093464 0.094911 0.031484
0 0.055880 0.092915 0.067106 0.030791
0 0.237778 0.092126 0.120225 0.032957
0 0.798289 0.092647 0.087165 0.031934
0 0.492944 0.093137 0.101400 0.032160
3 0.459141 0.623847 0.158968 0.040761
0 0.950074 0.976602 0.061176 0.033832
5 0.500178 0.488787 0.030166 0.038314
0 0.624821 0.218155 0.024095 0.037222
0 0.598074 0.092901 0.091885 0.032382
5 0.126295 0.401311 0.031576 0.038832
5 0.183710 0.805452 0.143086 0.040512
0 0.368866 0.092970 0.125514 0.032247
0 0.916017 0.092941 0.017817 0.030860
0 0.133403 0.092611 0.070434 0.031632
0 0.069970 0.310309 0.053267 0.034387
5 0.516729 0.219373 0.193103 0.040328
0 0.407143 0.217990 0.021982 0.033278
0 0.579621 0.173965 0.023437 0.040552
5 0.152747 0.624252 0.083693 0.038102
3 0.867165 0.092042 0.036809 0.029520
5 0.541341 0.444715 0.112017 0.040265
0 0.287242 0.174371 0.051033 0.033459
5 0.414811 0.172572 0.308730 0.038261
5 0.175659 0.399081 0.036903 0.038954
5 0.493841 0.534422 0.018502 0.035679
0 0.058699 0.350532 0.078535 0.032248