0 0.732748 0.427933 0.024696 0.041618
0 0.531736 0.327017 0.023421 0.041220
0 0.069499 0.332586 0.023877 0.045916
0 0.450790 0.326487 0.021932 0.039697
0 0.755939 0.428089 0.022591 0.041614
0 0.405551 0.326749 0.020958 0.038748
0 0.791097 0.327324 0.119265 0.045778
0 0.577656 0.327000 0.021763 0.039033
0 0.479458 0.326433 0.021870 0.040642
0 0.598646 0.326887 0.019156 0.037348
0 0.279203 0.428607 0.022600 0.039982
0 0.427982 0.326638 0.021428 0.039191
0 0.376779 0.326244 0.021918 0.039314
0 0.555166 0.326742 0.021520 0.040263
3 0.547095 0.428147 0.308284 0.048073
0 0.621403 0.327404 0.021447 0.039008
0 0.502939 0.326864 0.023700 0.041008
0 0.102968 0.332884 0.023912 0.045986
0 0.354248 0.325622 0.022003 0.039591
0 0.535869 0.101529 0.117313 0.036630
0 0.890317 0.974002 0.070902 0.042150
5 0.808742 0.580770 0.039080 0.042785
3 0.015398 0.333045 0.030787 0.044589
5 0.807800 0.884123 0.037520 0.043750
5 0.974616 0.781577 0.045507 0.043047
0 0.279793 0.098823 0.080051 0.034679
0 0.044203 0.332647 0.022575 0.043333
0 0.134075 0.332238 0.019671 0.042010
0 0.217370 0.099127 0.031802 0.032816
5 0.808482 0.629622 0.039011 0.045572
5 0.805421 0.680551 0.032272 0.047709
0 0.963404 0.975605 0.062449 0.039599
0 0.444520 0.099454 0.048412 0.032580
5 0.139127 0.486328 0.250841 0.042544
3 0.835854 0.098815 0.039574 0.032132
0 0.929981 0.099789 0.018188 0.031419
1 0.300123 0.266284 0.017971 0.036856
5 0.760237 0.225312 0.119329 0.042474
1 0.300637 0.225970 0.016459 0.034529
0 0.330911 0.325705 0.024082 0.040545
5 0.804645 0.732517 0.032704 0.046202
0 0.370416 0.099308 0.084034 0.032986
3 0.540009 0.732297 0.233809 0.045452
0 0.107478 0.100476 0.170140 0.038983
1 0.320452 0.265786 0.019411 0.038897
5 0.446438 0.834661 0.046518 0.043872
0 0.300694 0.326066 0.023357 0.042159
0 0.971040 0.099358 0.045332 0.032532
5 0.138726 0.645625 0.250185 0.043342
0 0.675576 0.098796 0.026032 0.030526
1 0.300674 0.187190 0.016084 0.035128
5 0.140696 0.447574 0.246478 0.048564
3 0.539162 0.884813 0.233135 0.049543
0 0.629309 0.099272 0.051440 0.032078
5 0.804703 0.781017 0.032356 0.044675
5 0.138843 0.566746 0.250834 0.045288
5 0.443338 0.580415 0.038871 0.042389
3 0.540161 0.631723 0.232593 0.045452
5 0.971986 0.186416 0.050127 0.041095
5 0.762083 0.185961 0.118175 0.041866
5 0.138401 0.527218 0.250525 0.045402
5 0.908251 0.186845 0.079429 0.040475
5 0.351805 0.187161 0.044633 0.039603
1 0.914441 0.581966 0.016104 0.031943
5 0.908472 0.225243 0.079175 0.041380
5 0.138479 0.726169 0.250150 0.044945
5 0.808383 0.530563 0.039043 0.043158
0 0.350630 0.478807 0.079418 0.036230
5 0.008715 0.487912 0.017399 0.038811
5 0.971740 0.224854 0.050124 0.041608
5 0.835420 0.147909 0.033772 0.038334
5 0.138664 0.804956 0.249998 0.043266
5 0.971300 0.146163 0.050182 0.039422
3 0.153430 0.332257 0.018875 0.042843
5 0.138221 0.607406 0.247796 0.043678
5 0.907549 0.264358 0.078012 0.042309
5 0.836118 0.263730 0.031902 0.041323
5 0.491604 0.225467 0.141317 0.042917
5 0.008754 0.567066 0.017497 0.038575
5 0.008742 0.647033 0.017484 0.038884
5 0.631287 0.225582 0.140458 0.043065
5 0.008681 0.529362 0.017294 0.039024
5 0.351851 0.226467 0.045592 0.040910
5 0.008697 0.608836 0.017352 0.039469
5 0.008753 0.686111 0.017429 0.039777
0 0.601607 0.482434 0.042719 0.032340
5 0.137939 0.686357 0.250401 0.044536
0 0.903465 0.099888 0.017572 0.032448
5 0.008729 0.726546 0.017457 0.038995
5 0.492510 0.185083 0.136439 0.045352
5 0.860781 0.263442 0.020617 0.039578
5 0.008565 0.448818 0.017004 0.042140
0 0.754318 0.100756 0.112247 0.034627
5 0.008732 0.805985 0.017464 0.039173
5 0.760447 0.264033 0.120804 0.043256
5 0.008667 0.768240 0.017297 0.039709
5 0.971692 0.265699 0.050249 0.040443
5 0.758691 0.147928 0.118903 0.037852
5 0.835812 0.225596 0.031770 0.040303
5 0.138673 0.766371 0.247239 0.044000
5 0.835857 0.187100 0.031747 0.038166
5 0.859974 0.187655 0.019709 0.037401
1 0.914753 0.530536 0.014731 0.030092
1 0.915296 0.628821 0.017337 0.035200
1 0.319837 0.187228 0.019083 0.037031
5 0.442231 0.530707 0.034999 0.039284
5 0.631003 0.186752 0.140845 0.042738
5 0.351805 0.266221 0.044692 0.042791
5 0.916439 0.733074 0.017445 0.041119
5 0.860477 0.149373 0.019596 0.034573
5 0.410438 0.187427 0.023789 0.038818
5 0.410379 0.225682 0.024461 0.041287
5 0.859915 0.225899 0.019716 0.039388
5 0.008790 0.845212 0.017478 0.040286
0 0.531468 0.480211 0.055728 0.031147
1 0.320153 0.225723 0.019250 0.036481
5 0.409529 0.264531 0.025782 0.041985
5 0.138943 0.885870 0.249689 0.044478
5 0.008767 0.884304 0.017534 0.038585
1 0.476641 0.833002 0.015498 0.043450
5 0.139977 0.845987 0.248562 0.044309
5 0.352269 0.147828 0.047880 0.039047
5 0.631451 0.267462 0.140573 0.042334
0 0.443405 0.479051 0.082377 0.032937
5 0.629417 0.154169 0.141121 0.033596
1 0.320879 0.148011 0.017572 0.033590
0 0.497452 0.529834 0.016160 0.029007
1 0.301104 0.147764 0.018430 0.033280
5 0.490532 0.263609 0.137253 0.043512
5 0.383934 0.264448 0.024413 0.041558
5 0.919718 0.148124 0.055252 0.036679
0 0.831548 0.480195 0.125264 0.039295