5 0.722121 0.441777 0.061006 0.037643
5 0.226618 0.441762 0.085108 0.037921
5 0.195951 0.650966 0.060630 0.038795
5 0.188491 0.603508 0.044914 0.039748
5 0.740363 0.602923 0.043085 0.039063
0 0.955401 0.959778 0.073921 0.038665
5 0.228813 0.488460 0.089212 0.040550
5 0.771940 0.651485 0.109083 0.042564
5 0.721723 0.393603 0.059604 0.038819
0 0.183112 0.094201 0.090280 0.033443
0 0.023349 0.964183 0.029237 0.038950
5 0.212179 0.395190 0.052738 0.038378
3 0.963738 0.094727 0.033320 0.034499
5 0.218735 0.746870 0.106136 0.038514
5 0.771007 0.746243 0.107090 0.042263
0 0.034213 0.869971 0.035878 0.043454
3 0.444081 0.093666 0.103678 0.030978
3 0.310988 0.094007 0.129953 0.031865
5 0.804937 0.698624 0.174695 0.040514
5 0.857810 0.651571 0.061308 0.040099
3 0.728898 0.093798 0.107204 0.031230
0 0.069653 0.094969 0.103791 0.032396
0 0.068795 0.869739 0.033485 0.042116
0 0.816747 0.746006 0.016395 0.037809
3 0.585514 0.093697 0.149083 0.033557
5 0.213447 0.700566 0.094622 0.037866
0 0.264037 0.489599 0.014990 0.028850
0 0.878193 0.651844 0.022124 0.037991
0 0.817094 0.652167 0.016129 0.036886
0 0.263662 0.746589 0.017000 0.036642
0 0.258885 0.443619 0.015927 0.027047
0 0.217126 0.651550 0.017996 0.036824
0 0.884449 0.698368 0.018695 0.036942
0 0.230779 0.396737 0.012179 0.027047
0 0.251390 0.699664 0.015927 0.027047
0 0.300653 0.869270 0.013584 0.025466
4 0.087128 0.287180 0.110261 0.037450
4 0.226251 0.287805 0.135556 0.038698
4 0.377048 0.285932 0.136204 0.044940
4 0.491627 0.286744 0.057247 0.040998
4 0.572764 0.284181 0.063903 0.042706
4 0.647984 0.285889 0.050146 0.042706
4 0.763217 0.285889 0.151327 0.042706
4 0.899086 0.286317 0.080767 0.043560