0 0.064449 0.190770 0.020723 0.039156
0 0.161473 0.190577 0.020835 0.039027
0 0.093655 0.190642 0.021572 0.038603
0 0.351243 0.190535 0.021404 0.039825
0 0.214337 0.190835 0.021320 0.039745
0 0.040597 0.190773 0.020538 0.040101
0 0.238265 0.190910 0.020396 0.039017
0 0.261159 0.190912 0.019952 0.038980
0 0.283391 0.190677 0.020740 0.039416
0 0.011645 0.191173 0.018653 0.040919
0 0.184213 0.190537 0.020431 0.039790
0 0.116914 0.191189 0.018464 0.037551
3 0.134045 0.192388 0.016947 0.041262
0 0.412556 0.189609 0.018922 0.039446
0 0.374255 0.190172 0.018627 0.038851
0 0.974452 0.096150 0.043668 0.033856
0 0.929878 0.096123 0.035351 0.036509
3 0.033898 0.095823 0.037089 0.031629
0 0.306409 0.191454 0.018310 0.039979
1 0.010462 0.351332 0.014053 0.026436
1 0.010696 0.316989 0.014521 0.023277
1 0.909113 0.316009 0.012786 0.025241
1 0.009943 0.279283 0.014138 0.030170
3 0.322825 0.192170 0.016395 0.043684
3 0.390225 0.191461 0.015088 0.041385
1 0.909515 0.280344 0.011094 0.021633