5 0.464549 0.853870 0.028950 0.039443
5 0.193644 0.627668 0.080320 0.038607
0 0.382904 0.175014 0.021775 0.037516
0 0.902580 0.975887 0.067171 0.037489
3 0.348653 0.094276 0.036338 0.028741
0 0.425485 0.174815 0.021108 0.036062
0 0.446247 0.174624 0.021237 0.036177
5 0.464361 0.806696 0.028997 0.039075
0 0.467994 0.174868 0.021943 0.037517
5 0.214221 0.176242 0.136484 0.043283
0 0.103300 0.093377 0.080864 0.028892
5 0.193825 0.671512 0.079956 0.041000
5 0.464299 0.898853 0.029837 0.039945
5 0.193465 0.264166 0.091801 0.038399
0 0.027941 0.094375 0.054186 0.031526
0 0.313284 0.311096 0.135314 0.041483
5 0.162286 0.220646 0.029621 0.039923
0 0.977171 0.095465 0.045540 0.031882
3 0.229426 0.583029 0.149929 0.040273
5 0.488587 0.672506 0.079497 0.039049
0 0.048329 0.405556 0.053607 0.041106
0 0.404414 0.174909 0.020285 0.035545
5 0.300124 0.490649 0.289254 0.034462
0 0.489179 0.490164 0.022870 0.039186
0 0.970724 0.976344 0.058552 0.035294
0 0.194962 0.094361 0.087324 0.030745
5 0.186906 0.309991 0.080648 0.041088
3 0.284996 0.094843 0.076320 0.030557
1 0.458936 0.628541 0.013040 0.027768
0 0.117054 0.399627 0.049779 0.035267
5 0.013543 0.897628 0.012658 0.025562
5 0.013428 0.854208 0.013109 0.027444
0 0.174514 0.400111 0.036555 0.034385
4 0.202276 0.530496 0.078185 0.033939