5 0.395132 0.805779 0.048562 0.039436
0 0.567098 0.164808 0.022342 0.039908
0 0.525738 0.164745 0.022476 0.040416
0 0.566695 0.211487 0.021819 0.040710
5 0.453392 0.487009 0.029022 0.039436
5 0.189083 0.440648 0.035343 0.042313
5 0.408469 0.759622 0.077831 0.042124
0 0.031584 0.082302 0.033785 0.028530
5 0.196000 0.851937 0.131987 0.042124
5 0.373726 0.167591 0.280026 0.037070
5 0.483850 0.396934 0.091668 0.038539
5 0.109481 0.395406 0.029134 0.040812
0 0.895729 0.975242 0.063796 0.040987
0 0.105843 0.081174 0.095440 0.029443
0 0.357251 0.082100 0.058690 0.028661
5 0.468764 0.213905 0.178883 0.043233
0 0.963386 0.970398 0.059747 0.029599
0 0.970689 0.082402 0.043717 0.031445
5 0.127272 0.441568 0.062179 0.040473
5 0.490659 0.440851 0.102692 0.040332
5 0.105944 0.169753 0.033564 0.039553
0 0.428056 0.081312 0.065468 0.029330
0 0.524446 0.081215 0.108093 0.030891
3 0.818882 0.081953 0.036526 0.030771
0 0.058162 0.302234 0.047801 0.032166
0 0.644767 0.082598 0.116588 0.032054
0 0.367354 0.211606 0.021779 0.040473
5 0.222768 0.212481 0.267730 0.038544
5 0.243769 0.623984 0.228591 0.040780
5 0.168630 0.166881 0.089058 0.037489
0 0.539197 0.394694 0.021620 0.041228
5 0.153913 0.396035 0.034091 0.037714
5 0.243571 0.669425 0.229576 0.043110
0 0.931404 0.082653 0.018436 0.032415
0 0.240634 0.082182 0.160394 0.033155
0 0.752117 0.082635 0.083934 0.033498
0 0.124364 0.300593 0.053941 0.035429
0 0.373731 0.299660 0.069522 0.034065