0 0.630196 0.250838 0.024722 0.040111
0 0.594851 0.098792 0.079511 0.038906
0 0.416463 0.892737 0.023649 0.044088
0 0.416560 0.572142 0.024826 0.043372
0 0.416596 0.250636 0.025152 0.042983
4 0.092072 0.339256 0.181819 0.032082
0 0.515865 0.097464 0.079776 0.035574
4 0.097259 0.382174 0.191467 0.030843
4 0.068253 0.427656 0.135101 0.031633
4 0.091781 0.246938 0.179460 0.031911
4 0.032738 0.838100 0.065382 0.030943
4 0.059296 0.201160 0.112656 0.026790
4 0.055921 0.520155 0.110499 0.031067
4 0.043796 0.794115 0.087592 0.027895
5 0.921904 0.088327 0.150400 0.041863
4 0.050696 0.701697 0.101330 0.030775
4 0.062663 0.929767 0.124760 0.031275
4 0.039948 0.565484 0.078433 0.029953
4 0.070332 0.474666 0.139032 0.033852
4 0.039683 0.748065 0.079348 0.027758
4 0.033960 0.610354 0.067247 0.030503
4 0.052845 0.976463 0.104014 0.031245
4 0.040286 0.656841 0.078755 0.031010
0 0.990265 0.088130 0.013132 0.033481
4 0.091999 0.294177 0.181102 0.033088
0 0.432447 0.098375 0.080548 0.038074
4 0.292771 0.689563 0.141741 0.033305
4 0.072635 0.883612 0.144039 0.031189
4 0.283288 0.370595 0.123286 0.033684
4 0.317237 0.787621 0.116776 0.057634
4 0.304014 0.453182 0.145100 0.034368