5 0.327681 0.476202 0.486278 0.307375
5 0.247500 0.753391 0.124454 0.038598
0 0.032995 0.867465 0.034530 0.038906
5 0.715619 0.848022 0.049467 0.041959
5 0.738454 0.802018 0.096414 0.041645
5 0.775015 0.753205 0.167720 0.043761
3 0.962204 0.092082 0.032336 0.034013
0 0.955030 0.961917 0.075303 0.038801
0 0.068442 0.867381 0.033453 0.038338
0 0.777546 0.800455 0.018437 0.034004
3 0.728876 0.089889 0.109585 0.034047
0 0.069812 0.091017 0.102378 0.031966
5 0.738647 0.894180 0.097273 0.041947
0 0.024145 0.964554 0.028414 0.036059
3 0.443299 0.090148 0.103515 0.032326
5 0.311372 0.705407 0.250379 0.044842
3 0.310439 0.089700 0.130084 0.034283
3 0.584938 0.090436 0.148689 0.035016
0 0.183376 0.090110 0.090538 0.033233
5 0.338457 0.894473 0.041680 0.038467
0 0.351120 0.894576 0.016149 0.036211
5 0.232897 0.800441 0.096716 0.041898
0 0.778680 0.894389 0.016405 0.036893
0 0.086046 0.277824 0.111852 0.044223