5 0.755647 0.366041 0.027852 0.038357
0 0.087301 0.531216 0.021156 0.033321
5 0.499722 0.325123 0.045735 0.037593
0 0.554850 0.092353 0.022758 0.033914
5 0.554609 0.408249 0.155187 0.039313
0 0.307182 0.222457 0.132042 0.033013
0 0.610711 0.091333 0.019030 0.029844
3 0.126915 0.094991 0.157567 0.039199
0 0.062306 0.531054 0.023271 0.033549
5 0.764459 0.324906 0.046086 0.037267
0 0.274428 0.094805 0.020355 0.031575
5 0.765001 0.449298 0.046374 0.039634
0 0.298325 0.094937 0.019262 0.031066
0 0.169364 0.223548 0.117113 0.034913
0 0.272351 0.530425 0.023402 0.033174
5 0.201047 0.449449 0.055889 0.038900
0 0.111572 0.530612 0.020187 0.033517
0 0.587344 0.093369 0.020767 0.032079
5 0.223547 0.324847 0.101206 0.039342
0 0.531102 0.092897 0.023230 0.034594
0 0.197345 0.531124 0.019468 0.032443
5 0.224474 0.366398 0.100574 0.040044
0 0.375477 0.094036 0.018098 0.030990
0 0.242938 0.094097 0.018971 0.036031
0 0.331445 0.529946 0.030942 0.035110
0 0.029797 0.530775 0.022881 0.034547
0 0.300685 0.530415 0.028946 0.031894
0 0.406478 0.530481 0.024491 0.036895
0 0.052645 0.219090 0.018681 0.029315
0 0.400709 0.093425 0.025549 0.034294
0 0.136345 0.530130 0.023538 0.034831
5 0.525879 0.366764 0.099892 0.040306
0 0.322227 0.095405 0.020504 0.031508
0 0.075763 0.219261 0.020942 0.028962
0 0.352283 0.092934 0.024006 0.034251
0 0.475231 0.092821 0.021616 0.035325
0 0.451384 0.092749 0.022645 0.035692
0 0.499845 0.092747 0.024497 0.034863
0 0.165221 0.530488 0.030061 0.034618
0 0.427649 0.092834 0.025368 0.036278
0 0.212225 0.529948 0.014747 0.035418
5 0.251877 0.407713 0.156378 0.037429
0 0.027601 0.219161 0.023435 0.033330
0 0.455143 0.222313 0.139859 0.039515
0 0.236462 0.530998 0.030354 0.033674
0 0.371182 0.530731 0.031478 0.035515
0 0.030391 0.093823 0.023305 0.036854
0 0.097973 0.219512 0.019022 0.028161
0 0.021161 0.032622 0.019897 0.027180
0 0.218376 0.093501 0.023037 0.033575
1 0.486755 0.449298 0.014755 0.027023