0 0.646557 0.108731 0.021315 0.038792
0 0.673219 0.107332 0.020971 0.039496
0 0.354076 0.108888 0.025141 0.041628
0 0.612440 0.108522 0.024192 0.040172
5 0.327325 0.425311 0.111467 0.045006
0 0.586237 0.109805 0.025238 0.039870
0 0.197134 0.256801 0.082243 0.036162
0 0.388980 0.108117 0.025265 0.042744
0 0.079765 0.256456 0.117289 0.038032
0 0.472672 0.108097 0.025666 0.041306
0 0.413863 0.108211 0.020854 0.042197
0 0.441733 0.108312 0.026635 0.042291
0 0.267823 0.109687 0.024621 0.040190
5 0.297310 0.473767 0.050946 0.041532
0 0.327961 0.109616 0.024295 0.040308
5 0.297136 0.521969 0.050428 0.042219
0 0.316213 0.258290 0.119747 0.040052
0 0.301691 0.109557 0.023873 0.038724
0 0.499537 0.107992 0.022093 0.040920
0 0.552222 0.108200 0.024705 0.041648
0 0.526747 0.107749 0.022320 0.041805
0 0.033466 0.110364 0.021139 0.039592
0 0.021635 0.037560 0.019049 0.026638
0 0.241325 0.109398 0.021935 0.040041
3 0.140504 0.110595 0.173171 0.047420