0 0.648361 0.141044 0.022281 0.051922
0 0.355511 0.143156 0.026027 0.056726
0 0.614116 0.140614 0.025340 0.053340
0 0.587719 0.141025 0.024515 0.054162
0 0.675719 0.139971 0.022717 0.054177
0 0.830652 0.429892 0.039794 0.062062
0 0.389497 0.140472 0.024562 0.057798
0 0.302083 0.143100 0.026255 0.050505
0 0.267274 0.141992 0.022964 0.050940
5 0.642504 0.494400 0.051932 0.059818
0 0.328285 0.144483 0.022183 0.052454
0 0.180894 0.335323 0.114066 0.048392
3 0.140527 0.143146 0.173189 0.056614
0 0.474201 0.139586 0.025275 0.053165
0 0.083844 0.335412 0.023813 0.047919
0 0.830790 0.494932 0.039600 0.059919
0 0.501728 0.139322 0.022990 0.053109
5 0.673156 0.432445 0.112093 0.059818
5 0.389069 0.493472 0.050381 0.058575
0 0.552560 0.139201 0.026009 0.053681
0 0.526948 0.138800 0.022673 0.053576
0 0.303045 0.333356 0.115987 0.048215
0 0.107235 0.334848 0.018205 0.049425
0 0.058427 0.335488 0.024002 0.047354
5 0.420057 0.432623 0.112100 0.058750
0 0.414978 0.140018 0.022617 0.059033
5 0.388846 0.556532 0.050590 0.058750
0 0.032059 0.336794 0.023551 0.050574
0 0.424628 0.336993 0.088032 0.044634
0 0.242503 0.142499 0.024124 0.051630
0 0.442250 0.140064 0.028427 0.058176
5 0.379390 0.617222 0.029855 0.056222
5 0.586112 0.490661 0.062886 0.067295
1 0.027399 0.679617 0.018032 0.042147