0 0.246900 0.078149 0.020378 0.028297
0 0.290219 0.077952 0.020486 0.029238
0 0.500746 0.076050 0.020480 0.027429
0 0.318223 0.076403 0.019297 0.027070
0 0.528411 0.075913 0.019096 0.026463
5 0.342201 0.741814 0.091608 0.032563
0 0.138642 0.182603 0.074744 0.023535
0 0.661406 0.742570 0.034731 0.035683
5 0.549108 0.742299 0.091668 0.034286
0 0.087590 0.180619 0.015975 0.025946
0 0.218665 0.077892 0.019917 0.028272
0 0.478941 0.076247 0.020607 0.027637
0 0.268407 0.078244 0.018129 0.029261
0 0.550042 0.076165 0.016757 0.027054
5 0.341537 0.640993 0.093054 0.036802
0 0.066449 0.181418 0.016679 0.027110
0 0.047654 0.181678 0.016217 0.025483
5 0.341912 0.268430 0.092071 0.033074
0 0.661230 0.877491 0.034935 0.037653
5 0.341958 0.776435 0.092010 0.035450
5 0.317736 0.302911 0.041759 0.033046
0 0.026818 0.182186 0.017150 0.025711
5 0.342455 0.876811 0.092050 0.034223
0 0.677463 0.304212 0.033274 0.033493
5 0.523679 0.302694 0.040646 0.032085
0 0.360036 0.076523 0.018556 0.026790
0 0.408884 0.075972 0.018008 0.027388
0 0.338585 0.076550 0.018811 0.026406
0 0.110621 0.471671 0.158689 0.035135
5 0.548173 0.877152 0.091250 0.034577
5 0.548865 0.268919 0.091516 0.031746
0 0.677332 0.268006 0.032251 0.033803
0 0.387299 0.075639 0.019530 0.027631
3 0.113638 0.077771 0.141197 0.031950
0 0.451179 0.076005 0.022152 0.028519
0 0.198378 0.078370 0.017343 0.024903
0 0.428935 0.075975 0.019055 0.027630
5 0.564675 0.403654 0.503531 0.033333
5 0.304694 0.402865 0.016431 0.033108
5 0.056211 0.608619 0.014840 0.021081
5 0.056211 0.709280 0.014840 0.022135
5 0.056436 0.842441 0.013491 0.022135
5 0.631575 0.437765 0.672127 0.031998