5 0.172915 0.405498 0.119110 0.040740
0 0.019887 0.178137 0.021201 0.040224
5 0.211448 0.723963 0.126509 0.039013
5 0.202052 0.542708 0.147012 0.040321
5 0.520650 0.541105 0.147622 0.041286
5 0.250101 0.404975 0.035325 0.038257
5 0.221476 0.360549 0.217088 0.039821
5 0.288618 0.723158 0.028758 0.037403
0 0.909445 0.974611 0.074743 0.041004
5 0.492547 0.405219 0.119158 0.039551
5 0.256945 0.269745 0.286382 0.038011
5 0.625814 0.404971 0.076601 0.038517
0 0.977122 0.087573 0.043710 0.031198
0 0.920143 0.087587 0.057164 0.031964
5 0.347554 0.360096 0.035047 0.038916
0 0.975265 0.970508 0.048578 0.034570
5 0.256473 0.315901 0.287327 0.039821
0 0.050370 0.087188 0.078892 0.030527
3 0.135574 0.087430 0.076929 0.030618
3 0.199154 0.087242 0.035555 0.028488
5 0.569555 0.404768 0.035643 0.038023
0 0.071979 0.182093 0.042103 0.041361
5 0.121403 0.541552 0.015890 0.039820
5 0.440941 0.541014 0.016796 0.040173