0 0.070025 0.880139 0.022747 0.045839
0 0.047188 0.880406 0.022283 0.045305
0 0.461414 0.217818 0.107713 0.045412
0 0.977926 0.092179 0.044111 0.034418
0 0.532517 0.216001 0.024300 0.045412
0 0.706168 0.978616 0.064271 0.042768
0 0.024508 0.318464 0.024002 0.046909
0 0.283048 0.215860 0.022749 0.045694
0 0.354044 0.217364 0.108212 0.048137
0 0.850371 0.976073 0.071834 0.031001
0 0.556339 0.217364 0.022393 0.044504
0 0.579196 0.216910 0.023466 0.043595
0 0.069998 0.216455 0.023175 0.046320
0 0.976021 0.975023 0.047922 0.032561
0 0.918872 0.974471 0.049698 0.031159
0 0.774778 0.975990 0.061910 0.031867
3 0.218067 0.094039 0.037191 0.038820
0 0.046937 0.216455 0.023645 0.044504
0 0.259627 0.216030 0.022611 0.045355
5 0.167507 0.217364 0.159173 0.044504
0 0.916956 0.092180 0.062795 0.035866
1 0.095179 0.880427 0.014648 0.025578
3 0.149035 0.092334 0.083034 0.039279
0 0.374187 0.880139 0.022792 0.045839
0 0.055882 0.091333 0.083233 0.035244
5 0.343343 0.881181 0.038971 0.045839
0 0.121612 0.322469 0.020414 0.042729
0 0.075562 0.315162 0.034498 0.037824
5 0.270939 0.369681 0.138675 0.045952
5 0.355256 0.370160 0.031242 0.043080
0 0.161532 0.315860 0.021516 0.034760