0 0.262210 0.224250 0.020686 0.041025
0 0.532445 0.222544 0.024459 0.042858
0 0.074264 0.877776 0.022487 0.043248
0 0.074475 0.222375 0.022567 0.041172
0 0.494399 0.474092 0.023843 0.043709
0 0.355529 0.222843 0.106337 0.044709
0 0.462252 0.223247 0.107182 0.045517
0 0.284745 0.222421 0.024160 0.039499
0 0.050911 0.878229 0.022098 0.044196
0 0.028557 0.323251 0.023808 0.042007
0 0.050986 0.221616 0.023921 0.042029
0 0.555972 0.222242 0.022589 0.041426
0 0.914883 0.970488 0.047689 0.032541
0 0.375565 0.876848 0.022024 0.044607
0 0.704644 0.973639 0.062517 0.043293
5 0.254248 0.576449 0.099451 0.044145
5 0.224360 0.674764 0.039704 0.041997
5 0.171805 0.223077 0.159986 0.043370
0 0.772251 0.973511 0.063147 0.033311
0 0.578164 0.222128 0.022773 0.041709
5 0.303727 0.626192 0.196800 0.044243
3 0.153247 0.102649 0.083607 0.034809
3 0.221629 0.101320 0.038564 0.030199
5 0.269382 0.524425 0.129719 0.041295
0 0.973046 0.971243 0.051098 0.030964
0 0.846066 0.971781 0.070839 0.030178
0 0.973783 0.102860 0.048186 0.032424
0 0.060786 0.102017 0.088614 0.034631
5 0.322348 0.474390 0.235958 0.045616
5 0.344793 0.875609 0.039208 0.040345
1 0.098000 0.877245 0.014645 0.029877
0 0.164881 0.324173 0.021343 0.036489
5 0.397430 0.726953 0.385579 0.045177
0 0.913738 0.102264 0.060110 0.033717
0 0.077726 0.322970 0.037807 0.039475
5 0.457521 0.523367 0.037174 0.043555
5 0.220131 0.373549 0.030641 0.042403
5 0.250645 0.373053 0.017296 0.041862
4 0.675777 0.467177 0.079304 0.031451
5 0.457648 0.474118 0.037218 0.041485
3 0.667793 0.373065 0.128051 0.043370
0 0.212216 0.325322 0.039168 0.037349
4 0.678981 0.417007 0.081838 0.029948
0 0.126579 0.324343 0.024227 0.034629
4 0.659114 0.520343 0.041510 0.027106
5 0.273490 0.373468 0.018161 0.043370