5 0.201902 0.340342 0.083493 0.044517
0 0.029101 0.290490 0.023904 0.045555
0 0.901371 0.974486 0.080369 0.041177
5 0.514802 0.392127 0.197244 0.044517
3 0.240175 0.188571 0.144706 0.044226
5 0.480463 0.341250 0.130151 0.044517
0 0.973074 0.972488 0.051930 0.034895
5 0.622320 0.846229 0.038374 0.043608
5 0.201994 0.390362 0.084305 0.040988
3 0.222798 0.095553 0.038473 0.030923
5 0.194977 0.846380 0.129364 0.044517
0 0.973777 0.096537 0.047580 0.033783
3 0.152543 0.095904 0.083846 0.034366
0 0.029094 0.593048 0.024155 0.046260
5 0.592757 0.794787 0.233957 0.043082
5 0.277645 0.846835 0.037980 0.043608
0 0.090471 0.290918 0.056363 0.048748
5 0.683761 0.846835 0.083885 0.043608
5 0.728915 0.795958 0.038546 0.043608
5 0.540653 0.846986 0.129748 0.042700
0 0.085486 0.596682 0.044030 0.046653
0 0.913063 0.095557 0.058433 0.033535
5 0.382894 0.796848 0.037802 0.042135
0 0.060635 0.095981 0.087616 0.034051
5 0.246499 0.795958 0.233273 0.043608
5 0.285311 0.695270 0.310226 0.041994
3 0.089736 0.188740 0.144381 0.044563
5 0.285557 0.744291 0.309447 0.042359
1 0.084141 0.442549 0.014766 0.030889
3 0.172333 0.441640 0.144436 0.043608
5 0.889880 0.188918 0.017398 0.045555
5 0.866619 0.188412 0.029935 0.044543
0 0.147102 0.287660 0.016119 0.031773
0 0.314087 0.972379 0.071581 0.029989
0 0.144153 0.591117 0.036097 0.036792