0 0.550738 0.249080 0.024130 0.043686
0 0.635369 0.249744 0.021554 0.041392
0 0.583543 0.249376 0.023368 0.043586
0 0.394164 0.249137 0.085197 0.042760
0 0.659813 0.249778 0.023828 0.042332
0 0.609633 0.249549 0.023611 0.042836
0 0.329531 0.249379 0.022780 0.041896
0 0.460175 0.248919 0.020662 0.040492
0 0.063539 0.103189 0.092757 0.034488
0 0.188767 0.103844 0.144918 0.036724
0 0.308742 0.102636 0.082681 0.033566
3 0.579016 0.102328 0.039818 0.030977
0 0.388212 0.102791 0.063164 0.032961
3 0.520118 0.248200 0.017939 0.041819
0 0.975017 0.103048 0.048952 0.036264
0 0.686163 0.249272 0.019317 0.041405
1 0.322786 0.434808 0.014885 0.029096
0 0.490139 0.104033 0.124403 0.034553
3 0.856983 0.249148 0.034362 0.044662
1 0.323176 0.512047 0.014803 0.027472
3 0.895855 0.248898 0.033660 0.043516
3 0.478120 0.248998 0.017716 0.041028
3 0.704011 0.249368 0.018622 0.042885
3 0.753569 0.248552 0.018355 0.041216
1 0.322619 0.356509 0.015330 0.031043
0 0.734094 0.249573 0.019913 0.042283
3 0.794584 0.249320 0.019463 0.042917
4 0.119463 0.423998 0.106801 0.031564
0 0.501062 0.249102 0.021297 0.044726
1 0.322879 0.473108 0.014925 0.031205
0 0.775258 0.249067 0.020779 0.042987
4 0.132370 0.621189 0.078379 0.026595
1 0.322211 0.393718 0.014103 0.029608
4 0.116796 0.661872 0.100231 0.028074
4 0.136746 0.463909 0.144620 0.028992
4 0.097802 0.384133 0.073071 0.025401
4 0.114678 0.581873 0.076086 0.029999
0 0.974358 0.246206 0.021728 0.030163
4 0.140533 0.700348 0.147665 0.030922
4 0.137496 0.859941 0.144606 0.033767
4 0.139746 0.741870 0.145876 0.029391
4 0.107117 0.540500 0.080714 0.026306
4 0.103973 0.505304 0.078307 0.027320
4 0.082605 0.304688 0.060794 0.025424
0 0.825183 0.249092 0.021360 0.044745
4 0.094060 0.778775 0.055087 0.027083
4 0.119074 0.819987 0.107364 0.024728
4 0.091250 0.345648 0.069702 0.030615
4 0.080570 0.268521 0.052839 0.022373
4 0.076354 0.224365 0.041034 0.028260
4 0.073824 0.187273 0.037099 0.022373