5 0.566260 0.415457 0.148018 0.041675
5 0.171573 0.463006 0.038953 0.039988
5 0.568208 0.368303 0.150320 0.040697
5 0.202014 0.369185 0.101533 0.036309
5 0.171901 0.413681 0.038912 0.041273
5 0.194316 0.228929 0.089527 0.046218
5 0.167884 0.650951 0.032736 0.039151
4 0.961123 0.094300 0.052571 0.038983
0 0.050189 0.093570 0.060781 0.029075
5 0.168201 0.602691 0.032100 0.038021
0 0.966823 0.972325 0.035799 0.040234
0 0.110402 0.092581 0.039703 0.029688
0 0.961376 0.096316 0.054453 0.041929
3 0.110521 0.092859 0.040150 0.028672