0 0.259709 0.115860 0.092186 0.046126
4 0.078636 0.473068 0.149154 0.031794
5 0.908589 0.118889 0.176194 0.045541
4 0.107461 0.373686 0.199692 0.032219
0 0.078086 0.115670 0.093730 0.045221
4 0.080608 0.524517 0.156482 0.028996
4 0.067665 0.576776 0.130904 0.029979
0 0.169470 0.115914 0.092299 0.044338
4 0.106773 0.322254 0.196698 0.030721
4 0.064748 0.220105 0.128484 0.034669
0 0.467610 0.408553 0.026862 0.048521
0 0.467594 0.770457 0.027483 0.046580
4 0.039127 0.678150 0.074554 0.030897
4 0.047310 0.729395 0.090208 0.027038
4 0.045667 0.627053 0.085295 0.028307
4 0.044374 0.831531 0.082858 0.026263
4 0.058252 0.779089 0.108131 0.030205
4 0.109485 0.271315 0.208560 0.029068
4 0.036571 0.933924 0.066716 0.028405
4 0.051092 0.882972 0.095717 0.027795
4 0.109057 0.422602 0.213257 0.027585
4 0.082578 0.984609 0.161255 0.030782