5 0.194975 0.625153 0.078018 0.035424
5 0.195366 0.670103 0.078761 0.038766
5 0.463983 0.851703 0.030306 0.038540
5 0.163158 0.215981 0.029454 0.036806
5 0.195064 0.259871 0.092280 0.036628
0 0.105491 0.088271 0.077800 0.025694
5 0.464616 0.806859 0.028915 0.035170
5 0.216894 0.171281 0.134844 0.041664
5 0.300622 0.489890 0.288709 0.042282
5 0.189921 0.306393 0.079322 0.033096
5 0.489769 0.670348 0.078543 0.037711
5 0.463811 0.896520 0.030062 0.036672
0 0.030190 0.089102 0.054478 0.030349
0 0.425743 0.169517 0.022262 0.038971
3 0.231222 0.579905 0.152283 0.037329
0 0.973587 0.088081 0.047426 0.036729
0 0.383913 0.169529 0.022072 0.041660
0 0.447355 0.170053 0.020631 0.040013
0 0.050739 0.400329 0.051524 0.034726
0 0.468261 0.170157 0.021435 0.041933
0 0.404799 0.170028 0.019720 0.039758
5 0.015341 0.897654 0.016071 0.031232
3 0.231784 0.535635 0.151159 0.040330
4 0.974682 0.087613 0.047670 0.035134
0 0.198116 0.089342 0.090454 0.029281
0 0.312653 0.306573 0.133987 0.035158
3 0.284699 0.089222 0.071716 0.026414
5 0.015242 0.807713 0.016035 0.027937
3 0.348115 0.088089 0.034666 0.026913
5 0.016107 0.850773 0.014918 0.027757
0 0.487634 0.491029 0.022701 0.047584