1 0.907058 0.824443 0.018755 0.037166
0 0.329388 0.267060 0.022963 0.043858
0 0.245375 0.265301 0.024336 0.047144
4 0.587113 0.693642 0.096375 0.025161
0 0.278496 0.266043 0.023215 0.043863
0 0.304259 0.266619 0.021491 0.043210
1 0.906670 0.864744 0.019401 0.037155
4 0.588056 0.732512 0.094153 0.027679
0 0.100503 0.344654 0.021950 0.042926
0 0.067568 0.344170 0.021790 0.043978
0 0.696889 0.951868 0.053795 0.035623
0 0.355373 0.266126 0.020270 0.045869
1 0.906896 0.904711 0.018479 0.036310
0 0.762144 0.948964 0.060344 0.038838
4 0.579948 0.615084 0.081537 0.022390
5 0.981166 0.163093 0.037369 0.039184
4 0.587580 0.573137 0.095332 0.026270
0 0.132644 0.345134 0.020065 0.042482
0 0.931650 0.100974 0.014696 0.028876
0 0.041979 0.345015 0.018808 0.041081
4 0.559901 0.773335 0.041078 0.025605
0 0.972445 0.101280 0.047177 0.030212
3 0.971765 0.100852 0.046724 0.030681
5 0.846143 0.163127 0.059071 0.046425
0 0.906405 0.101088 0.013913 0.030571
4 0.559909 0.812176 0.040698 0.027878
0 0.552226 0.264939 0.023184 0.048442
4 0.567673 0.533311 0.054274 0.021818
3 0.152913 0.346042 0.017500 0.043056
4 0.558353 0.651360 0.037629 0.025292
3 0.015184 0.346040 0.030368 0.049178
4 0.568370 0.493327 0.058253 0.024248
0 0.965677 0.982464 0.062921 0.030705
4 0.585880 0.852741 0.094240 0.033108
0 0.892654 0.979369 0.074400 0.041262
4 0.582089 0.413990 0.085682 0.023363
4 0.556334 0.452717 0.035142 0.024650
5 0.398776 0.374076 0.016215 0.031712
5 0.425044 0.374766 0.016863 0.033091
0 0.516920 0.514986 0.024283 0.048754
0 0.518269 0.568041 0.024283 0.048754
0 0.799554 0.122783 0.016863 0.034520