5 0.191976 0.339601 0.038077 0.047900
5 0.215986 0.238656 0.086307 0.041733
5 0.193142 0.189323 0.040526 0.044326
5 0.328798 0.442253 0.315334 0.051062
5 0.189897 0.389518 0.032826 0.045898
5 0.192922 0.591927 0.039278 0.042523
5 0.189293 0.288961 0.033421 0.041628
5 0.215880 0.490933 0.086985 0.044008
5 0.313849 0.542723 0.086786 0.041458
0 0.969366 0.968027 0.051863 0.040010
5 0.290499 0.492129 0.056653 0.041022
1 0.470950 0.794424 0.016916 0.032605
1 0.622721 0.794153 0.016916 0.032656
1 0.471391 0.745540 0.016583 0.035406
0 0.971380 0.103515 0.051864 0.041987
5 0.215274 0.542098 0.086705 0.043556
1 0.296087 0.793860 0.017224 0.034485
1 0.623401 0.745345 0.015671 0.035681
1 0.297786 0.744596 0.016281 0.036920
0 0.025850 0.103844 0.045467 0.038220
3 0.025402 0.102757 0.046581 0.037876