0 0.373288 0.099731 0.017437 0.037490
0 0.347004 0.098888 0.017045 0.035636
0 0.321360 0.098329 0.016591 0.033125
0 0.399959 0.099755 0.017244 0.037488
0 0.243944 0.098749 0.016804 0.035365
0 0.114903 0.096161 0.017340 0.034252
0 0.218098 0.098460 0.015775 0.037602
0 0.166014 0.098890 0.018839 0.040660
0 0.269434 0.098093 0.018121 0.032152
0 0.192560 0.098200 0.015896 0.037565
0 0.026120 0.096923 0.038515 0.036815
0 0.089305 0.097169 0.017438 0.032448
0 0.063109 0.100377 0.018103 0.034084
0 0.140705 0.098657 0.016024 0.036970
0 0.976260 0.098414 0.046930 0.037441
0 0.295136 0.099160 0.016494 0.033875
0 0.934447 0.099116 0.016623 0.035112
0 0.596437 0.101391 0.054325 0.035156
0 0.319899 0.099063 0.022266 0.035812
0 0.908389 0.099251 0.016378 0.035740
0 0.488979 0.101790 0.141390 0.038876
3 0.652858 0.100586 0.039456 0.034506