5 0.649944 0.268349 0.384111 0.045176
5 0.649710 0.374977 0.386453 0.042682
0 0.104266 0.347754 0.022652 0.045148
0 0.045356 0.349712 0.021540 0.043330
5 0.683951 0.475601 0.333144 0.052458
0 0.071873 0.349175 0.023433 0.044212
1 0.324246 0.831331 0.019539 0.039144
5 0.467957 0.473597 0.097915 0.040965
0 0.135923 0.347395 0.022152 0.041624
0 0.898447 0.983344 0.069013 0.033311
3 0.015405 0.349175 0.030590 0.042403
1 0.303099 0.871151 0.016916 0.026871
1 0.912294 0.872780 0.021140 0.044513
1 0.323984 0.911476 0.019509 0.036762
1 0.913013 0.830856 0.019248 0.038150
3 0.154637 0.348197 0.017220 0.044540
1 0.302559 0.910573 0.017241 0.034613
5 0.499932 0.169094 0.086799 0.044096
3 0.499742 0.731753 0.174914 0.047190
5 0.355408 0.868915 0.046631 0.039593
1 0.912932 0.910853 0.020094 0.035405
1 0.324072 0.870125 0.020447 0.038206
5 0.773860 0.168773 0.212701 0.049264
5 0.874067 0.732068 0.251866 0.051425
5 0.983687 0.167726 0.032176 0.044618
5 0.970298 0.868914 0.058940 0.041486
0 0.601220 0.103680 0.050210 0.028066
5 0.537490 0.869625 0.143276 0.044139
0 0.415532 0.101960 0.044746 0.028143
3 0.810007 0.102954 0.037393 0.030314
0 0.359248 0.102133 0.048660 0.029270
5 0.537461 0.830303 0.143218 0.045896
1 0.302722 0.828606 0.013350 0.028364
0 0.284148 0.104838 0.084912 0.032660
0 0.937648 0.104189 0.016733 0.034756
5 0.432186 0.269409 0.027667 0.045267
5 0.399224 0.829797 0.047168 0.041000
0 0.281360 0.730304 0.020858 0.039551
5 0.398632 0.872875 0.046374 0.044323
5 0.355933 0.828866 0.046021 0.043376
0 0.977342 0.104134 0.045101 0.034489
5 0.676640 0.911458 0.146626 0.044785
0 0.649289 0.102605 0.024458 0.029663
5 0.678289 0.829975 0.141923 0.043539
0 0.218291 0.102442 0.028784 0.029349
0 0.509058 0.105042 0.115305 0.029341
5 0.677878 0.869429 0.145555 0.044389
5 0.969465 0.910426 0.060849 0.045309
5 0.970684 0.829452 0.058632 0.043527
0 0.910880 0.105493 0.017770 0.036778
0 0.968687 0.987384 0.061107 0.025232
0 0.108207 0.103835 0.172850 0.038814
0 0.728171 0.106074 0.112423 0.037321
3 0.379427 0.168027 0.158797 0.044785
5 0.438683 0.376028 0.039348 0.044785
5 0.356825 0.912204 0.045672 0.043292
5 0.399335 0.912951 0.042159 0.041799
5 0.537053 0.912204 0.140528 0.040307
5 0.810380 0.830845 0.122260 0.050756
5 0.811434 0.871151 0.122962 0.041799
5 0.812488 0.911458 0.120854 0.050756