0 0.047599 0.077451 0.076912 0.028138
0 0.124353 0.077639 0.065483 0.028716
0 0.283163 0.078734 0.044120 0.027665
5 0.363410 0.556845 0.080615 0.034860
5 0.417106 0.920440 0.194724 0.038046
5 0.148958 0.154560 0.069197 0.041354
5 0.149281 0.229180 0.069662 0.036306
0 0.352002 0.077395 0.080630 0.028188
0 0.464525 0.077555 0.031892 0.028396
0 0.209771 0.078660 0.089511 0.031494
5 0.339225 0.189687 0.031651 0.035986
5 0.197373 0.553533 0.045569 0.035421
5 0.356552 0.352422 0.068686 0.034867
5 0.522304 0.189431 0.031005 0.035345
0 0.418607 0.078369 0.041544 0.028490
5 0.197612 0.597017 0.046024 0.034520
5 0.126960 0.558384 0.026816 0.035730
5 0.148783 0.876605 0.067105 0.034631
5 0.339201 0.148811 0.032690 0.033253
0 0.867606 0.981527 0.058329 0.032100
5 0.525356 0.310697 0.037380 0.033492
5 0.129805 0.678477 0.032689 0.037715
5 0.356204 0.876767 0.068129 0.034238
5 0.126428 0.599573 0.026916 0.034738
5 0.148218 0.352653 0.071501 0.037066
5 0.126765 0.638281 0.027205 0.034738
0 0.978815 0.078634 0.042238 0.033828
5 0.387672 0.517147 0.129702 0.035628
5 0.519427 0.147078 0.025286 0.032781
0 0.470810 0.517294 0.036929 0.038897
5 0.342012 0.313931 0.038268 0.036904
5 0.516632 0.351489 0.020721 0.033133
5 0.130546 0.517692 0.032171 0.033745
1 0.120114 0.395164 0.014062 0.026312
5 0.149003 0.310632 0.069463 0.034391
5 0.316657 0.759159 0.407934 0.036392
1 0.515556 0.556167 0.014256 0.023857
5 0.155732 0.921267 0.082974 0.036392
0 0.148469 0.310370 0.069271 0.035738
5 0.126558 0.720162 0.026655 0.033745
0 0.929896 0.984126 0.052999 0.029775
0 0.977676 0.986273 0.037742 0.027454