5 0.252381 0.594226 0.199135 0.044497
5 0.169453 0.763840 0.029153 0.036395
0 0.049177 0.089668 0.050526 0.029279
0 0.390376 0.090638 0.048561 0.028556
5 0.187281 0.807317 0.066980 0.035851
3 0.438709 0.088866 0.030704 0.027401
5 0.208801 0.510158 0.109379 0.042542
5 0.208431 0.551760 0.107704 0.037756
0 0.313787 0.089354 0.082207 0.027653
0 0.226805 0.088841 0.083249 0.026151
5 0.209581 0.464303 0.109083 0.037909
0 0.128691 0.089480 0.097526 0.029222
5 0.212418 0.249626 0.247922 0.048231
5 0.408494 0.720851 0.031011 0.040753
0 0.956425 0.973391 0.057769 0.036429
5 0.187094 0.892070 0.066502 0.034189
0 0.494464 0.247469 0.023985 0.036583
0 0.967061 0.089842 0.042521 0.035205
5 0.407677 0.808131 0.028106 0.039105
5 0.406585 0.464206 0.024618 0.039623
5 0.405297 0.550959 0.026031 0.037585
5 0.103782 0.336100 0.030794 0.038719
5 0.103292 0.291206 0.031254 0.035900
0 0.469834 0.207141 0.023661 0.038690
0 0.469352 0.248107 0.024017 0.035378
5 0.256325 0.764255 0.014692 0.031796
0 0.089997 0.165340 0.100772 0.042138
5 0.405335 0.763580 0.025582 0.034548
5 0.211011 0.210761 0.252311 0.042344
1 0.033909 0.850905 0.012495 0.027844
1 0.034319 0.722781 0.011538 0.023833
1 0.271959 0.850886 0.011094 0.029792