5 0.429650 0.530059 0.488306 0.356344
0 0.947027 0.968820 0.079224 0.047422
3 0.778291 0.791370 0.180344 0.047897
3 0.524923 0.117399 0.157476 0.036268
3 0.361146 0.116894 0.135001 0.036929
0 0.068990 0.117159 0.098662 0.035346
3 0.955112 0.118538 0.037347 0.043799
0 0.037537 0.857565 0.038075 0.046293
5 0.312777 0.792674 0.255097 0.054185
0 0.075919 0.858364 0.035593 0.046900
0 0.028029 0.969099 0.031183 0.042789
3 0.210844 0.920346 0.380540 0.061896
3 0.205157 0.116470 0.142578 0.037296
5 0.735462 0.849341 0.093613 0.048573
2 0.776694 0.847511 0.019063 0.037006
1 0.031786 0.922726 0.019034 0.032219
0 0.355336 0.859606 0.016570 0.036572
0 0.094327 0.280070 0.119422 0.047375
5 0.821805 0.846221 0.070593 0.051768
0 0.383948 0.860939 0.019063 0.036542