1 0.440755 0.701388 0.011818 0.024087
1 0.817442 0.702703 0.011964 0.028136
1 0.440598 0.594869 0.012867 0.027568
5 0.200832 0.262251 0.089614 0.039330
1 0.619697 0.666080 0.013244 0.026338
1 0.754346 0.594579 0.014114 0.025773
1 0.785061 0.702987 0.011054 0.026439
1 0.619539 0.595751 0.012771 0.024368
1 0.620207 0.844351 0.013528 0.027716
1 0.620306 0.702858 0.013195 0.028254
5 0.195491 0.307244 0.078852 0.040646
1 0.440553 0.740014 0.012222 0.026402
0 0.319030 0.306728 0.132384 0.042743
1 0.755189 0.702334 0.014145 0.027158
1 0.620099 0.773497 0.012381 0.026607
0 0.970411 0.090404 0.047007 0.034194
0 0.897450 0.978785 0.065337 0.041954
1 0.619606 0.880665 0.013004 0.025201
1 0.723513 0.702227 0.012320 0.029264
0 0.965016 0.976111 0.056681 0.028288
5 0.093419 0.807925 0.130626 0.038856
1 0.754988 0.881494 0.013208 0.022101
1 0.021842 0.594662 0.013491 0.024852
5 0.093167 0.700839 0.131086 0.038639
1 0.588285 0.737773 0.014247 0.024893
0 0.113894 0.089277 0.082034 0.028556
1 0.588734 0.702785 0.011618 0.027240
5 0.672425 0.806849 0.073693 0.037999
1 0.021601 0.666455 0.013510 0.024401
1 0.619187 0.559565 0.012994 0.024989
1 0.619605 0.737440 0.012474 0.027080
5 0.093555 0.737072 0.130899 0.037054
1 0.021331 0.773675 0.012972 0.027112
1 0.723725 0.595883 0.012848 0.025912
0 0.429151 0.170519 0.018650 0.036407
5 0.553467 0.842582 0.041512 0.038475
0 0.203020 0.089704 0.085391 0.030365
1 0.754663 0.666577 0.013585 0.024184
0 0.408226 0.170573 0.018710 0.038394
1 0.619817 0.807764 0.013468 0.028776
5 0.671718 0.843376 0.075108 0.036535
1 0.588568 0.595555 0.012815 0.025934
1 0.439991 0.523702 0.013462 0.027345
5 0.093447 0.772073 0.130683 0.039426
5 0.094137 0.842924 0.131171 0.038597
5 0.553772 0.915620 0.041187 0.038706
5 0.093883 0.596346 0.130271 0.038145
0 0.449210 0.170403 0.019624 0.036399
1 0.723692 0.772596 0.012670 0.027978
1 0.439951 0.881283 0.011696 0.023464
5 0.093726 0.486270 0.128564 0.038445
1 0.021331 0.845316 0.012972 0.027656
5 0.553482 0.806442 0.041476 0.036781
5 0.093524 0.629766 0.130515 0.038477
5 0.093459 0.879073 0.130707 0.039411
5 0.092735 0.523590 0.131187 0.040160
1 0.817312 0.774030 0.012072 0.023830
1 0.755038 0.772784 0.013490 0.025778
0 0.470625 0.170319 0.021066 0.038430
1 0.723377 0.559535 0.012672 0.027084
1 0.439787 0.631347 0.013055 0.024364
5 0.672134 0.771330 0.074275 0.036508
1 0.754288 0.559674 0.013354 0.027161
5 0.093013 0.559545 0.131742 0.038899
1 0.723541 0.881164 0.012972 0.026794
0 0.039051 0.090196 0.051848 0.029634
1 0.440433 0.809452 0.012463 0.026107
1 0.785662 0.843382 0.012972 0.024383
1 0.588200 0.629915 0.013552 0.028042
5 0.553588 0.877920 0.042129 0.037467
1 0.589011 0.772969 0.013584 0.027160
5 0.672271 0.878553 0.074002 0.037421
3 0.353848 0.089363 0.036280 0.028222
1 0.021709 0.559869 0.014187 0.026840
0 0.290020 0.089932 0.074811 0.027906
5 0.093223 0.666220 0.131198 0.036528
1 0.723269 0.665625 0.012287 0.025676
1 0.785702 0.773599 0.013181 0.026117
1 0.022048 0.880554 0.014404 0.026763
5 0.553163 0.735656 0.042798 0.036133
0 0.387026 0.170424 0.020903 0.038919
5 0.553058 0.772409 0.042073 0.034143
1 0.021741 0.702578 0.013791 0.025871
1 0.785461 0.808281 0.012509 0.027976
1 0.817125 0.665853 0.012448 0.024260
1 0.785373 0.595422 0.011470 0.024040
1 0.785552 0.665383 0.012615 0.023731
1 0.754791 0.844430 0.013877 0.024694
1 0.817322 0.808791 0.012054 0.025598
5 0.672873 0.913970 0.072799 0.036897
5 0.672414 0.737075 0.073715 0.036906
1 0.588568 0.523900 0.014676 0.027755
1 0.785839 0.629699 0.011637 0.024681
1 0.589078 0.559346 0.012937 0.026687
1 0.754797 0.738511 0.013196 0.026215
1 0.021119 0.486805 0.013009 0.027834
1 0.785237 0.738098 0.011150 0.025310
1 0.588743 0.845167 0.013329 0.026763
1 0.817550 0.596162 0.013066 0.023833
1 0.439793 0.486674 0.012014 0.024657
5 0.170098 0.216551 0.027066 0.038565
1 0.588184 0.881032 0.014447 0.023555
1 0.723757 0.844572 0.013404 0.026763
1 0.021548 0.810066 0.010810 0.026741
5 0.553995 0.701120 0.043349 0.036408
1 0.021938 0.631060 0.013321 0.026763
1 0.619683 0.917689 0.013486 0.027879
1 0.723435 0.738082 0.012742 0.028571
1 0.022083 0.524580 0.012045 0.027834
5 0.672160 0.700799 0.074225 0.037879
1 0.754806 0.808133 0.014303 0.027506
1 0.021842 0.737319 0.013129 0.027553
1 0.785425 0.524379 0.012868 0.025130
1 0.785102 0.559390 0.011623 0.025503
1 0.817527 0.560463 0.012995 0.024862
1 0.754805 0.916188 0.012708 0.025472
1 0.723480 0.523667 0.013915 0.028590
5 0.223432 0.171215 0.133986 0.041827
1 0.588325 0.810351 0.012436 0.023742
1 0.723414 0.630407 0.012857 0.027545
5 0.554383 0.939880 0.042805 0.016950
5 0.553900 0.629362 0.042044 0.038101
1 0.817107 0.916850 0.013371 0.027468
1 0.440177 0.916471 0.012974 0.027822
1 0.619406 0.524601 0.011675 0.026763
1 0.619437 0.631143 0.013059 0.028026
1 0.754859 0.629998 0.013763 0.027722
5 0.554170 0.665250 0.042526 0.034456
1 0.816729 0.629217 0.012305 0.024147
5 0.671800 0.666344 0.074944 0.035227
1 0.021874 0.917379 0.013192 0.027259
1 0.723561 0.808595 0.013029 0.027962
1 0.619376 0.487507 0.012600 0.023944
5 0.093391 0.916575 0.128644 0.041751
1 0.440209 0.844901 0.013033 0.025637
1 0.785884 0.916788 0.011663 0.026673
1 0.723113 0.488919 0.013828 0.026768
1 0.588490 0.488470 0.012972 0.025871
1 0.755097 0.524440 0.014108 0.026441
1 0.439740 0.773830 0.012096 0.026233
1 0.588079 0.917686 0.014081 0.026090
5 0.671665 0.630764 0.074349 0.035688
1 0.817190 0.524172 0.013650 0.025259
1 0.723649 0.915916 0.012757 0.026712
0 0.182929 0.399346 0.034080 0.034468
1 0.817065 0.881116 0.013172 0.025690
1 0.588273 0.666744 0.012539 0.024979
0 0.165394 0.487339 0.015640 0.035077
5 0.553742 0.522802 0.040993 0.037439
1 0.439962 0.666447 0.013404 0.024978
1 0.785446 0.881913 0.012539 0.024723
1 0.816540 0.737815 0.012729 0.028457
1 0.754313 0.487293 0.014269 0.025302
1 0.439672 0.559096 0.013690 0.026763
5 0.554290 0.557222 0.042978 0.036042
1 0.816851 0.488507 0.013883 0.024721
5 0.554218 0.596424 0.041973 0.035714
1 0.816994 0.845383 0.013031 0.025535
5 0.553682 0.487281 0.041942 0.040145
5 0.672086 0.487281 0.074372 0.036577
5 0.671870 0.523858 0.074804 0.038361
5 0.671654 0.560434 0.075237 0.036577
5 0.671654 0.596416 0.074372 0.038361
1 0.785374 0.488173 0.012972 0.024087