5 0.368795 0.314918 0.384192 0.170067
5 0.276228 0.459780 0.198692 0.041323
5 0.736208 0.806480 0.082567 0.036559
5 0.799627 0.624431 0.209568 0.037937
5 0.227434 0.625312 0.097186 0.039700
0 0.970451 0.975869 0.058128 0.034927
3 0.376611 0.083788 0.114841 0.029038
0 0.042081 0.083334 0.070216 0.029133
5 0.731209 0.501011 0.073036 0.038411
0 0.011215 0.976459 0.022430 0.038369
5 0.793766 0.583362 0.196439 0.035201
3 0.729749 0.458964 0.068738 0.034764
5 0.718395 0.763787 0.046037 0.035135
5 0.199680 0.845407 0.041146 0.033996
5 0.201737 0.805907 0.045681 0.035292
5 0.245728 0.542752 0.137815 0.038458
5 0.210444 0.764529 0.064806 0.032622
3 0.255268 0.083072 0.099475 0.028071
3 0.140567 0.083368 0.104443 0.030137
5 0.795998 0.501495 0.053325 0.036337
3 0.976204 0.082953 0.026400 0.028552
5 0.214681 0.500545 0.073696 0.034472
5 0.280615 0.501814 0.052744 0.035262
0 0.058112 0.204569 0.087863 0.037479
0 0.305358 0.542392 0.014572 0.028388
2 0.245407 0.501485 0.012426 0.028357
0 0.235944 0.766617 0.012107 0.024867
0 0.218432 0.808523 0.011675 0.025788
0 0.213243 0.847206 0.012539 0.025788
0 0.733630 0.765850 0.014701 0.025174
0 0.771249 0.807602 0.012972 0.025788
0 0.896349 0.626100 0.012869 0.027412
2 0.760676 0.504684 0.013673 0.027182