0 0.811308 0.974410 0.100434 0.042398
5 0.274569 0.565471 0.039659 0.040018
5 0.274435 0.614537 0.039646 0.039712
5 0.305856 0.519159 0.105361 0.039587
5 0.271139 0.373126 0.034004 0.040725
3 0.046583 0.093202 0.044828 0.034876
5 0.273102 0.326601 0.039059 0.038638
0 0.333526 0.277077 0.019050 0.037238
0 0.950193 0.093594 0.053062 0.038517
0 0.919582 0.972886 0.105340 0.042232
1 0.263420 0.759090 0.017773 0.029846
4 0.948942 0.094647 0.054497 0.035986
5 0.286245 0.278590 0.065631 0.036013
5 0.037962 0.979723 0.015744 0.033484