1 0.067539 0.908841 0.020120 0.038140
1 0.046015 0.908538 0.017834 0.036981
1 0.066941 0.866846 0.019496 0.039276
3 0.122171 0.196319 0.161033 0.044556
1 0.067747 0.949087 0.020832 0.037524
1 0.660736 0.908789 0.020078 0.038319
1 0.660298 0.866382 0.020338 0.039596
1 0.045959 0.866724 0.017755 0.038299
1 0.046602 0.947734 0.018084 0.035422
1 0.661286 0.948615 0.020585 0.040723
3 0.242153 0.763383 0.180189 0.057051
5 0.521802 0.195657 0.212572 0.049690
5 0.212979 0.505990 0.099547 0.042042
0 0.024675 0.245760 0.022609 0.040094
0 0.393181 0.104307 0.049489 0.030759
0 0.936487 0.102496 0.017153 0.032387
0 0.335325 0.104205 0.048471 0.032083
0 0.023960 0.764364 0.023265 0.045449
0 0.261006 0.104043 0.086069 0.034003
5 0.182952 0.402394 0.036707 0.042241
0 0.705686 0.104009 0.113590 0.031705
0 0.977677 0.103103 0.044620 0.033547
0 0.484926 0.105146 0.118206 0.033499
0 0.093596 0.105390 0.162769 0.043874
0 0.627962 0.103691 0.025955 0.031370
0 0.193224 0.104171 0.030046 0.033686
0 0.909815 0.102738 0.017505 0.033883
3 0.791543 0.104431 0.039386 0.032058
0 0.580318 0.105587 0.053983 0.031555
5 0.285170 0.867792 0.139516 0.046054
3 0.641521 0.768329 0.293254 0.046767
0 0.896667 0.989792 0.072595 0.020416
5 0.284462 0.909082 0.142187 0.043003
5 0.556557 0.867718 0.124525 0.046772
5 0.423668 0.867950 0.145725 0.046820
5 0.142237 0.907660 0.044831 0.042417
5 0.100173 0.907676 0.041348 0.042082
5 0.557523 0.909256 0.123342 0.042458
5 0.424352 0.909408 0.145029 0.043238
0 0.093156 0.250186 0.071093 0.040060
5 0.759789 0.195445 0.088111 0.044501
5 0.731964 0.908114 0.080472 0.041903
5 0.732491 0.865240 0.081944 0.041051
5 0.284257 0.948531 0.141776 0.044186
5 0.098600 0.867222 0.044648 0.043104
5 0.143283 0.946351 0.046956 0.039677
5 0.142874 0.866145 0.044961 0.038703
5 0.633530 0.908174 0.032886 0.039948
5 0.099724 0.946354 0.042993 0.041254
5 0.822494 0.908261 0.107787 0.043212
5 0.896482 0.866254 0.043000 0.043528
5 0.824127 0.867210 0.106868 0.045949
5 0.732400 0.945314 0.079508 0.040136
5 0.896502 0.907260 0.043612 0.040950
5 0.633603 0.868584 0.031997 0.042590