1 0.038608 0.766276 0.017869 0.036615
0 0.897433 0.981252 0.071101 0.037496
1 0.038574 0.725834 0.018714 0.037457
1 0.059402 0.766795 0.021352 0.038901
0 0.070160 0.881893 0.024533 0.043390
0 0.830658 0.883737 0.141936 0.049893
1 0.038547 0.804555 0.018204 0.037833
1 0.059677 0.805005 0.021354 0.039201
5 0.166426 0.214581 0.033727 0.046749
5 0.169250 0.264467 0.037706 0.043813
0 0.540372 0.883356 0.126004 0.048604
0 0.934865 0.881577 0.023925 0.046774
1 0.059929 0.725559 0.018190 0.038522
0 0.146887 0.881902 0.022514 0.043072
0 0.040081 0.881641 0.024962 0.044822
0 0.222242 0.882269 0.022838 0.042637
0 0.246871 0.881965 0.023100 0.043085
0 0.170096 0.882152 0.021823 0.041900
0 0.094078 0.881505 0.022527 0.042084
0 0.276312 0.881877 0.023198 0.042918
0 0.346584 0.881949 0.022906 0.041688
0 0.193742 0.882577 0.023222 0.042792
5 0.170270 0.163409 0.040493 0.045486
0 0.969782 0.984302 0.059401 0.029973
0 0.370001 0.881152 0.024032 0.043011
0 0.116465 0.882451 0.023348 0.042403
0 0.322840 0.882141 0.021361 0.041620
0 0.016670 0.624045 0.023434 0.045222
0 0.300196 0.882390 0.022373 0.042575
0 0.937132 0.096869 0.016419 0.035113
0 0.330616 0.097220 0.050173 0.030501
0 0.255092 0.096746 0.085031 0.031795
0 0.388670 0.095607 0.048275 0.032829
0 0.467634 0.096970 0.089807 0.032590
0 0.082832 0.097406 0.163092 0.035626
0 0.188332 0.096082 0.031512 0.031703
0 0.977685 0.096685 0.044289 0.034968
5 0.380044 0.725447 0.112294 0.040632
5 0.489804 0.770890 0.108095 0.051546
0 0.725579 0.096400 0.025179 0.033343
5 0.380115 0.770813 0.114364 0.050864
0 0.911485 0.099323 0.016427 0.034503
0 0.677063 0.098586 0.052569 0.035834
5 0.649338 0.724343 0.119433 0.039339
0 0.581912 0.098738 0.122622 0.036148
5 0.650318 0.766506 0.118022 0.045507
5 0.649637 0.807201 0.117811 0.041986
5 0.867241 0.723762 0.085695 0.042468
5 0.093269 0.807929 0.045659 0.043009
5 0.867417 0.807161 0.086949 0.046469
5 0.228593 0.766608 0.030515 0.044554
3 0.765990 0.095711 0.037893 0.032808
5 0.866789 0.765142 0.086599 0.047413
5 0.092446 0.765889 0.043318 0.042918
5 0.093923 0.723864 0.046849 0.036757
5 0.228785 0.805714 0.031219 0.038518