0 0.408998 0.347640 0.025348 0.042633
0 0.430031 0.096418 0.082326 0.044297
0 0.408677 0.658519 0.025674 0.043555
4 0.092930 0.371721 0.184564 0.031577
4 0.093429 0.327800 0.185427 0.032131
0 0.408429 0.969362 0.025154 0.042881
4 0.091809 0.241372 0.179331 0.036220
5 0.917655 0.088329 0.153029 0.041857
4 0.041191 0.722940 0.077641 0.027802
4 0.035336 0.591145 0.066023 0.029592
4 0.091732 0.284163 0.179422 0.036093
4 0.044148 0.766489 0.084165 0.030192
4 0.051623 0.942167 0.099713 0.029441
0 0.510084 0.096013 0.079413 0.040584
4 0.041167 0.636095 0.077782 0.028447
4 0.053864 0.504056 0.104713 0.027711
4 0.062653 0.899365 0.120374 0.029590
4 0.050217 0.679407 0.100105 0.029354
4 0.039550 0.547325 0.074723 0.031808
0 0.983677 0.086905 0.017577 0.034361
4 0.031716 0.811188 0.058232 0.027554
4 0.068947 0.416010 0.133339 0.032718
4 0.067808 0.459633 0.132799 0.031961
4 0.071061 0.856632 0.137553 0.032740
4 0.057536 0.196860 0.110401 0.027394
0 0.589517 0.098265 0.077291 0.044925
0 0.960355 0.086795 0.013584 0.029632