5 0.402070 0.463968 0.440540 0.328457
5 0.233395 0.881635 0.036334 0.042365
5 0.811236 0.883432 0.036281 0.040992
5 0.724850 0.657472 0.056774 0.041621
0 0.294796 0.832832 0.016614 0.037546
0 0.964545 0.975051 0.069708 0.039165
3 0.184583 0.103989 0.141599 0.037262
5 0.296179 0.658933 0.231974 0.043980
5 0.233436 0.926722 0.037360 0.030128
5 0.250914 0.707933 0.141346 0.041552
5 0.812264 0.925184 0.037005 0.031929
3 0.325437 0.103326 0.106662 0.036812
5 0.258622 0.835878 0.086700 0.039355
0 0.015036 0.971673 0.028383 0.044964
3 0.973571 0.103666 0.035434 0.045356
0 0.053599 0.102447 0.085326 0.033489