0 0.558058 0.668370 0.022715 0.038982
0 0.255140 0.931159 0.112575 0.038333
0 0.606198 0.671017 0.061318 0.036421
5 0.218545 0.756187 0.052307 0.043415
5 0.547901 0.585062 0.105329 0.041815
0 0.963020 0.977514 0.071530 0.039221
0 0.051429 0.110505 0.088367 0.040192
3 0.182700 0.110183 0.142561 0.040656
0 0.612882 0.428529 0.018542 0.034670
3 0.527249 0.511431 0.177263 0.041484
0 0.014129 0.976781 0.028130 0.042245
3 0.767581 0.757320 0.165046 0.041251
3 0.326084 0.107016 0.107810 0.036821
5 0.808072 0.706322 0.247182 0.047728
3 0.969752 0.108468 0.030019 0.038220
1 0.200459 0.809117 0.016346 0.033535
0 0.592203 0.585219 0.015530 0.036540
0 0.640133 0.427688 0.020138 0.034350
0 0.238797 0.755695 0.013064 0.042255
0 0.041840 0.259381 0.038468 0.041900