0 0.109177 0.196515 0.023422 0.043708
0 0.211430 0.196317 0.022725 0.045522
0 0.056782 0.196037 0.022824 0.047812
0 0.083580 0.196905 0.023495 0.045315
0 0.181142 0.196064 0.021056 0.043823
0 0.280498 0.195690 0.021534 0.045584
0 0.023417 0.195628 0.024254 0.049287
0 0.136419 0.196394 0.024342 0.044899
0 0.237457 0.196277 0.020725 0.044412
0 0.161200 0.196245 0.019410 0.044002
0 0.257970 0.196076 0.020032 0.044663
0 0.923810 0.099027 0.039316 0.042693
0 0.974496 0.099269 0.048570 0.037709
3 0.028417 0.098090 0.042117 0.035000
1 0.016343 0.345048 0.016963 0.033819
1 0.015849 0.305297 0.015451 0.033700