0 0.538197 0.906690 0.146833 0.043653
0 0.875130 0.971848 0.072579 0.040784
0 0.301042 0.906517 0.022934 0.037224
5 0.503881 0.197063 0.047418 0.043014
5 0.480376 0.481421 0.204169 0.042127
0 0.408074 0.905654 0.022638 0.037661
5 0.438370 0.198561 0.086037 0.039820
0 0.431159 0.905295 0.021400 0.037379
1 0.369109 0.802121 0.016531 0.029853
5 0.537514 0.527836 0.086346 0.040295
0 0.135893 0.170099 0.024891 0.047601
5 0.784688 0.482123 0.101473 0.041552
0 0.950613 0.971680 0.061754 0.033647
5 0.775557 0.434128 0.085304 0.040604
5 0.437336 0.151119 0.084075 0.041796
0 0.330552 0.906386 0.023831 0.038040
0 0.294941 0.340853 0.057182 0.038751
0 0.199220 0.093474 0.157007 0.032064
0 0.277157 0.906657 0.022202 0.035901
5 0.553913 0.247170 0.318056 0.039745
5 0.784332 0.527422 0.101500 0.040931
0 0.354040 0.905849 0.022402 0.037329
1 0.368843 0.839314 0.017969 0.033268
1 0.260415 0.801071 0.015565 0.030606
5 0.422900 0.528348 0.085876 0.041504
1 0.260316 0.838833 0.016644 0.031165
0 0.383657 0.905898 0.023775 0.038800
1 0.369257 0.765511 0.017044 0.031295
0 0.567387 0.092300 0.115095 0.031322
0 0.067339 0.092074 0.088034 0.029718
0 0.253452 0.905819 0.022578 0.035496
0 0.338112 0.092012 0.104001 0.029671
1 0.864421 0.151844 0.014252 0.023994
5 0.445200 0.433874 0.129132 0.043271
0 0.717588 0.092670 0.042619 0.029561
0 0.009378 0.172279 0.018756 0.046568
0 0.660170 0.092644 0.052199 0.028306
3 0.767294 0.092988 0.039339 0.029856
0 0.538349 0.196953 0.023598 0.040310
1 0.260659 0.764506 0.015669 0.031029
0 0.450245 0.093146 0.108008 0.032475
3 0.052896 0.171863 0.019025 0.042410
0 0.957194 0.091306 0.048994 0.034602
4 0.101543 0.500677 0.105866 0.028735
4 0.101520 0.576188 0.104272 0.027886
5 0.111954 0.835832 0.222900 0.040116
3 0.103766 0.173110 0.019331 0.041579
5 0.111633 0.799492 0.222678 0.041600
0 0.085348 0.169131 0.021187 0.041653
0 0.035078 0.171863 0.020788 0.042410
4 0.101651 0.388402 0.105637 0.025930
5 0.112888 0.869110 0.221897 0.035009
5 0.111660 0.762247 0.222624 0.043370
4 0.102785 0.462463 0.106624 0.027207
4 0.101419 0.538825 0.104173 0.029277
4 0.101765 0.425992 0.108285 0.028195
3 0.446522 0.387732 0.132518 0.041690
5 0.539144 0.197634 0.022859 0.038717
4 0.099360 0.651396 0.107092 0.029882
4 0.123953 0.278305 0.177282 0.022453
5 0.708263 0.842669 0.131736 0.042410
5 0.562322 0.842394 0.164294 0.041163
5 0.972612 0.799856 0.025992 0.037705
0 0.010426 0.276854 0.018344 0.030875
5 0.111918 0.724961 0.223836 0.040430
5 0.860982 0.842669 0.115426 0.042410
4 0.101106 0.612976 0.106409 0.029274
5 0.956750 0.909057 0.047677 0.039916
5 0.973296 0.838200 0.025095 0.034337
5 0.176025 0.897972 0.123297 0.028071
5 0.435098 0.803725 0.094046 0.038668
5 0.434773 0.843018 0.093397 0.034926
5 0.561249 0.803102 0.162148 0.039916
5 0.709668 0.767552 0.131664 0.041163
5 0.709344 0.805007 0.132313 0.038601
5 0.789481 0.806911 0.028970 0.040747
5 0.789265 0.842253 0.029403 0.038253
5 0.861259 0.767827 0.112855 0.042410
5 0.860178 0.805248 0.111558 0.037421