5 0.145544 0.600003 0.024965 0.048509
5 0.153428 0.206981 0.035852 0.043573
5 0.154205 0.487037 0.039909 0.051409
5 0.153581 0.713278 0.040667 0.048043
5 0.154150 0.656163 0.039529 0.047863
5 0.211085 0.825670 0.156102 0.048294
5 0.551891 0.769624 0.072537 0.048129
5 0.879195 0.487272 0.159359 0.054180
5 0.598502 0.825957 0.164598 0.050311
5 0.153818 0.430663 0.038204 0.047647
5 0.594433 0.882197 0.156459 0.052567
0 0.086032 0.108727 0.040730 0.035084
0 0.034049 0.108098 0.044847 0.036967
5 0.893491 0.826192 0.155088 0.049728
5 0.210983 0.936516 0.154876 0.049063
5 0.536904 0.712127 0.039836 0.051168
5 0.887098 0.430787 0.170853 0.052243
5 0.153679 0.543927 0.040472 0.048967
5 0.208068 0.265123 0.147660 0.049106
5 0.211552 0.882021 0.157036 0.052216
5 0.893880 0.881136 0.155713 0.055716
0 0.062446 0.378973 0.057807 0.044280
0 0.973874 0.108798 0.051878 0.042858
0 0.319064 0.262878 0.031288 0.049573
5 0.334291 0.824038 0.033028 0.043496
5 0.141843 0.767984 0.018856 0.046270
5 0.575617 0.984654 0.117921 0.030692
0 0.180697 0.206853 0.018478 0.042397
5 0.334423 0.879670 0.032588 0.053445
5 0.206954 0.984028 0.148546 0.031944
3 0.134554 0.108545 0.040855 0.035548