0 0.408217 0.926760 0.022296 0.038850
0 0.300941 0.925632 0.022542 0.038068
0 0.276937 0.926284 0.021940 0.037963
5 0.480326 0.492618 0.201987 0.039443
0 0.431127 0.926557 0.021818 0.037452
0 0.383650 0.925936 0.022503 0.039617
5 0.438046 0.155908 0.085671 0.041768
5 0.538031 0.539884 0.085171 0.039785
5 0.783408 0.541461 0.101968 0.045710
5 0.422403 0.539882 0.085990 0.039780
5 0.503664 0.200880 0.047521 0.041833
0 0.137564 0.175939 0.024050 0.042620
0 0.068794 0.095152 0.087682 0.032051
0 0.254396 0.926542 0.022935 0.039350
0 0.199166 0.094545 0.157365 0.033661
5 0.782846 0.491841 0.101677 0.037889
0 0.338334 0.094050 0.102611 0.031877
5 0.438304 0.201842 0.085722 0.045368
5 0.776253 0.443431 0.087092 0.040800
0 0.294848 0.348648 0.057601 0.037734
3 0.745145 0.094511 0.039844 0.030902
1 0.369422 0.856171 0.016595 0.033168
0 0.566938 0.093337 0.113896 0.032722
1 0.369545 0.819486 0.016713 0.030869
1 0.260673 0.779961 0.015501 0.032449
1 0.260629 0.855609 0.015410 0.034066
1 0.260668 0.818655 0.013287 0.028329
0 0.010747 0.175513 0.021494 0.045177
5 0.446676 0.443452 0.129873 0.045993
0 0.448894 0.094140 0.107488 0.032472
0 0.537776 0.202930 0.023596 0.038638
3 0.055328 0.176792 0.018486 0.046030
1 0.369718 0.781370 0.016866 0.032009
0 0.036339 0.175939 0.020502 0.044325
0 0.954852 0.094521 0.051128 0.034739
5 0.553466 0.253082 0.315648 0.040063
5 0.112039 0.739855 0.224078 0.041893
3 0.104212 0.176366 0.017574 0.045177
5 0.113204 0.816555 0.224815 0.042519
5 0.962975 0.927241 0.046993 0.038266
0 0.085665 0.176366 0.021495 0.045177
3 0.674249 0.093639 0.083532 0.031378
5 0.112954 0.853483 0.225315 0.041936
4 0.103683 0.550079 0.105321 0.029654
5 0.112039 0.702646 0.224078 0.043786
1 0.861619 0.154923 0.014701 0.024454
4 0.103609 0.590002 0.106419 0.029942
5 0.112895 0.779571 0.225433 0.043060
3 0.446041 0.394826 0.131515 0.043238
4 0.104387 0.627556 0.101805 0.031915
4 0.101701 0.513927 0.103054 0.027087
4 0.102838 0.360910 0.102478 0.027277
4 0.102622 0.398842 0.101180 0.024720
4 0.103054 0.441035 0.102045 0.030686
4 0.103054 0.476836 0.102910 0.023867