5 0.181113 0.702908 0.128223 0.026918
5 0.181371 0.677200 0.128773 0.026876
3 0.193198 0.365730 0.156222 0.026548
5 0.180941 0.625185 0.129097 0.026854
5 0.181225 0.651405 0.128385 0.027156
3 0.100650 0.066113 0.123120 0.030288
5 0.180893 0.599888 0.129220 0.026505
1 0.283378 0.677810 0.013073 0.019336
1 0.283554 0.599987 0.013360 0.019263
1 0.283502 0.651744 0.013290 0.019436
1 0.283578 0.626280 0.013484 0.019630
1 0.283550 0.703601 0.013741 0.019403
5 0.181426 0.728907 0.127556 0.026440
1 0.283417 0.729933 0.013278 0.018365
5 0.328069 0.781106 0.059507 0.024596
5 0.153753 0.937967 0.073119 0.021492
5 0.257740 0.702998 0.026908 0.024117
0 0.247852 0.069228 0.016704 0.023984
5 0.257877 0.625427 0.027668 0.024662
5 0.180408 0.496825 0.128092 0.024989
5 0.257550 0.651524 0.026924 0.025112
5 0.257805 0.677487 0.027093 0.024058
5 0.257815 0.599467 0.027417 0.024632
5 0.257679 0.729635 0.027074 0.024087
0 0.226514 0.068569 0.018262 0.024205
5 0.179729 0.442602 0.126734 0.023888
0 0.086607 0.391954 0.154901 0.028490
5 0.180181 0.470073 0.127639 0.024580
5 0.147592 0.781862 0.060651 0.025675
5 0.153703 0.911419 0.073599 0.025483
5 0.154338 0.182788 0.073679 0.025736
0 0.085810 0.547462 0.153439 0.026548
5 0.295072 0.313714 0.034852 0.025253
5 0.153703 0.884486 0.072872 0.022015
0 0.196072 0.068448 0.019510 0.026582
0 0.269855 0.068448 0.018117 0.025253
0 0.538665 0.069112 0.020904 0.026582
0 0.516367 0.068448 0.019975 0.027911
0 0.488031 0.068780 0.020904 0.027246
0 0.465733 0.068448 0.019046 0.030569
5 0.160380 0.210327 0.086868 0.025917
5 0.133335 0.235690 0.033947 0.025900
5 0.132882 0.262238 0.033947 0.024605
5 0.129940 0.288462 0.027157 0.023958
5 0.146838 0.313390 0.061557 0.025900
5 0.341918 0.209359 0.129450 0.025900
5 0.300729 0.235259 0.047073 0.024605
5 0.290772 0.288030 0.027157 0.025253
1 0.290621 0.367025 0.011768 0.017483
5 0.258032 0.443231 0.026252 0.025287