0 0.099811 0.410969 0.111126 0.135727
3 0.072011 0.066420 0.095258 0.030439
0 0.215261 0.410969 0.111126 0.132495
5 0.212120 0.629304 0.183155 0.033258
0 0.061575 0.142769 0.014012 0.021183
0 0.017747 0.143670 0.012885 0.024023
0 0.169218 0.068904 0.013933 0.024799
0 0.091916 0.144300 0.013171 0.019971
0 0.429721 0.521144 0.186385 0.058870
0 0.186187 0.069073 0.013261 0.024280
0 0.192693 0.144014 0.014759 0.023449
5 0.130326 0.251603 0.168347 0.043300
0 0.037040 0.143422 0.015241 0.021483
0 0.011189 0.067820 0.013857 0.026161
5 0.190614 0.302307 0.118044 0.044434
5 0.275796 0.302711 0.045401 0.043626
0 0.244664 0.252621 0.052320 0.045242
0 0.202361 0.068152 0.016431 0.027468
0 0.225062 0.070979 0.014269 0.028276
0 0.242574 0.068959 0.015566 0.025853
0 0.258572 0.068959 0.014701 0.027468
0 0.353699 0.068959 0.019890 0.032316
0 0.650682 0.223941 0.149176 0.054129
0 0.650682 0.326948 0.185497 0.054937
0 0.650466 0.392387 0.185065 0.056553
0 0.650466 0.459442 0.185065 0.056553
0 0.650466 0.523536 0.185930 0.058169
0 0.429943 0.325049 0.185941 0.056383
0 0.429721 0.389723 0.186385 0.056383
0 0.429499 0.456055 0.184166 0.056383
0 0.392036 0.069565 0.038740 0.032360
0 0.468605 0.069139 0.040563 0.029805
0 0.528994 0.068287 0.020965 0.034914
5 0.153801 0.589044 0.065580 0.026257