0 0.718498 0.929954 0.022861 0.030632
0 0.866470 0.080149 0.071915 0.032831
0 0.937467 0.079738 0.020661 0.032264
3 0.392898 0.281162 0.099054 0.027269
0 0.425380 0.112621 0.161379 0.030403
3 0.258790 0.282072 0.149919 0.029089
3 0.393119 0.204548 0.097903 0.029866
0 0.889750 0.257969 0.021964 0.032824
0 0.914636 0.258313 0.020015 0.030916
5 0.580920 0.244651 0.258112 0.029562
0 0.916999 0.079873 0.020239 0.032552
0 0.844950 0.258355 0.019214 0.031000
0 0.955468 0.259345 0.020184 0.027785
0 0.752685 0.929782 0.032295 0.024292
3 0.068401 0.085109 0.081389 0.031257
0 0.796587 0.929606 0.035259 0.023621
0 0.962570 0.079154 0.015917 0.027475
3 0.259536 0.202601 0.150209 0.028568
0 0.934865 0.258747 0.018894 0.029186
3 0.392821 0.243504 0.098577 0.027269
5 0.580920 0.204054 0.255430 0.031474
5 0.082815 0.174531 0.128015 0.032162
5 0.580585 0.281819 0.256101 0.031181
0 0.264633 0.111198 0.161875 0.032751
3 0.259356 0.242383 0.149027 0.027624
0 0.584363 0.111720 0.162272 0.028602
0 0.745497 0.111652 0.162255 0.031062
1 0.043718 0.308992 0.014057 0.023197
0 0.500049 0.067443 0.065275 0.026033
0 0.728464 0.200839 0.013185 0.025011
0 0.145455 0.083135 0.052240 0.031165
3 0.865332 0.259286 0.021155 0.030264
0 0.157549 0.173384 0.022794 0.029866
0 0.260123 0.238310 0.000000 0.001299
0 0.504492 0.381149 0.000670 0.001299
0 0.609413 0.390239 0.000000 0.001299
0 0.729083 0.240907 0.012738 0.029866
0 0.728412 0.279214 0.015420 0.025971
0 0.748665 0.280728 0.013799 0.028998
0 0.717350 0.387642 0.000000 0.001299
0 0.713998 0.320118 0.000000 0.001299