0 0.049777 0.080492 0.068671 0.030663
3 0.171353 0.777116 0.133747 0.032091
0 0.213935 0.078439 0.109482 0.026714
5 0.161494 0.426828 0.113590 0.030853
5 0.415807 0.427936 0.118929 0.030784
0 0.639496 0.078668 0.101169 0.025930
0 0.930352 0.964716 0.027177 0.027911
5 0.161698 0.388830 0.112187 0.027991
0 0.422234 0.078793 0.055377 0.025120
5 0.411799 0.389623 0.112094 0.031862
5 0.144596 0.150292 0.082703 0.028568
5 0.496302 0.389485 0.045102 0.029300
5 0.389570 0.582173 0.069237 0.030726
0 0.357042 0.078799 0.047847 0.025965
0 0.121080 0.078141 0.048297 0.025653
0 0.488242 0.078757 0.049601 0.024421
5 0.231563 0.189716 0.256637 0.029710
0 0.551039 0.079122 0.049249 0.024715
0 0.375384 0.228466 0.030353 0.027222
0 0.300883 0.078237 0.037085 0.025180
0 0.724330 0.078379 0.044433 0.024959
5 0.390732 0.621660 0.068779 0.029710
0 0.049592 0.304828 0.037476 0.028112
0 0.972151 0.962298 0.037825 0.031781
5 0.443208 0.892335 0.025678 0.027130
5 0.489086 0.190170 0.256047 0.030620
5 0.443068 0.854241 0.024779 0.028647
0 0.201358 0.150592 0.031772 0.029168
5 0.443658 0.815556 0.023599 0.031266
5 0.111398 0.892922 0.014372 0.028304
5 0.229703 0.388670 0.027547 0.029957
0 0.970217 0.079249 0.022006 0.027864
3 0.777820 0.077912 0.037399 0.024952
5 0.690243 0.187497 0.032993 0.032129
5 0.449689 0.621913 0.038397 0.030216
5 0.389971 0.660447 0.068437 0.029580
5 0.323678 0.583951 0.038190 0.029710
5 0.265487 0.582538 0.068437 0.029170
5 0.443449 0.776780 0.026016 0.029134
5 0.138464 0.582785 0.067615 0.029664
5 0.688791 0.149371 0.031268 0.029010
5 0.264602 0.621028 0.067847 0.030733
5 0.138784 0.621115 0.069334 0.030906
5 0.198834 0.583379 0.038910 0.028568
5 0.323609 0.622885 0.038328 0.027589
5 0.264611 0.660462 0.070189 0.029611
5 0.199410 0.621766 0.036578 0.029922
0 0.111799 0.303415 0.060767 0.030853
0 0.190855 0.303415 0.069027 0.030853
0 0.260472 0.301130 0.040708 0.035424
0 0.321829 0.305129 0.057227 0.036567
0 0.393215 0.306843 0.064307 0.037709
0 0.461062 0.304558 0.052507 0.035424
0 0.535693 0.302844 0.069617 0.034281
0 0.610029 0.306272 0.051917 0.034281