0 0.825663 0.963148 0.049764 0.029072
5 0.790622 0.669583 0.271018 0.029758
5 0.333088 0.464848 0.271632 0.029758
5 0.331551 0.542817 0.272247 0.028573
0 0.916883 0.963055 0.040901 0.024491
5 0.790007 0.466038 0.273476 0.029758
5 0.332166 0.621002 0.271018 0.032582
5 0.790007 0.542219 0.274705 0.029758
5 0.331551 0.581740 0.271018 0.029277
5 0.332166 0.505319 0.272247 0.029758
5 0.790929 0.707674 0.274090 0.027377
5 0.790929 0.785528 0.272861 0.030725
0 0.964554 0.963449 0.034539 0.023813
0 0.872368 0.962374 0.029457 0.024593
5 0.789393 0.502938 0.272247 0.029758
5 0.790929 0.745169 0.271632 0.028568
0 0.935256 0.501343 0.017466 0.029028
0 0.301394 0.305129 0.059523 0.029710
1 0.201469 0.909723 0.013557 0.025327
0 0.476890 0.502268 0.016581 0.026037
0 0.477175 0.579163 0.015938 0.028149
0 0.477465 0.464497 0.015501 0.026676
0 0.477021 0.618336 0.015712 0.028149
0 0.934877 0.666550 0.016090 0.028735
3 0.953197 0.114278 0.024254 0.026095
0 0.935025 0.783320 0.015575 0.027141
0 0.935453 0.540310 0.015457 0.029446
0 0.477191 0.540195 0.016123 0.029574
0 0.935355 0.743512 0.016156 0.029035
0 0.935284 0.462215 0.016745 0.030191
0 0.935317 0.705621 0.016097 0.028227
0 0.985121 0.016373 0.015384 0.025896
0 0.204130 0.306843 0.110914 0.035424
0 0.079941 0.306272 0.109145 0.036567
0 0.044248 0.062167 0.016224 0.038566