0 0.866691 0.081869 0.071831 0.029640
0 0.718660 0.912545 0.023407 0.027469
0 0.937456 0.081443 0.020598 0.028787
3 0.259530 0.185264 0.148060 0.029862
0 0.889729 0.257515 0.021882 0.033654
0 0.914659 0.257710 0.019965 0.032346
1 0.044172 0.372361 0.013042 0.025132
0 0.796689 0.911053 0.036273 0.022288
1 0.044255 0.342130 0.013283 0.024893
0 0.844486 0.259476 0.019835 0.028855
1 0.044133 0.402524 0.012869 0.025387
0 0.955384 0.256556 0.020301 0.033036
0 0.752694 0.911815 0.032028 0.019418
0 0.916995 0.082110 0.020206 0.027924
1 0.044109 0.432758 0.012811 0.025340
0 0.962575 0.079070 0.015817 0.027259
1 0.044086 0.462949 0.012784 0.025341
0 0.934718 0.257227 0.018564 0.032371
1 0.044075 0.493149 0.012828 0.025519
1 0.044049 0.523402 0.012798 0.025496
5 0.580038 0.183978 0.256987 0.031686
1 0.044044 0.553594 0.012762 0.025469
3 0.068448 0.085332 0.081709 0.031580
1 0.044071 0.583824 0.012754 0.025507
5 0.084241 0.176326 0.125369 0.029567
1 0.043982 0.888029 0.012804 0.025121
1 0.044001 0.857621 0.012969 0.025416
1 0.043744 0.306807 0.013948 0.028066
1 0.043715 0.918781 0.013064 0.025343
1 0.044070 0.614183 0.012818 0.025712
4 0.378316 0.372176 0.052327 0.023354
1 0.044077 0.644607 0.012951 0.025903
1 0.044074 0.675025 0.013107 0.026030
4 0.394908 0.333150 0.082774 0.025546
1 0.044039 0.827131 0.013191 0.025627
1 0.044103 0.705528 0.013260 0.025896
4 0.403169 0.410366 0.103675 0.027379
1 0.044103 0.766251 0.013329 0.025886
1 0.044123 0.735895 0.013328 0.025926
1 0.044063 0.796657 0.013374 0.025928
5 0.093664 0.340277 0.082221 0.033796
5 0.094130 0.370793 0.083410 0.033048
5 0.094099 0.401094 0.083725 0.032986
4 0.372915 0.293725 0.038541 0.023889
4 0.370972 0.256091 0.038474 0.020291
0 0.728602 0.181848 0.013539 0.026156
3 0.865106 0.258554 0.020412 0.031406
5 0.094056 0.431448 0.084006 0.033163
5 0.094009 0.461924 0.084081 0.033601
3 0.392910 0.183537 0.098002 0.030805
0 0.145669 0.082937 0.050812 0.029578
5 0.093935 0.492557 0.083901 0.033840
5 0.902473 0.765543 0.051598 0.031681
5 0.902475 0.735283 0.051607 0.031762
5 0.902482 0.795834 0.051591 0.031629
5 0.902518 0.674635 0.051772 0.032010
5 0.902500 0.704938 0.051701 0.031905
5 0.902499 0.644456 0.051784 0.032011
0 0.157704 0.173629 0.020422 0.028568
0 0.748525 0.181320 0.011913 0.026370
5 0.093034 0.523584 0.083957 0.031864
5 0.093317 0.554898 0.083390 0.030765
5 0.093317 0.585664 0.082256 0.030765
5 0.093317 0.617528 0.083390 0.030765
5 0.093885 0.647194 0.083390 0.028568
5 0.092750 0.676861 0.082256 0.028568
5 0.092750 0.705428 0.082256 0.032963
5 0.093034 0.739490 0.080554 0.032963
5 0.093601 0.769706 0.081688 0.031864
5 0.093034 0.800471 0.082823 0.029667
5 0.092183 0.830138 0.081121 0.031864
5 0.093034 0.860353 0.082823 0.028568
5 0.092750 0.891119 0.082256 0.028568
5 0.093034 0.920236 0.081688 0.029667
5 0.903109 0.345035 0.051055 0.030765
5 0.903392 0.374152 0.051622 0.023074
5 0.903109 0.401621 0.051055 0.029667
5 0.903392 0.435134 0.050488 0.030765
5 0.903960 0.464800 0.051622 0.028568
5 0.903676 0.494467 0.051055 0.028568
5 0.903392 0.525232 0.050488 0.032963
5 0.903109 0.557645 0.052190 0.025271
5 0.903109 0.586762 0.051055 0.032963
5 0.903109 0.616978 0.051055 0.023074
5 0.845246 0.605991 0.000000 0.001099
5 0.957000 0.548855 0.000000 0.001099
5 0.902541 0.827940 0.051055 0.031864
5 0.902541 0.859255 0.047651 0.026370
5 0.903392 0.891119 0.050488 0.030765
5 0.903109 0.921884 0.051055 0.028568
5 0.941967 0.899909 0.000567 0.000000
0 0.187767 0.137502 0.025239 0.053565
0 0.187139 0.231240 0.019374 0.046423