0 0.183164 0.104373 0.111195 0.043406
0 0.842048 0.100044 0.134374 0.034852
0 0.925193 0.099863 0.015346 0.032757
0 0.694002 0.100372 0.138207 0.033730
0 0.409696 0.099995 0.127478 0.034074
0 0.089274 0.966211 0.111717 0.067467
3 0.954580 0.098893 0.019447 0.033750
0 0.548779 0.100008 0.127165 0.033707
0 0.206273 0.964830 0.111661 0.066992
0 0.292489 0.099569 0.081833 0.034197
0 0.097148 0.100194 0.034203 0.032646
0 0.548968 0.305129 0.107965 0.214829
0 0.662537 0.306272 0.109735 0.212544
0 0.892330 0.305129 0.110324 0.214829
0 0.892035 0.527958 0.108555 0.214829
0 0.045825 0.100509 0.015823 0.032249
0 0.433333 0.305701 0.110324 0.213687
0 0.777286 0.304558 0.110324 0.211401
0 0.203540 0.306843 0.109735 0.213687
0 0.319174 0.303415 0.109735 0.211401
0 0.993997 0.152906 0.011818 0.039817
0 0.090265 0.305129 0.107375 0.212544
0 0.320059 0.526815 0.110324 0.210259
0 0.662242 0.526815 0.109145 0.212544
3 0.098820 0.027451 0.051327 0.036567
0 0.778171 0.527386 0.112094 0.213687
0 0.548673 0.525672 0.109735 0.214829
0 0.433923 0.525672 0.107965 0.212544
0 0.090265 0.526244 0.108555 0.213687
0 0.204720 0.526244 0.109735 0.213687
0 0.090855 0.749072 0.109735 0.215972
0 0.205605 0.748501 0.107965 0.210259
0 0.320354 0.747929 0.110914 0.211401
0 0.434218 0.748501 0.109735 0.210259
0 0.548378 0.749072 0.109145 0.215972
0 0.663422 0.749643 0.110324 0.210259
0 0.994100 0.970758 0.011799 0.037709