4 0.065739 0.594395 0.117736 0.027505
4 0.080074 0.633342 0.147187 0.028450
4 0.087282 0.905356 0.160565 0.029168
5 0.888950 0.127987 0.122296 0.029758
4 0.064570 0.516863 0.115134 0.027086
0 0.386337 0.851107 0.022558 0.033328
4 0.083756 0.671806 0.154000 0.027607
0 0.776974 0.596245 0.020536 0.033062
4 0.093352 0.943956 0.172759 0.027506
4 0.061690 0.478142 0.113161 0.028610
4 0.085385 0.321982 0.158517 0.029496
4 0.065140 0.710712 0.115449 0.027424
4 0.062908 0.555274 0.113427 0.027865
4 0.064821 0.982276 0.118657 0.027650
0 0.386052 0.596763 0.021897 0.031717
0 0.385939 0.341925 0.020895 0.033880
0 0.581277 0.597348 0.019845 0.030507
4 0.094259 0.749667 0.173223 0.029240
4 0.080972 0.866021 0.147953 0.027274
4 0.068334 0.399557 0.125385 0.028485
0 0.581149 0.341861 0.020101 0.033753
4 0.078350 0.438879 0.145234 0.028147
4 0.095346 0.360743 0.179269 0.028297
4 0.070242 0.827505 0.125053 0.029449
4 0.084739 0.283220 0.157445 0.027799
4 0.086699 0.788427 0.160790 0.028709
4 0.090559 0.244076 0.169177 0.028501
4 0.091061 0.204930 0.176591 0.028240
0 0.288522 0.502505 0.140712 0.052051
0 0.956755 0.015400 0.011035 0.020834
0 0.984988 0.015815 0.012771 0.022163
0 0.695726 0.499045 0.174638 0.049448
0 0.960207 0.129772 0.018473 0.030948
0 0.271499 0.755856 0.111582 0.047664
0 0.500637 0.245434 0.172857 0.049592
0 0.479810 0.498822 0.132432 0.045133
0 0.299287 0.246444 0.164700 0.047573
0 0.927205 0.015827 0.013596 0.017895
0 0.041482 0.064899 0.017822 0.029758