3 0.228184 0.328143 0.139344 0.029228
3 0.079419 0.327779 0.139173 0.029964
0 0.891944 0.084489 0.049664 0.029810
3 0.228666 0.255513 0.139411 0.031933
3 0.078852 0.255393 0.138038 0.031694
3 0.228886 0.183319 0.138582 0.031117
5 0.069775 0.183726 0.119129 0.029001
3 0.079419 0.399506 0.139929 0.029848
0 0.262272 0.965094 0.096437 0.030033
3 0.025688 0.085332 0.037569 0.027423
0 0.847286 0.908644 0.046502 0.028642
0 0.291472 0.504583 0.046375 0.026612
0 0.021935 0.966054 0.029499 0.030489
0 0.385670 0.228977 0.046093 0.029502
1 0.010744 0.766597 0.014442 0.027125
1 0.010684 0.555081 0.014135 0.025150
3 0.880934 0.906297 0.019702 0.031518
0 0.928320 0.023521 0.015012 0.025758
0 0.338232 0.497016 0.013221 0.033630
0 0.847462 0.833712 0.045572 0.032797
1 0.010625 0.845848 0.014223 0.024833
0 0.956511 0.022626 0.015946 0.024478
0 0.932257 0.082338 0.017033 0.029309
0 0.846559 0.990013 0.048291 0.019974
0 0.170991 0.434424 0.018337 0.023487
0 0.901657 0.023319 0.014690 0.024172
0 0.237268 0.505189 0.046946 0.025769
3 0.880941 0.835054 0.019787 0.028027
1 0.010679 0.689157 0.013630 0.026018
0 0.098518 0.023640 0.012500 0.023727
1 0.011085 0.922274 0.013531 0.024965
3 0.880805 0.780673 0.019845 0.031052
0 0.846875 0.725877 0.046962 0.028279
3 0.880978 0.723858 0.020065 0.031693
0 0.149012 0.435022 0.017975 0.023231
0 0.847310 0.781687 0.046550 0.030596
0 0.957985 0.081509 0.016474 0.025794
0 0.994213 0.078691 0.011567 0.028371
0 0.322995 0.072540 0.011717 0.030228
0 0.072234 0.027852 0.017397 0.029300
0 0.139173 0.183876 0.018909 0.029300
1 0.010400 0.610561 0.012480 0.027103
0 0.255465 0.401064 0.063913 0.030033
3 0.500834 0.027975 0.244966 0.045957
0 0.466205 0.231054 0.088496 0.032294
0 0.551174 0.231675 0.054508 0.036020
0 0.650891 0.199381 0.020521 0.023599
0 0.673015 0.198139 0.018597 0.023599
0 0.501154 0.733474 0.045530 0.021115
0 0.500513 0.792472 0.046813 0.027326
0 0.498269 0.844019 0.047454 0.016147
0 0.501154 0.916059 0.046813 0.026084
3 0.880467 0.990013 0.017956 0.019974