0 0.899235 0.974664 0.037849 0.027459
0 0.144858 0.169144 0.095486 0.030063
0 0.978744 0.974413 0.031840 0.024787
0 0.939921 0.974840 0.025167 0.025399
0 0.357680 0.381429 0.028770 0.057854
0 0.851473 0.974693 0.040863 0.026806
0 0.134538 0.974012 0.017080 0.025658
0 0.160095 0.972018 0.013078 0.023855
0 0.085208 0.974610 0.015438 0.027928
0 0.109390 0.974575 0.014871 0.027467
0 0.184874 0.973377 0.015063 0.025916
0 0.302833 0.382003 0.029664 0.060169
0 0.959932 0.029192 0.021220 0.037555
0 0.412854 0.381306 0.028792 0.058101
0 0.247931 0.379428 0.027169 0.058393
0 0.044083 0.029251 0.016524 0.031874
0 0.047071 0.169328 0.094142 0.028700
0 0.059545 0.974314 0.012839 0.026619
0 0.160043 0.128338 0.013400 0.029991
0 0.185571 0.127999 0.014467 0.030705
5 0.066148 0.131686 0.120676 0.031328
0 0.135425 0.132037 0.016090 0.032031
3 0.175516 0.031457 0.120944 0.025711