5 0.186530 0.501965 0.115459 0.032694
3 0.225149 0.765801 0.052125 0.032714
0 0.148752 0.937471 0.041543 0.035213
3 0.094465 0.078230 0.115999 0.031327
3 0.225193 0.829524 0.052043 0.032616
5 0.186605 0.468038 0.115557 0.032889
0 0.287976 0.937320 0.019324 0.032805
0 0.117300 0.937685 0.019429 0.033367
3 0.225112 0.798091 0.052090 0.033144
0 0.203983 0.078161 0.015241 0.025755
0 0.023797 0.937932 0.021313 0.036497
0 0.091792 0.937506 0.019629 0.033224
0 0.071022 0.937218 0.019563 0.032137
0 0.179641 0.937349 0.020038 0.034599
5 0.186621 0.434403 0.115945 0.032047
0 0.189774 0.180841 0.038121 0.024873
0 0.050571 0.937260 0.019796 0.033401
0 0.434711 0.077142 0.014415 0.026127
0 0.119190 0.180768 0.083156 0.029955
0 0.234350 0.937227 0.019991 0.034933
0 0.303628 0.181783 0.036493 0.025288
0 0.267158 0.937255 0.019923 0.033430
0 0.411538 0.077430 0.016736 0.027175
0 0.213621 0.937407 0.021607 0.034402
0 0.246862 0.181337 0.055911 0.023066
5 0.553876 0.798052 0.107972 0.032748
0 0.374065 0.181998 0.084077 0.025823
0 0.179997 0.077361 0.015202 0.026923
5 0.553508 0.829684 0.107674 0.032584
5 0.553693 0.860503 0.109048 0.032013
5 0.189643 0.334051 0.121915 0.033669
0 0.317921 0.076360 0.015528 0.025843
3 0.225288 0.860891 0.052415 0.032858
3 0.247042 0.234153 0.156527 0.032683
5 0.553688 0.766777 0.107656 0.032453
3 0.342114 0.502726 0.155877 0.032877
0 0.238342 0.078223 0.015707 0.026479
0 0.393629 0.077454 0.016503 0.027311
0 0.221277 0.078252 0.014816 0.026158
0 0.687694 0.467780 0.022651 0.036745
5 0.284472 0.467823 0.041133 0.033744
0 0.041700 0.181056 0.051980 0.025629
0 0.353074 0.076336 0.014043 0.024422
5 0.166487 0.400931 0.075629 0.032822
0 0.370864 0.076872 0.016096 0.025719
1 0.612165 0.829530 0.011372 0.021244
0 0.336059 0.075920 0.015188 0.025023
5 0.396400 0.367826 0.115518 0.032027
0 0.163189 0.076753 0.015184 0.026270
0 0.452337 0.075666 0.013440 0.024407
0 0.931216 0.014925 0.014460 0.025070
5 0.166403 0.367095 0.074912 0.032489
0 0.278306 0.077317 0.014721 0.026616
1 0.612332 0.798481 0.011364 0.021244
0 0.261182 0.078113 0.015442 0.026095
5 0.091163 0.829431 0.073995 0.032531
0 0.296756 0.076936 0.016356 0.027181
1 0.612377 0.860579 0.011066 0.021244
5 0.491543 0.798521 0.017933 0.031514
0 0.946076 0.014819 0.014973 0.027642
1 0.612388 0.767270 0.011415 0.020920
0 0.959689 0.015343 0.013549 0.025346
5 0.660080 0.829789 0.086853 0.031759
1 0.042942 0.860739 0.024516 0.028962
5 0.091069 0.860114 0.073599 0.031426
1 0.043089 0.829995 0.023916 0.030031
0 0.679239 0.567630 0.051336 0.032992
5 0.660602 0.860474 0.086675 0.030344
5 0.491650 0.829865 0.018136 0.031959
5 0.660149 0.766976 0.086716 0.032307
5 0.491618 0.767517 0.017467 0.029168
5 0.660196 0.798330 0.086622 0.032501
0 0.022521 0.077389 0.015361 0.027656
1 0.042984 0.798328 0.024027 0.030362
0 0.175522 0.033021 0.031375 0.021171
5 0.091375 0.798247 0.074030 0.032240
0 0.657225 0.568061 0.014766 0.031836
0 0.342565 0.033496 0.035711 0.021474
0 0.135974 0.033152 0.024378 0.020762
5 0.585547 0.234105 0.127337 0.032258
0 0.015361 0.028144 0.013845 0.020632
5 0.285358 0.536465 0.312003 0.030865
0 0.409208 0.888468 0.019786 0.023792
0 0.051764 0.033453 0.055991 0.023839
5 0.491896 0.861143 0.018517 0.029757
0 0.114002 0.269506 0.053568 0.028674
5 0.310386 0.859610 0.120489 0.031007
0 0.283790 0.032649 0.059588 0.022667
0 0.020610 0.735238 0.014449 0.024570
5 0.310854 0.799042 0.118596 0.032997
5 0.310742 0.829789 0.119788 0.031961
0 0.055002 0.269446 0.061389 0.029120
1 0.042826 0.766475 0.023587 0.030395
5 0.345514 0.333988 0.014207 0.031306
0 0.101325 0.033969 0.019025 0.022878
0 0.222756 0.035603 0.040213 0.022878
0 0.384904 0.035603 0.025511 0.026146
0 0.164454 0.267653 0.044969 0.029415
0 0.203586 0.268062 0.032430 0.028598
0 0.240988 0.269287 0.040645 0.029415
0 0.301956 0.268062 0.080425 0.028598
1 0.344422 0.468405 0.011242 0.020278
5 0.091426 0.766884 0.073405 0.033740
5 0.310816 0.767197 0.120028 0.033740