5 0.553645 0.650881 0.092971 0.037962
5 0.578774 0.691582 0.143892 0.040915
5 0.553325 0.608074 0.092723 0.040837
5 0.553460 0.816778 0.093637 0.041279
5 0.587034 0.774851 0.160150 0.040607
5 0.341643 0.649328 0.093750 0.040763
5 0.531857 0.733672 0.050454 0.039926
5 0.341596 0.608351 0.094950 0.041140
5 0.553024 0.316741 0.093620 0.040170
3 0.112862 0.092565 0.145876 0.044222
0 0.052293 0.211114 0.021682 0.036875
5 0.527450 0.274415 0.042701 0.039685
5 0.528120 0.358322 0.043423 0.039397
0 0.023008 0.209294 0.024835 0.046677
5 0.366557 0.691464 0.144071 0.041445
5 0.320349 0.734011 0.051422 0.039788
5 0.316425 0.441681 0.043347 0.040255
5 0.375335 0.774271 0.161432 0.039117
5 0.340645 0.317134 0.092697 0.038598
5 0.341424 0.816870 0.093157 0.040139
0 0.153233 0.027150 0.030765 0.026043
0 0.561242 0.097287 0.024647 0.042185
0 0.043746 0.025394 0.077691 0.035142
0 0.080690 0.210986 0.019162 0.036594
0 0.205501 0.027354 0.044644 0.025915
0 0.110091 0.026971 0.026296 0.027875
0 0.684166 0.566221 0.035235 0.040219
5 0.307774 0.398856 0.025261 0.037857
0 0.535516 0.097635 0.024505 0.041583
5 0.519291 0.566475 0.024996 0.039450
0 0.684332 0.274116 0.033160 0.041297
5 0.316134 0.358316 0.042407 0.037718
0 0.020331 0.096025 0.022263 0.040927
0 0.109108 0.211578 0.019025 0.034976
0 0.283183 0.096374 0.020564 0.038299
0 0.452002 0.097076 0.022442 0.040512
5 0.307474 0.564723 0.025285 0.037961
1 0.030700 0.941595 0.013837 0.022775
0 0.477967 0.097745 0.021292 0.040551
0 0.502650 0.098016 0.022023 0.039809
0 0.685165 0.608945 0.033324 0.038571
0 0.225156 0.096173 0.023516 0.043702
0 0.426365 0.096814 0.021758 0.041111
0 0.257489 0.096037 0.021391 0.038465
0 0.684770 0.817553 0.033727 0.039856
0 0.684299 0.733274 0.032839 0.039657
0 0.684318 0.650335 0.033689 0.039097
0 0.684553 0.774850 0.033294 0.040670
0 0.594323 0.096294 0.022108 0.041104
0 0.345226 0.274952 0.016082 0.038898
0 0.308658 0.096483 0.022052 0.039043
0 0.340871 0.095670 0.024214 0.040670
0 0.618685 0.095670 0.022917 0.043923
0 0.684049 0.315692 0.033727 0.041483
0 0.684760 0.357988 0.033169 0.041483
5 0.314784 0.273802 0.040645 0.037416
0 0.256482 0.027751 0.028106 0.031722
0 0.684077 0.690892 0.033283 0.040070