5 0.616515 0.540758 0.033147 0.045560
5 0.706582 0.491520 0.056349 0.042351
5 0.619703 0.392358 0.040082 0.044934
0 0.243917 0.228086 0.086328 0.045798
5 0.921408 0.247719 0.157184 0.046770
5 0.616607 0.491522 0.033055 0.041882
5 0.616876 0.442032 0.033603 0.042316
1 0.483497 0.959145 0.020276 0.036246
5 0.706481 0.442202 0.056432 0.043461
0 0.325038 0.228329 0.065991 0.047375
0 0.506588 0.158780 0.093982 0.034150
1 0.483688 0.918797 0.020716 0.036296
5 0.668179 0.246110 0.086119 0.044413
5 0.968374 0.786852 0.063252 0.043525
3 0.080353 0.157453 0.131880 0.041645
0 0.596915 0.159186 0.057979 0.032194
5 0.971035 0.920383 0.057930 0.041363
3 0.542167 0.246604 0.164729 0.045531
3 0.667289 0.786856 0.182556 0.045988
0 0.732763 0.159553 0.109917 0.034706
3 0.827535 0.158431 0.050927 0.033822
5 0.863475 0.920372 0.163316 0.042135
5 0.971036 0.880504 0.057928 0.043876
5 0.702585 0.882183 0.163574 0.040801
5 0.559513 0.878852 0.045737 0.041581
5 0.971246 0.959822 0.057240 0.043036
1 0.483565 0.879881 0.020714 0.036186
3 0.031761 0.350734 0.042740 0.045830
0 0.517637 0.300654 0.096597 0.043506
0 0.070074 0.350187 0.024566 0.044967
0 0.651500 0.160177 0.019282 0.033078
0 0.224839 0.158996 0.128658 0.036124
5 0.863525 0.882458 0.162966 0.041350
0 0.392092 0.158129 0.032104 0.032227
5 0.559531 0.918594 0.045839 0.039511
5 0.702505 0.920156 0.162838 0.042643
0 0.440430 0.786280 0.024010 0.043069
5 0.515684 0.918582 0.045463 0.039550
5 0.515757 0.878776 0.044964 0.040675
0 0.440770 0.296598 0.023889 0.042401
0 0.099397 0.350253 0.025461 0.045580
5 0.515569 0.958426 0.045547 0.041084
0 0.350722 0.159870 0.018661 0.033324
5 0.863382 0.959273 0.164007 0.041263
1 0.463681 0.920118 0.015895 0.031270
1 0.463444 0.881030 0.016132 0.030835
5 0.702185 0.959147 0.163455 0.041925
0 0.647870 0.394132 0.019493 0.041435
1 0.463240 0.958691 0.015442 0.029329
5 0.559630 0.958662 0.045494 0.041312
0 0.315040 0.159886 0.017685 0.034539
0 0.433509 0.159367 0.019636 0.034776
0 0.167169 0.227841 0.059802 0.045913
0 0.024894 0.085632 0.015659 0.044293
0 0.462665 0.832938 0.015951 0.033637
5 0.591618 0.918576 0.022249 0.039935
5 0.925864 0.991632 0.148272 0.016735
5 0.591600 0.957590 0.021289 0.039291
5 0.591639 0.879174 0.022043 0.040295
0 0.301934 0.228133 0.019460 0.041729
0 0.686492 0.159807 0.017180 0.033399
5 0.611754 0.918532 0.021425 0.039059
0 0.019570 0.024418 0.018737 0.029445
0 0.082410 0.024871 0.087328 0.031800
0 0.148860 0.025439 0.024693 0.030664
0 0.187104 0.022599 0.032522 0.034072
0 0.247932 0.024871 0.069863 0.031800
0 0.317594 0.025439 0.044568 0.035207
0 0.363366 0.024303 0.032522 0.032936
5 0.611444 0.879876 0.016863 0.038380
5 0.612025 0.959376 0.019189 0.037283
4 0.257506 0.577774 0.162238 0.024124
4 0.285709 0.600802 0.224458 0.021931
4 0.272916 0.622733 0.198872 0.019738
4 0.286290 0.646309 0.227947 0.025221
4 0.206044 0.672627 0.060476 0.018641
4 0.237735 0.695654 0.125022 0.025221
4 0.236572 0.721423 0.126185 0.024124
4 0.234828 0.744999 0.121533 0.023028
4 0.286290 0.769672 0.223295 0.021931
4 0.220872 0.792700 0.097110 0.024124