3 0.494112 0.068697 0.030503 0.026633
0 0.048634 0.067813 0.049029 0.023256
0 0.181589 0.066918 0.028480 0.020696
0 0.107536 0.067488 0.058067 0.023291
1 0.502820 0.347259 0.011198 0.022306
0 0.280065 0.066783 0.063326 0.023027
1 0.502971 0.290455 0.011007 0.018511
1 0.032127 0.614641 0.009829 0.020590
0 0.982674 0.067125 0.034652 0.025265
1 0.032632 0.585910 0.010549 0.016317
1 0.502615 0.372138 0.011087 0.020590
1 0.926657 0.290922 0.011599 0.020590
0 0.067186 0.164731 0.086174 0.029440
1 0.032736 0.693228 0.009837 0.017619
1 0.947922 0.291658 0.009736 0.015198
1 0.926849 0.347116 0.011365 0.019732
5 0.156563 0.424925 0.141825 0.029656
5 0.156297 0.477476 0.141346 0.027740
0 0.222416 0.067237 0.040764 0.021619
0 0.152009 0.066867 0.021534 0.019641
0 0.346998 0.067929 0.059607 0.022705
1 0.502191 0.399591 0.010016 0.020590
5 0.811546 0.850883 0.042961 0.025351
1 0.926821 0.399877 0.010558 0.020590
1 0.502187 0.720593 0.010602 0.018016
1 0.032220 0.559197 0.010220 0.016655
5 0.156624 0.774580 0.141363 0.028456
1 0.032241 0.665862 0.010577 0.017794
1 0.031923 0.642380 0.009950 0.018874
1 0.032896 0.720101 0.010158 0.019891
1 0.501794 0.318948 0.010810 0.022306
5 0.156665 0.291263 0.143402 0.029116
5 0.812460 0.529822 0.041806 0.026122
1 0.032141 0.265389 0.010378 0.014135
1 0.032221 0.531611 0.010219 0.018104
1 0.032358 0.319948 0.009945 0.023164
5 0.156641 0.529495 0.141943 0.028263
1 0.032135 0.774928 0.011940 0.019732
1 0.032469 0.292209 0.010858 0.016300
5 0.480903 0.773777 0.022741 0.024194
1 0.926516 0.372424 0.010302 0.022306
5 0.156924 0.371867 0.142517 0.028319
5 0.762852 0.774948 0.056813 0.025292
5 0.481256 0.749619 0.021620 0.027453
1 0.723451 0.291904 0.011423 0.016834
1 0.032358 0.398826 0.009945 0.016771
5 0.435278 0.692568 0.070048 0.028311
1 0.724173 0.587447 0.009911 0.017676
5 0.812364 0.503254 0.041589 0.026720
1 0.926492 0.719917 0.010350 0.018379
5 0.812285 0.798597 0.041552 0.027816
1 0.031661 0.505010 0.009609 0.018094
1 0.502889 0.666116 0.011581 0.020590
1 0.503078 0.531856 0.009972 0.019738
5 0.762188 0.825445 0.059367 0.026966
5 0.156785 0.316362 0.144116 0.029547
5 0.480557 0.479023 0.022862 0.027590
5 0.156733 0.825681 0.141869 0.028854
5 0.435940 0.774620 0.071372 0.028495
5 0.156208 0.853324 0.142949 0.023545
5 0.811666 0.368875 0.041737 0.026342
1 0.724741 0.559697 0.009319 0.017082
1 0.926715 0.320091 0.010769 0.020590
5 0.156008 0.264123 0.141935 0.031062
1 0.948036 0.586763 0.010380 0.016965
1 0.502701 0.694427 0.011182 0.022306
5 0.481112 0.694284 0.021620 0.028311
5 0.480197 0.424953 0.023168 0.025418
5 0.762544 0.477031 0.058005 0.024287
1 0.502560 0.639182 0.010720 0.018196
1 0.926566 0.694856 0.011067 0.019732
5 0.811234 0.289889 0.040924 0.026204
5 0.762551 0.850351 0.056803 0.022893
1 0.032358 0.747475 0.009945 0.021448
5 0.812263 0.451193 0.040771 0.026131
5 0.811918 0.395647 0.041975 0.026881
5 0.812386 0.772771 0.041222 0.025944
1 0.502437 0.505415 0.009524 0.018332
5 0.762138 0.530032 0.060334 0.026658
1 0.032358 0.424860 0.009945 0.019081
1 0.926819 0.453317 0.011425 0.019945
5 0.435422 0.748762 0.070913 0.027453
1 0.502888 0.559409 0.009488 0.018223
5 0.762995 0.750328 0.057691 0.026883
1 0.031925 0.453497 0.009945 0.021448
5 0.762862 0.425277 0.057998 0.028078
5 0.435991 0.477681 0.069084 0.026780
5 0.156269 0.719763 0.143071 0.027956
5 0.435846 0.852085 0.069327 0.021067
5 0.435804 0.800173 0.071589 0.025611
1 0.948675 0.320520 0.009513 0.018016
1 0.032251 0.371986 0.010597 0.016283
5 0.811461 0.315573 0.041687 0.026405
5 0.811784 0.612036 0.041764 0.026023
5 0.482377 0.852704 0.022485 0.022306
1 0.927671 0.640379 0.010168 0.020590
5 0.157840 0.502984 0.145920 0.030019
1 0.523222 0.290975 0.009560 0.017835
5 0.812222 0.824208 0.041052 0.026035
5 0.156875 0.342679 0.144722 0.030664
5 0.811896 0.476607 0.042169 0.023833
5 0.435857 0.290579 0.073149 0.027408
5 0.812301 0.746614 0.041566 0.028827
5 0.811757 0.341717 0.041959 0.028388
1 0.724063 0.532711 0.010556 0.019732
1 0.032141 0.479504 0.010377 0.016839
1 0.926622 0.478939 0.010090 0.017997
5 0.436791 0.558964 0.070480 0.028771
5 0.157300 0.798232 0.142170 0.029008
1 0.948211 0.640648 0.011270 0.020251
1 0.948093 0.558999 0.011155 0.017789
5 0.435728 0.315952 0.073502 0.027928
5 0.762104 0.503242 0.059893 0.027247
5 0.811705 0.424898 0.043096 0.027341
5 0.435935 0.532019 0.071889 0.031410
5 0.436359 0.827277 0.070480 0.031710
1 0.927618 0.667403 0.010062 0.021448
5 0.811678 0.262691 0.041512 0.026247
1 0.947813 0.532537 0.010475 0.015934
1 0.723199 0.264303 0.011061 0.019969
1 0.032176 0.801055 0.011060 0.018795
1 0.947833 0.264137 0.011289 0.018493
3 0.460332 0.068562 0.027797 0.026904
1 0.948440 0.801054 0.010841 0.018804
5 0.481036 0.369794 0.021181 0.023337
5 0.762270 0.721752 0.059171 0.030553
5 0.811891 0.662838 0.041648 0.026706
0 0.411271 0.069014 0.059148 0.026192
1 0.723428 0.614077 0.010151 0.017746
1 0.032391 0.347116 0.010012 0.021448
5 0.435176 0.425317 0.071496 0.027994
1 0.502334 0.587392 0.008865 0.017566
5 0.812004 0.585817 0.041909 0.027717
5 0.157311 0.451058 0.145651 0.028109
5 0.811890 0.637368 0.041832 0.027290
1 0.501637 0.827332 0.011989 0.018159
1 0.927415 0.264034 0.009656 0.018288
5 0.812347 0.556713 0.042064 0.027001
1 0.947998 0.614970 0.011732 0.018789
5 0.763164 0.798321 0.060099 0.028234
1 0.723443 0.320377 0.011439 0.022306
5 0.763338 0.372622 0.057165 0.027871
5 0.158223 0.612811 0.145576 0.028437
5 0.812180 0.717394 0.041632 0.028959
1 0.502352 0.453910 0.010560 0.019415
1 0.522585 0.587468 0.009152 0.017718
1 0.031780 0.827777 0.009370 0.017334
5 0.762330 0.265194 0.057247 0.023629
5 0.762376 0.291437 0.056266 0.029545
5 0.762663 0.612331 0.058422 0.026389
5 0.480646 0.826953 0.022407 0.028926
5 0.434973 0.372041 0.071394 0.028162
1 0.502063 0.426616 0.010272 0.019732
5 0.481277 0.720927 0.021951 0.028164
5 0.812060 0.689131 0.041580 0.030094
0 0.188665 0.164772 0.144879 0.029522
5 0.481327 0.343720 0.020897 0.032243
5 0.481040 0.532282 0.020324 0.027453
1 0.927338 0.586397 0.010653 0.017995
5 0.436115 0.265073 0.071066 0.026085
1 0.947953 0.693918 0.011301 0.019371
5 0.480578 0.396086 0.021129 0.026093
1 0.927032 0.559529 0.009491 0.017087
5 0.435676 0.342113 0.073280 0.029048
5 0.482316 0.315105 0.018096 0.025235
5 0.762639 0.586342 0.058997 0.027840
5 0.480607 0.586065 0.021187 0.030259
5 0.156794 0.395817 0.145573 0.028146
5 0.435449 0.505253 0.070859 0.024870
1 0.502920 0.613370 0.010289 0.018048
5 0.481544 0.612049 0.022485 0.028537
5 0.157872 0.557301 0.146087 0.031348
5 0.762406 0.451044 0.058886 0.026873
1 0.948142 0.667063 0.010245 0.022012
1 0.502105 0.801285 0.011053 0.019256
5 0.157338 0.665108 0.142951 0.028374
5 0.158077 0.638133 0.145767 0.029362
5 0.763306 0.318689 0.057425 0.031391
1 0.522840 0.318948 0.011094 0.024022
5 0.436067 0.451263 0.071352 0.027534
5 0.761904 0.557236 0.060875 0.027426
1 0.947630 0.346687 0.010017 0.020590
5 0.158136 0.586790 0.146006 0.030154
5 0.435665 0.612538 0.070427 0.027681
1 0.523492 0.262849 0.009236 0.021637
1 0.522811 0.559103 0.009604 0.019326
1 0.927133 0.532495 0.010248 0.021132
1 0.947978 0.373282 0.009849 0.020590
1 0.522679 0.532041 0.010205 0.018392
1 0.502531 0.265887 0.011067 0.015703
5 0.436245 0.395995 0.072924 0.027069
1 0.722871 0.479405 0.009987 0.017785
1 0.723349 0.639329 0.010762 0.018491
5 0.481053 0.798196 0.022693 0.026988
5 0.157168 0.746994 0.144868 0.029029
1 0.522607 0.613506 0.008331 0.018320
5 0.762870 0.637662 0.058216 0.027215
5 0.436015 0.721203 0.073184 0.030674
1 0.723549 0.506544 0.011226 0.020590
1 0.926970 0.613793 0.010207 0.019371
1 0.723579 0.346120 0.011379 0.022316
1 0.927034 0.506520 0.008894 0.018490
5 0.435206 0.586489 0.069616 0.028462
5 0.481184 0.637750 0.020611 0.029399
1 0.502948 0.747618 0.009945 0.022306
5 0.762108 0.665011 0.057691 0.031986
5 0.762995 0.691362 0.057691 0.026000
5 0.435864 0.666522 0.071758 0.034076
5 0.763504 0.346271 0.056933 0.025534
5 0.480895 0.666037 0.021187 0.030516
5 0.435649 0.637865 0.070458 0.028732
1 0.032718 0.854571 0.008648 0.018874
1 0.523847 0.346401 0.009080 0.018874
1 0.524711 0.372567 0.009945 0.018016
1 0.523847 0.400020 0.009080 0.021448
1 0.502011 0.854714 0.010377 0.018016
1 0.502443 0.775357 0.009513 0.017158
1 0.502011 0.481665 0.008648 0.018874
1 0.523847 0.426616 0.009945 0.021448
1 0.523630 0.452353 0.011242 0.018016
1 0.523847 0.480664 0.009945 0.019732
1 0.523630 0.507688 0.010377 0.017158
1 0.523847 0.640808 0.009080 0.018016
1 0.524063 0.667832 0.009513 0.018874
1 0.524495 0.693998 0.011242 0.018016
1 0.522766 0.721880 0.010377 0.018874
1 0.523198 0.749333 0.009513 0.018874
1 0.523630 0.774642 0.008648 0.019732
1 0.523630 0.802524 0.008648 0.017158
1 0.523847 0.828261 0.009945 0.018874
1 0.523630 0.853999 0.010377 0.015442
5 0.480607 0.266758 0.021187 0.026595
5 0.481688 0.290779 0.020755 0.028311
5 0.480391 0.451638 0.021620 0.029169
5 0.480391 0.505257 0.022485 0.026595
5 0.156959 0.693140 0.143555 0.026595
5 0.480679 0.558877 0.022485 0.027453
1 0.723541 0.373139 0.009513 0.019732
1 0.723541 0.399734 0.009513 0.019732
1 0.723973 0.425043 0.010377 0.018874
1 0.723973 0.452496 0.010377 0.018874
1 0.723351 0.667650 0.009763 0.022012
1 0.723351 0.694505 0.008875 0.019371
1 0.723573 0.721800 0.009319 0.017610
1 0.722908 0.748655 0.010651 0.018490
1 0.723351 0.774189 0.009763 0.018490
1 0.724239 0.801044 0.009763 0.017610
1 0.724239 0.827899 0.009763 0.018490
1 0.723573 0.854754 0.010207 0.015849
5 0.763661 0.398661 0.057247 0.026415
1 0.926911 0.427188 0.010377 0.018588
1 0.926695 0.855143 0.009945 0.018874
1 0.927776 0.828976 0.009513 0.019732
1 0.948314 0.854142 0.008216 0.018016
1 0.948098 0.827975 0.009513 0.017158
1 0.926262 0.801809 0.009945 0.021448
1 0.926046 0.774785 0.010377 0.020590
1 0.926695 0.748619 0.009080 0.019732
1 0.948345 0.721653 0.010651 0.016729
1 0.947901 0.748068 0.008875 0.020251
1 0.948567 0.776684 0.011094 0.019371
1 0.948531 0.508403 0.010377 0.021448
1 0.948098 0.480950 0.009513 0.019732
1 0.947954 0.453354 0.010089 0.019446
1 0.948242 0.426616 0.009513 0.018016
1 0.948242 0.399162 0.009513 0.018016