5 0.249071 0.835852 0.124448 0.040474
0 0.018393 0.976897 0.027010 0.041095
3 0.986769 0.094249 0.025447 0.036252
0 0.975292 0.978023 0.049416 0.037110
5 0.768713 0.882104 0.122023 0.041519
5 0.722844 0.243353 0.032555 0.038660
5 0.723861 0.290127 0.034376 0.038747
5 0.733462 0.381475 0.053906 0.040916
5 0.811031 0.927388 0.207625 0.046359
3 0.300287 0.093510 0.091697 0.031774
5 0.248791 0.882108 0.125130 0.040953
5 0.200924 0.289522 0.029347 0.038689
5 0.276862 0.244686 0.176502 0.044547
5 0.221887 0.336418 0.072550 0.039991
5 0.327548 0.834700 0.033517 0.037304
3 0.174489 0.093668 0.129286 0.032256
5 0.210130 0.925667 0.046306 0.041386
0 0.752359 0.382704 0.015116 0.038244
4 0.128401 0.722281 0.109807 0.031975
5 0.299266 0.382252 0.225433 0.040741
4 0.114122 0.631990 0.141279 0.033489
1 0.193907 0.426926 0.013809 0.031208
4 0.099665 0.881027 0.165079 0.036012
4 0.093762 0.786093 0.182578 0.036799
1 0.713689 0.336256 0.014825 0.033137
4 0.128051 0.675074 0.107411 0.032062
0 0.355059 0.245463 0.015485 0.031324
0 0.053635 0.093904 0.078696 0.034549
4 0.157054 0.832970 0.058881 0.028844
4 0.147745 0.583986 0.073811 0.031117