0 0.559612 0.662247 0.023764 0.043709
0 0.256198 0.862272 0.115669 0.047533
0 0.053943 0.100024 0.089978 0.038185
0 0.608024 0.663359 0.061489 0.042072
3 0.325754 0.099426 0.106214 0.037935
0 0.965876 0.972755 0.068248 0.042375
3 0.770384 0.685461 0.166040 0.043989
0 0.014287 0.972474 0.028574 0.043739
5 0.841695 0.634401 0.248703 0.043745
3 0.182664 0.098706 0.143472 0.037270
3 0.529742 0.502687 0.175510 0.044448
5 0.549488 0.577407 0.105820 0.046029
0 0.615388 0.419805 0.020872 0.042558
0 0.041442 0.248525 0.041067 0.038560
0 0.643245 0.420374 0.018915 0.040252
3 0.975464 0.099334 0.027376 0.032951
0 0.957328 0.632636 0.015504 0.033179
5 0.220630 0.685553 0.051357 0.040748
1 0.200317 0.736081 0.016863 0.034228