5 0.477346 0.359295 0.040999 0.043753
0 0.617276 0.412338 0.031398 0.046270
5 0.477068 0.304436 0.041142 0.046515
0 0.617912 0.575359 0.029867 0.045514
5 0.500098 0.411627 0.086594 0.044416
5 0.310981 0.420914 0.085495 0.049622
0 0.616847 0.359170 0.032136 0.045119
5 0.288663 0.362632 0.040602 0.053253
5 0.288331 0.307186 0.039649 0.041189
0 0.617191 0.953067 0.030215 0.045611
0 0.617120 0.305205 0.032444 0.049922
5 0.341442 0.575853 0.146954 0.048416
5 0.529381 0.575711 0.145053 0.049716
5 0.277448 0.955856 0.021112 0.052038
5 0.341749 0.255791 0.146425 0.051334
0 0.224062 0.101290 0.101214 0.035160
1 0.276042 0.791610 0.015403 0.033676
3 0.301659 0.101578 0.039650 0.034819
0 0.971795 0.103665 0.051363 0.041485
0 0.089873 0.103673 0.148835 0.036857
5 0.465734 0.952683 0.020154 0.046827
1 0.276214 0.739551 0.015336 0.031971