0 0.524397 0.190783 0.024513 0.042480
3 0.237754 0.191225 0.145519 0.048623
0 0.644635 0.842805 0.024505 0.043493
0 0.553842 0.191035 0.025177 0.042889
0 0.578055 0.843026 0.025070 0.042066
0 0.282449 0.843125 0.023813 0.040683
0 0.530523 0.843174 0.025493 0.041046
0 0.024785 0.290681 0.025028 0.042760
5 0.479921 0.342440 0.128230 0.046720
5 0.198666 0.342049 0.085931 0.045642
0 0.500839 0.191234 0.023191 0.040966
3 0.085425 0.191463 0.147100 0.045932
0 0.901197 0.971028 0.080261 0.042282
3 0.217816 0.103806 0.039595 0.031331
5 0.364564 0.190516 0.102688 0.046000
0 0.974046 0.969826 0.051577 0.039528
5 0.512632 0.393166 0.199421 0.045699
0 0.554360 0.843291 0.021268 0.039497
0 0.975909 0.104383 0.047931 0.034631
0 0.070195 0.843313 0.022283 0.040915
0 0.257954 0.843619 0.021047 0.039911
0 0.056464 0.104520 0.087144 0.035415
5 0.830666 0.679284 0.080975 0.039608
0 0.086109 0.294218 0.058101 0.040055
5 0.906265 0.678907 0.073858 0.039846
0 0.914671 0.104196 0.060806 0.034029
0 0.353496 0.845542 0.108837 0.042080
5 0.830855 0.718358 0.079959 0.042402
5 0.359300 0.678587 0.037594 0.038755
5 0.198704 0.391287 0.087048 0.044032
5 0.831236 0.755818 0.079713 0.039620
5 0.467088 0.678847 0.124212 0.043167
5 0.360440 0.717425 0.036173 0.040528
5 0.906535 0.718199 0.074115 0.042425
0 0.459194 0.843499 0.105638 0.043408
5 0.732400 0.678230 0.119779 0.043421
5 0.209363 0.639073 0.266076 0.044537
5 0.830362 0.640801 0.081817 0.044542
0 0.041685 0.444849 0.015736 0.031553
1 0.079900 0.443802 0.014936 0.029928
5 0.391542 0.717847 0.029006 0.040404
5 0.210344 0.679239 0.264861 0.044233
5 0.867786 0.191286 0.031634 0.043414
5 0.391302 0.678564 0.029778 0.038303
5 0.359044 0.640853 0.036819 0.042151
5 0.732323 0.718341 0.120190 0.043098
5 0.466180 0.718266 0.125116 0.043250
5 0.470125 0.191517 0.039150 0.041425
5 0.466985 0.640533 0.123188 0.041585
5 0.616074 0.678578 0.116351 0.043195
3 0.148883 0.104207 0.082857 0.032750
5 0.906613 0.756346 0.074488 0.040118
0 0.046932 0.843669 0.022794 0.043069
5 0.891466 0.191165 0.018738 0.043493
5 0.733423 0.641301 0.117694 0.045610
5 0.906443 0.640700 0.073501 0.044160
5 0.390465 0.640906 0.031332 0.041561
3 0.168527 0.443003 0.146899 0.045394
5 0.542999 0.678441 0.033147 0.038422
5 0.615617 0.718413 0.117892 0.043232
5 0.615420 0.640612 0.115786 0.042480
5 0.056978 0.679034 0.043520 0.039930
5 0.391583 0.758156 0.029111 0.043667
5 0.733404 0.756981 0.119610 0.043301
5 0.359785 0.757152 0.036970 0.041797
5 0.210575 0.719106 0.261952 0.044872
5 0.542827 0.640636 0.033306 0.042323
5 0.543117 0.717290 0.033174 0.041682
5 0.466486 0.757014 0.125474 0.042604
5 0.056885 0.641197 0.043281 0.041897
5 0.210659 0.758791 0.263390 0.044892
5 0.057282 0.721380 0.046575 0.043230
5 0.056078 0.763779 0.044166 0.038242
5 0.167642 0.845041 0.159706 0.045186
5 0.543470 0.757915 0.030916 0.044227
5 0.616264 0.760825 0.118044 0.043063