5 0.381719 0.299835 0.050778 0.033319
0 0.060854 0.907756 0.024628 0.033678
0 0.470524 0.076612 0.021791 0.027406
0 0.284868 0.077617 0.018088 0.026826
0 0.521135 0.075886 0.017948 0.025967
5 0.198056 0.299719 0.092046 0.033137
0 0.320025 0.907801 0.024162 0.034555
0 0.263894 0.078275 0.017872 0.026017
0 0.110608 0.908013 0.024542 0.032315
0 0.223561 0.181746 0.043426 0.027755
0 0.279875 0.907440 0.025684 0.034677
0 0.444949 0.076348 0.020101 0.027501
0 0.085526 0.907691 0.024215 0.031098
3 0.114029 0.077618 0.137315 0.033857
0 0.311370 0.076513 0.022551 0.029231
0 0.213987 0.076195 0.016614 0.026221
0 0.492474 0.076000 0.019243 0.027135
3 0.269613 0.733748 0.062150 0.034300
0 0.139810 0.908591 0.023626 0.034660
5 0.198397 0.334697 0.090963 0.033298
0 0.242571 0.077753 0.017153 0.026441
3 0.269491 0.764197 0.062772 0.031162
5 0.222602 0.368736 0.140063 0.031719
0 0.255177 0.907266 0.023721 0.032663
0 0.381303 0.074473 0.018090 0.025956
3 0.269460 0.793990 0.062710 0.030572
5 0.259035 0.402470 0.213029 0.034682
0 0.402137 0.075864 0.020195 0.026164
0 0.353988 0.075477 0.017971 0.028145
0 0.215009 0.907638 0.025677 0.034128
0 0.424034 0.076148 0.019837 0.026476
0 0.437585 0.182129 0.097750 0.027860
0 0.029248 0.907666 0.027974 0.035343
5 0.882303 0.795141 0.126406 0.034296
0 0.345413 0.907303 0.025930 0.034193
0 0.540991 0.075170 0.015915 0.024581
0 0.289193 0.180832 0.065284 0.024834
5 0.882482 0.826690 0.128638 0.035564
0 0.145648 0.182369 0.105628 0.028988
0 0.048364 0.180879 0.064884 0.028309
0 0.333432 0.076528 0.017013 0.028761
5 0.881839 0.701302 0.128195 0.034835
0 0.177288 0.909282 0.050433 0.036022
0 0.354777 0.181673 0.044811 0.027664
5 0.425142 0.703305 0.250305 0.034448
3 0.269670 0.826201 0.062265 0.031169
5 0.882243 0.668936 0.128251 0.034558
0 0.156988 0.032996 0.029704 0.020718
1 0.953017 0.733751 0.014452 0.025379
0 0.135402 0.235534 0.057763 0.029936
5 0.425753 0.670116 0.247066 0.035290
1 0.952876 0.700757 0.014556 0.025917
5 0.881451 0.763584 0.126746 0.033378
0 0.027036 0.076821 0.017524 0.027456
0 0.598093 0.976951 0.036607 0.029109
0 0.394459 0.032452 0.043102 0.019626
0 0.195238 0.076363 0.019297 0.025327
5 0.882078 0.733786 0.128510 0.034670
3 0.269340 0.699713 0.063345 0.032974
1 0.953202 0.766211 0.014876 0.023078
5 0.425188 0.827036 0.249924 0.032238
1 0.953142 0.797031 0.015152 0.022986
1 0.953495 0.669365 0.015328 0.026803
5 0.706635 0.335237 0.262340 0.038056
5 0.109886 0.826533 0.087415 0.033444
1 0.953012 0.827425 0.012658 0.022042
5 0.425621 0.795827 0.249924 0.032924
5 0.109183 0.795679 0.088384 0.030342
5 0.222731 0.436378 0.140158 0.029486
0 0.257286 0.033444 0.044609 0.021165
5 0.425358 0.735621 0.250738 0.033233
5 0.425477 0.765462 0.250501 0.031184
0 0.063628 0.032995 0.057319 0.023012
0 0.202561 0.033679 0.035442 0.019321
5 0.705874 0.437246 0.260884 0.034900
0 0.115585 0.033598 0.023572 0.021118
0 0.018546 0.025992 0.016815 0.021706
3 0.270134 0.668943 0.063192 0.029065
5 0.971556 0.701331 0.022869 0.034308
5 0.109108 0.764732 0.088209 0.031552
5 0.108891 0.733180 0.086911 0.034296
5 0.809588 0.670305 0.022485 0.032924
5 0.809371 0.702542 0.022917 0.030180
5 0.809371 0.734094 0.022052 0.034296
5 0.809371 0.764275 0.021187 0.032924
5 0.808074 0.796855 0.021187 0.034982
5 0.809371 0.826693 0.022052 0.030180
5 0.970367 0.669619 0.021187 0.028808
5 0.971231 0.733408 0.022917 0.032924
5 0.970799 0.765646 0.021187 0.031552
5 0.971015 0.796512 0.020755 0.032924
5 0.970799 0.827036 0.021187 0.028122
0 0.072372 0.237293 0.068297 0.030763
1 0.050761 0.733408 0.029639 0.029993
1 0.051783 0.765428 0.028617 0.030804
1 0.051527 0.797852 0.029128 0.034046
1 0.051783 0.828251 0.029639 0.028372