0 0.933908 0.094321 0.016526 0.032775
0 0.234087 0.094129 0.016753 0.032568
0 0.971854 0.094702 0.043497 0.033838
0 0.186506 0.095313 0.017693 0.032941
0 0.256816 0.094589 0.017118 0.032338
0 0.308619 0.094405 0.071124 0.031331
0 0.162429 0.095454 0.017856 0.032604
0 0.389741 0.094497 0.078611 0.031309
0 0.209953 0.094984 0.016182 0.033710
3 0.556286 0.093730 0.083323 0.030834
0 0.471287 0.094444 0.070534 0.030317
0 0.116060 0.095327 0.016210 0.027481
0 0.140291 0.095113 0.016529 0.029180
0 0.091771 0.094975 0.015497 0.027655
5 0.635782 0.460332 0.578692 0.060826
0 0.910401 0.095281 0.015516 0.032778
0 0.555420 0.093828 0.083799 0.029611
0 0.887533 0.094149 0.016382 0.032057
0 0.045914 0.094064 0.013845 0.029184
0 0.021842 0.093764 0.016453 0.030243
5 0.650108 0.213466 0.550394 0.066828
5 0.635746 0.624728 0.578591 0.064645
0 0.068708 0.096267 0.014216 0.029158
5 0.636443 0.901825 0.579368 0.062452
3 0.620141 0.093897 0.031813 0.030707
5 0.635777 0.676209 0.578732 0.083944
5 0.636646 0.741280 0.578102 0.058876