0 0.073419 0.822949 0.022846 0.040797
0 0.225765 0.822626 0.023486 0.039529
0 0.149998 0.822647 0.023702 0.039962
1 0.064392 0.604447 0.020406 0.037216
1 0.041973 0.728579 0.015684 0.027301
0 0.249575 0.823046 0.024307 0.040023
1 0.064255 0.644678 0.020313 0.038333
0 0.894380 0.980252 0.072308 0.036926
0 0.096610 0.822986 0.022598 0.039795
0 0.968113 0.981354 0.061332 0.035431
0 0.324691 0.823231 0.021398 0.037806
0 0.279218 0.823452 0.022958 0.039196
0 0.934249 0.096106 0.018623 0.034355
0 0.119986 0.823057 0.022643 0.041092
0 0.370775 0.823014 0.023632 0.041462
1 0.064417 0.683508 0.020760 0.036067
0 0.196093 0.823094 0.024414 0.040595
0 0.347579 0.823403 0.021354 0.039733
0 0.173279 0.822524 0.021447 0.039078
0 0.829946 0.824802 0.140771 0.045966
1 0.064061 0.726579 0.020619 0.043081
0 0.302384 0.823324 0.022192 0.037701
0 0.020555 0.462141 0.024897 0.045979
0 0.612402 0.095373 0.051772 0.032695
1 0.043128 0.687885 0.014537 0.031961
0 0.020819 0.925425 0.025516 0.043764
0 0.976377 0.095300 0.047148 0.034803
0 0.932037 0.873337 0.025404 0.046271
0 0.348856 0.094146 0.086321 0.033066
0 0.540005 0.823734 0.122966 0.045466
1 0.063959 0.564393 0.020593 0.039594
0 0.425290 0.094146 0.047899 0.032432
0 0.517813 0.095978 0.118866 0.035472
0 0.256655 0.094407 0.081466 0.034867
0 0.737681 0.095891 0.114102 0.035838
0 0.043721 0.823795 0.024779 0.045435
0 0.630653 0.763990 0.060245 0.034099
0 0.089564 0.095185 0.156978 0.036139
1 0.041965 0.608598 0.014537 0.033190
5 0.427850 0.210675 0.338066 0.043398
0 0.659588 0.095569 0.027313 0.031066
5 0.772319 0.683444 0.073861 0.040776
5 0.097817 0.643884 0.047551 0.042802
5 0.209584 0.212225 0.099550 0.046498
1 0.043128 0.648485 0.013374 0.031834
5 0.874995 0.604332 0.051245 0.041527
1 0.043128 0.568646 0.014537 0.029502
5 0.771956 0.643787 0.073424 0.043973
0 0.191970 0.094791 0.031417 0.032618
5 0.873968 0.683175 0.051517 0.040279
5 0.772726 0.604148 0.073131 0.039414
0 0.550119 0.764314 0.084863 0.036104
3 0.823170 0.094860 0.039138 0.033498
5 0.556502 0.398630 0.099290 0.040089
0 0.597365 0.396411 0.018654 0.041445
5 0.238270 0.644583 0.142947 0.045376
5 0.874297 0.643568 0.051010 0.042824
0 0.908045 0.095928 0.018453 0.033382
5 0.237722 0.683441 0.142880 0.042783
5 0.772293 0.721578 0.075118 0.042949
5 0.097886 0.683349 0.047173 0.038919
5 0.873701 0.723626 0.052146 0.045708
5 0.097822 0.725037 0.047906 0.046164
5 0.911817 0.687475 0.029025 0.044253
5 0.098092 0.603204 0.047548 0.037629
5 0.156038 0.644739 0.023701 0.041044
5 0.912368 0.603512 0.029244 0.037864
5 0.238146 0.725518 0.144359 0.048252
5 0.912102 0.642050 0.029579 0.040682
5 0.132251 0.643398 0.026441 0.041947
5 0.353595 0.554640 0.014561 0.030800
5 0.239259 0.603334 0.144458 0.043378
5 0.132661 0.603522 0.025316 0.040326
5 0.911939 0.726812 0.028833 0.039336
5 0.155792 0.603276 0.023162 0.039072
5 0.132336 0.683170 0.026389 0.039477
5 0.155915 0.682984 0.023738 0.037503
5 0.132251 0.562939 0.025716 0.041580
5 0.353586 0.501714 0.014995 0.029930
5 0.155814 0.562473 0.023239 0.041312
5 0.156483 0.725043 0.024464 0.046152
5 0.132263 0.723702 0.026276 0.046375
5 0.719162 0.724884 0.033040 0.048108
5 0.719448 0.643863 0.032449 0.042971
5 0.874361 0.565355 0.050331 0.040948
5 0.719938 0.604094 0.034271 0.040525
5 0.353538 0.603145 0.015537 0.031477
5 0.096952 0.563899 0.046612 0.045121
5 0.721202 0.563464 0.036711 0.042604
5 0.719695 0.683974 0.032942 0.041423
5 0.829320 0.604542 0.043594 0.040082
5 0.827542 0.724548 0.038978 0.039726