0 0.333590 0.907863 0.024521 0.038948
0 0.070841 0.343953 0.022035 0.043050
0 0.536828 0.908173 0.022727 0.040355
0 0.409576 0.908765 0.022596 0.037789
0 0.334926 0.204351 0.024605 0.043468
0 0.104097 0.343733 0.024340 0.045590
0 0.583279 0.908264 0.022357 0.039266
0 0.507821 0.908515 0.022157 0.039873
0 0.281890 0.654864 0.023806 0.039888
0 0.644220 0.205657 0.023110 0.044578
0 0.628059 0.907825 0.022359 0.038769
0 0.899525 0.977557 0.070768 0.040313
0 0.937942 0.099978 0.015368 0.029524
0 0.456049 0.908311 0.024508 0.039472
0 0.357369 0.907096 0.022070 0.039006
0 0.484527 0.908879 0.023054 0.037864
0 0.380539 0.907992 0.023370 0.038442
0 0.304051 0.908340 0.023807 0.037897
0 0.046281 0.344199 0.022120 0.042826
1 0.303604 0.754603 0.016764 0.035733
0 0.560205 0.908385 0.021396 0.039140
0 0.605911 0.907815 0.020296 0.037748
0 0.386282 0.204629 0.023862 0.044189
0 0.827665 0.205092 0.021830 0.043006
0 0.360368 0.204251 0.023166 0.042678
3 0.015614 0.344006 0.031228 0.043953
0 0.432579 0.908263 0.021498 0.038247
0 0.418226 0.204974 0.025194 0.045815
0 0.476814 0.205052 0.022685 0.044648
0 0.912283 0.099645 0.015812 0.030084
3 0.844484 0.099820 0.039039 0.031407
0 0.796863 0.907929 0.124922 0.044766
0 0.970644 0.979228 0.058712 0.037508
0 0.451910 0.205002 0.023800 0.045665
0 0.449798 0.099569 0.047903 0.029755
0 0.677333 0.204990 0.022075 0.043566
0 0.528848 0.205422 0.022148 0.044254
0 0.977492 0.099943 0.044700 0.031464
0 0.502878 0.204892 0.024054 0.045020
0 0.852137 0.204748 0.024124 0.046239
0 0.372720 0.099482 0.081965 0.030038
0 0.635931 0.100395 0.049752 0.030467
3 0.572038 0.205905 0.018170 0.042932
3 0.620339 0.205522 0.018101 0.041629
1 0.304162 0.795643 0.017075 0.035049
0 0.543262 0.101242 0.121933 0.034934
0 0.682243 0.099398 0.026081 0.028631
0 0.284851 0.098892 0.083419 0.033706
0 0.282092 0.150358 0.020383 0.034667
1 0.304175 0.833749 0.018204 0.035367
5 0.909901 0.793505 0.032672 0.040634
5 0.909678 0.831511 0.033120 0.042318
3 0.155504 0.343134 0.017189 0.047793
0 0.308023 0.204727 0.023753 0.045671
0 0.777618 0.205404 0.019548 0.045031
5 0.661396 0.755305 0.080318 0.040419
5 0.009150 0.498786 0.018225 0.039993
0 0.759537 0.101103 0.111223 0.035533
0 0.553828 0.205645 0.020872 0.042960
5 0.660964 0.795546 0.081331 0.039925
5 0.009121 0.458964 0.018242 0.040368
5 0.660085 0.832399 0.081832 0.041497
5 0.141609 0.539479 0.248915 0.038754
3 0.745987 0.205204 0.033028 0.042273
5 0.009143 0.577504 0.018216 0.039445
5 0.009165 0.538229 0.018296 0.038026
5 0.141609 0.459793 0.248051 0.045255
0 0.219282 0.098772 0.029097 0.030901
5 0.142194 0.500253 0.249220 0.042328
5 0.509458 0.794476 0.120044 0.041303
0 0.708817 0.204420 0.034259 0.044887
0 0.108996 0.101960 0.173903 0.037848
5 0.141199 0.856299 0.248096 0.044315
5 0.587866 0.831533 0.033468 0.041185
1 0.325967 0.795071 0.022028 0.038613
5 0.009143 0.617123 0.018284 0.039274
1 0.302843 0.311581 0.015737 0.033766
5 0.141199 0.817525 0.248096 0.045653
5 0.141936 0.577171 0.249568 0.046611
5 0.427291 0.794252 0.047443 0.040492
5 0.141407 0.776407 0.248735 0.046507
0 0.602114 0.204809 0.018586 0.046697
1 0.325030 0.754256 0.021479 0.038145
5 0.141907 0.615781 0.249510 0.042572
5 0.509030 0.831524 0.120457 0.039414
5 0.009057 0.657237 0.018114 0.041305
5 0.587788 0.794279 0.031739 0.038120
5 0.611877 0.832683 0.017737 0.041480
1 0.325908 0.833937 0.022497 0.039906
5 0.519266 0.753253 0.099533 0.042747
5 0.357864 0.793398 0.042607 0.040977
3 0.795607 0.205032 0.017296 0.042398
5 0.358085 0.833533 0.042507 0.043252
0 0.709184 0.755162 0.018911 0.037846
5 0.142101 0.653195 0.251052 0.040592
5 0.426575 0.833730 0.049010 0.041822
5 0.141428 0.697785 0.250988 0.046367
5 0.009036 0.776766 0.018072 0.040709
5 0.009095 0.816210 0.018153 0.040247
5 0.612393 0.755564 0.018525 0.036283
5 0.611870 0.795533 0.017655 0.037021
5 0.141407 0.739244 0.249789 0.040424
5 0.008937 0.699924 0.017837 0.040920
5 0.390724 0.831701 0.022386 0.042497
1 0.432872 0.311365 0.015143 0.031554
5 0.009212 0.856530 0.018390 0.039575
5 0.008143 0.737012 0.015999 0.040101
0 0.136426 0.344397 0.019142 0.047072