0 0.228244 0.261847 0.187958 0.042580
0 0.898314 0.974155 0.064347 0.038931
0 0.965926 0.972116 0.057068 0.034029
5 0.269879 0.170690 0.282872 0.041098
1 0.028792 0.430298 0.014548 0.028499
0 0.074189 0.260572 0.111644 0.040889
1 0.657874 0.571596 0.013552 0.027967
1 0.028871 0.465089 0.014500 0.029427
1 0.029472 0.607820 0.015042 0.030392
0 0.970898 0.088623 0.044255 0.031998
5 0.544711 0.535119 0.089635 0.038253
1 0.029082 0.536428 0.014240 0.029560
1 0.629746 0.642363 0.015034 0.028545
5 0.190008 0.396752 0.183277 0.034975
1 0.629778 0.536904 0.013325 0.027024
1 0.657849 0.642643 0.014424 0.029041
0 0.271746 0.089177 0.051826 0.029758
1 0.657717 0.608275 0.014525 0.029143
0 0.430497 0.088818 0.074246 0.030326
5 0.544777 0.570261 0.089801 0.037472
3 0.617835 0.088583 0.036331 0.029667
1 0.657678 0.537115 0.013258 0.027024
0 0.050919 0.088572 0.060876 0.029960
1 0.629751 0.571190 0.014240 0.027761
1 0.028761 0.572109 0.014640 0.031293
1 0.630235 0.608084 0.014436 0.029025
5 0.705393 0.569822 0.073916 0.036675
0 0.180707 0.087084 0.027844 0.027112
1 0.658147 0.466238 0.014645 0.027078
1 0.658179 0.430447 0.015575 0.028098
5 0.544962 0.429354 0.090648 0.038195
0 0.123857 0.088104 0.072543 0.029080
0 0.220774 0.086920 0.034170 0.027606
1 0.029131 0.641615 0.015359 0.029106
5 0.544847 0.465165 0.089918 0.040118
1 0.028634 0.394761 0.015251 0.031445
0 0.345455 0.088448 0.078741 0.029588
0 0.512662 0.088060 0.073441 0.029259
5 0.545478 0.393635 0.092938 0.039138
5 0.139268 0.215328 0.020956 0.039620
5 0.602714 0.607147 0.028340 0.035476
5 0.705674 0.642972 0.073739 0.034806
5 0.189533 0.465600 0.185776 0.042119
1 0.629652 0.466093 0.013845 0.025774
5 0.603026 0.536061 0.028623 0.034171
1 0.029322 0.500432 0.015251 0.030281
5 0.544722 0.642480 0.089683 0.038279
5 0.189704 0.606635 0.185067 0.039598
5 0.602929 0.571050 0.029299 0.036589
5 0.544607 0.606366 0.089703 0.037885
0 0.575020 0.086606 0.034878 0.028431
5 0.188357 0.570512 0.184997 0.038803
5 0.601836 0.641465 0.028271 0.035255
5 0.189205 0.502586 0.186305 0.036891
1 0.629449 0.430723 0.014512 0.027723
5 0.602495 0.430152 0.027185 0.034871
5 0.705763 0.607292 0.073324 0.037768
5 0.602806 0.500719 0.029403 0.034194
5 0.778953 0.641737 0.074247 0.037297
5 0.189473 0.536274 0.185406 0.037811
0 0.053715 0.395016 0.031432 0.033897
5 0.544624 0.502151 0.091180 0.035957
1 0.658039 0.500268 0.014668 0.027911
5 0.705500 0.534219 0.073174 0.036081
5 0.779489 0.606946 0.074980 0.037530
5 0.705809 0.464581 0.073124 0.037638
1 0.658666 0.394601 0.016421 0.028618
5 0.189958 0.643611 0.183394 0.042031
5 0.602501 0.465753 0.028654 0.037527
5 0.189339 0.430017 0.185029 0.039073
1 0.629551 0.499945 0.014346 0.028917
5 0.780040 0.571214 0.074952 0.037036
5 0.706053 0.502166 0.072759 0.035287
5 0.779132 0.536026 0.075626 0.036146
5 0.083470 0.535548 0.029336 0.033972
5 0.705943 0.428738 0.073280 0.036604
5 0.857718 0.606960 0.083110 0.038651
5 0.778786 0.465136 0.075759 0.038318
5 0.083088 0.500504 0.030115 0.033915
5 0.779491 0.502470 0.075294 0.035788
5 0.857450 0.570127 0.083577 0.037845
0 0.055628 0.307061 0.029029 0.032048
5 0.083491 0.465349 0.029304 0.037538
5 0.858111 0.640719 0.083922 0.035850
5 0.083641 0.642546 0.030570 0.033617
5 0.083918 0.429614 0.028809 0.035857
5 0.083201 0.607264 0.028989 0.035276
1 0.629795 0.394251 0.015996 0.029804
5 0.856703 0.393531 0.084154 0.040208
5 0.083160 0.573968 0.029759 0.038016