3 0.625806 0.089325 0.036560 0.030128
0 0.561339 0.654929 0.097983 0.038900
0 0.101833 0.652586 0.020943 0.036795
0 0.024179 0.209267 0.019856 0.032942
0 0.024189 0.648608 0.022367 0.038954
0 0.415486 0.652680 0.020672 0.037745
5 0.447643 0.319708 0.462531 0.175238
0 0.281343 0.652664 0.020552 0.036859
0 0.125030 0.652448 0.019824 0.037002
0 0.371477 0.652695 0.018332 0.036678
0 0.049265 0.651787 0.020606 0.039355
0 0.492434 0.655653 0.021492 0.040348
5 0.111532 0.166338 0.142150 0.037480
3 0.388842 0.654204 0.016770 0.041492
0 0.967680 0.088545 0.043909 0.030145
0 0.251565 0.652527 0.020566 0.037601
0 0.147652 0.651978 0.022617 0.037487
0 0.445962 0.652330 0.019560 0.037330
0 0.624038 0.653368 0.020631 0.037195
0 0.234933 0.088796 0.074119 0.028556
5 0.220985 0.165862 0.074707 0.036527
0 0.077647 0.652142 0.022006 0.039048
0 0.176341 0.089447 0.027442 0.026743
0 0.468570 0.652500 0.020627 0.036935
0 0.170125 0.652645 0.019513 0.036509
3 0.343881 0.652829 0.030014 0.037038
0 0.084897 0.088803 0.140995 0.032520
0 0.213627 0.652583 0.018701 0.037405
0 0.329763 0.089480 0.101712 0.029823
0 0.468757 0.089265 0.104191 0.031458
3 0.231466 0.652762 0.017689 0.036826
3 0.565212 0.089360 0.075050 0.029916
0 0.398684 0.089535 0.022535 0.027416
3 0.186180 0.653722 0.014202 0.035316
0 0.930740 0.087490 0.015333 0.027656
3 0.310916 0.652467 0.030515 0.038023
0 0.048848 0.211785 0.026333 0.030723
3 0.271347 0.430063 0.111024 0.037870
5 0.085717 0.397904 0.103163 0.038555
0 0.025755 0.166112 0.022692 0.041863
5 0.084984 0.362344 0.103348 0.034732
5 0.150583 0.398217 0.029558 0.036446
5 0.150491 0.362979 0.029347 0.034263
5 0.150458 0.330470 0.029778 0.032839