0 0.495142 0.750705 0.023539 0.042293
0 0.133199 0.749562 0.022851 0.040292
0 0.310284 0.751152 0.023382 0.043465
0 0.522250 0.749758 0.024282 0.042593
0 0.107427 0.749940 0.023541 0.040808
0 0.462260 0.751265 0.026746 0.045019
5 0.241845 0.193123 0.086226 0.042692
0 0.020509 0.743555 0.025100 0.044990
3 0.430796 0.751394 0.019053 0.045921
3 0.300716 0.492182 0.123017 0.046487
0 0.234471 0.751562 0.021122 0.042436
0 0.048412 0.749066 0.025410 0.043843
0 0.977973 0.104012 0.043872 0.036180
3 0.119485 0.193676 0.162581 0.044982
0 0.159216 0.750026 0.024308 0.043274
0 0.548474 0.750590 0.024349 0.043930
0 0.185327 0.751357 0.019762 0.043822
3 0.343603 0.750481 0.033703 0.044713
0 0.363413 0.104018 0.116540 0.034761
0 0.412096 0.751099 0.020993 0.043701
0 0.277066 0.750916 0.022972 0.044966
0 0.020417 0.242554 0.023322 0.037448
3 0.380929 0.751093 0.033507 0.043914
3 0.202737 0.751814 0.017697 0.042161
0 0.081232 0.749842 0.023228 0.041866
0 0.521653 0.104609 0.115390 0.033893
0 0.696055 0.750372 0.024836 0.044230
0 0.021055 0.191059 0.024766 0.050419
0 0.938264 0.104314 0.018596 0.033895
3 0.252866 0.751417 0.016889 0.042653
3 0.698229 0.104254 0.040108 0.033918
0 0.089093 0.103832 0.158120 0.037066
0 0.255754 0.103167 0.080064 0.034015
0 0.627553 0.751482 0.107601 0.042388
0 0.442479 0.103219 0.027187 0.030481
3 0.628724 0.105999 0.084610 0.038383
0 0.191227 0.103834 0.030535 0.029957
5 0.090089 0.419657 0.114165 0.038696
0 0.048842 0.243444 0.032894 0.035613
5 0.497831 0.369037 0.519739 0.203633
5 0.163422 0.419629 0.032295 0.039129
5 0.163412 0.457829 0.031625 0.042762
5 0.163345 0.381373 0.032127 0.041687
5 0.089584 0.457488 0.115148 0.041966