5 0.312221 0.743787 0.085678 0.040396
5 0.281746 0.644339 0.024183 0.042941
5 0.277363 0.695769 0.017345 0.043940
0 0.855188 0.971686 0.072183 0.039280
5 0.277381 0.846749 0.018593 0.047637
0 0.977846 0.097062 0.044139 0.039794
5 0.166787 0.289823 0.039990 0.042941
5 0.189914 0.341253 0.084317 0.045937
0 0.914796 0.971582 0.037430 0.029982
5 0.304722 0.190299 0.313810 0.043621
5 0.277705 0.795286 0.018374 0.046603
5 0.281246 0.540704 0.025111 0.044054
5 0.281435 0.591578 0.025488 0.041943
0 0.696875 0.443961 0.058085 0.049275
5 0.628210 0.189453 0.031557 0.044399
3 0.141444 0.098501 0.038641 0.037448
0 0.062461 0.096189 0.101565 0.034427
5 0.304103 0.240190 0.313659 0.043538
0 0.971520 0.974159 0.056024 0.032464
1 0.278462 0.896558 0.014701 0.028679
1 0.637026 0.695755 0.016215 0.030919