3 0.133950 0.765133 0.112212 0.041644
0 0.985438 0.535196 0.020062 0.042708
0 0.020044 0.536670 0.022643 0.045594
0 0.962115 0.971805 0.073799 0.044120
3 0.730608 0.104084 0.105512 0.034395
3 0.729553 0.765083 0.190101 0.043069
3 0.134059 0.725065 0.112430 0.039284
0 0.021455 0.974564 0.029391 0.045124
1 0.017971 0.726384 0.014819 0.030816
1 0.017715 0.766005 0.015330 0.030816
0 0.066770 0.104587 0.099652 0.034231
0 0.125566 0.536683 0.164941 0.048356
3 0.590094 0.103811 0.144511 0.038579
3 0.441893 0.105729 0.120523 0.038296
3 0.300540 0.102993 0.126247 0.036407
0 0.177647 0.103169 0.087059 0.034962
3 0.731209 0.804851 0.189968 0.042236
3 0.729222 0.724059 0.190763 0.039286
3 0.133383 0.805823 0.111876 0.045034
1 0.018429 0.684347 0.015736 0.033447
3 0.133982 0.683691 0.112276 0.042453
1 0.017971 0.804514 0.015841 0.033040
5 0.018366 0.379822 0.016973 0.031790
5 0.018311 0.418141 0.013797 0.034646
3 0.968923 0.105472 0.028206 0.037171
5 0.260446 0.764013 0.142309 0.044189
5 0.578172 0.724770 0.112175 0.040771
5 0.260363 0.724034 0.143103 0.042554
5 0.260559 0.681873 0.143507 0.045056
5 0.400781 0.763985 0.142039 0.045428
5 0.259737 0.806696 0.141825 0.043669
1 0.017811 0.597115 0.016672 0.035617
1 0.017463 0.644094 0.016449 0.032797
5 0.401226 0.724466 0.141906 0.042679
5 0.579376 0.806596 0.112305 0.042428
5 0.578943 0.764904 0.112695 0.041822
5 0.578826 0.682500 0.112987 0.044137
0 0.697661 0.310570 0.033876 0.045081
3 0.730605 0.683286 0.191063 0.043671