5 0.328245 0.479265 0.487264 0.310354
5 0.715682 0.848030 0.049181 0.043545
5 0.738958 0.799689 0.095741 0.041200
5 0.773858 0.754452 0.163339 0.039786
5 0.248311 0.752890 0.122386 0.038464
3 0.962199 0.094548 0.032912 0.034559
0 0.068751 0.865785 0.033676 0.039503
0 0.033175 0.866937 0.034754 0.039408
0 0.954102 0.960958 0.073133 0.041278
0 0.024565 0.960607 0.027913 0.034751
3 0.728774 0.092322 0.109633 0.034292
0 0.069699 0.093559 0.102539 0.031973
0 0.777899 0.797964 0.018385 0.034377
3 0.310398 0.092082 0.130383 0.034311
5 0.311887 0.706728 0.250025 0.041712
3 0.584975 0.092763 0.148833 0.035006
3 0.442903 0.091705 0.104047 0.033090
5 0.739157 0.894146 0.096139 0.041475
0 0.183327 0.092632 0.090521 0.033170
5 0.338425 0.891639 0.041854 0.039357
0 0.778388 0.891826 0.016847 0.038780
5 0.232642 0.800899 0.093976 0.042235
0 0.086014 0.283793 0.112200 0.053258