0 0.417550 0.136426 0.029441 0.051692
0 0.688361 0.134086 0.026662 0.047532
0 0.232220 0.322297 0.097473 0.044047
0 0.385782 0.136780 0.026715 0.049422
3 0.164048 0.138614 0.204391 0.057468
0 0.093244 0.322114 0.134933 0.047393
0 0.791097 0.136001 0.024820 0.047019
0 0.718758 0.133400 0.028516 0.047047
5 0.349355 0.656863 0.058256 0.056294
0 0.370444 0.322810 0.138995 0.047612
5 0.384944 0.539120 0.132409 0.060467
0 0.486678 0.134204 0.021720 0.046441
0 0.354816 0.135105 0.030528 0.049779
0 0.648948 0.131970 0.029238 0.048504
0 0.587935 0.133104 0.023331 0.041679
5 0.349113 0.595849 0.057530 0.051212
0 0.617225 0.131363 0.027881 0.046548
0 0.760079 0.136654 0.027281 0.048325
0 0.314018 0.136277 0.025680 0.047306
0 0.554987 0.130978 0.032939 0.047529
0 0.519281 0.132966 0.027182 0.049233
0 0.455317 0.132345 0.031664 0.051114
0 0.027844 0.045877 0.021249 0.033365
0 0.283235 0.135245 0.025248 0.051118