5 0.546639 0.401850 0.083117 0.044523
0 0.013496 0.468678 0.022463 0.039871
0 0.042104 0.472293 0.023353 0.044784
0 0.294148 0.213449 0.125226 0.045395
0 0.228645 0.473405 0.020973 0.045236
5 0.350052 0.556667 0.015497 0.028797
0 0.304768 0.473847 0.022262 0.042731
5 0.349953 0.502893 0.015161 0.029633
0 0.074584 0.474046 0.021814 0.045700
0 0.272575 0.474109 0.023981 0.045645
0 0.249033 0.473792 0.019692 0.043762
0 0.656194 0.318792 0.015976 0.047686
0 0.101749 0.474891 0.023741 0.041508
0 0.973300 0.107718 0.053400 0.037904
0 0.014542 0.922466 0.026097 0.041942
0 0.153262 0.474622 0.021259 0.044751
5 0.350057 0.605774 0.015622 0.031362
0 0.198079 0.473204 0.021507 0.045737
0 0.179778 0.473731 0.023568 0.045902
0 0.127769 0.474656 0.022219 0.042910
0 0.547469 0.763556 0.082542 0.034847
0 0.630455 0.764473 0.062128 0.029345
0 0.935270 0.105859 0.016863 0.036188