5 0.229700 0.172240 0.220598 0.040111
5 0.167412 0.213007 0.091359 0.038489
5 0.167052 0.262331 0.091268 0.044354
0 0.057944 0.358228 0.052014 0.035088
0 0.973771 0.085860 0.043722 0.032596
0 0.291515 0.262357 0.119083 0.038804
0 0.315493 0.353933 0.056302 0.031141
0 0.189177 0.353397 0.016138 0.027786
0 0.934175 0.091257 0.014537 0.031494
3 0.153903 0.088229 0.036053 0.025437
0 0.395137 0.170839 0.021187 0.043234
0 0.415243 0.170388 0.020755 0.042333
0 0.436215 0.172190 0.021187 0.040532
0 0.458050 0.169938 0.021620 0.041433
0 0.478805 0.169938 0.021620 0.041433