5 0.731588 0.799404 0.079323 0.040021
5 0.730935 0.893382 0.079125 0.038053
5 0.247072 0.894285 0.115671 0.039772
5 0.707496 0.846467 0.032044 0.037101
5 0.208096 0.848019 0.041826 0.036165
5 0.248521 0.755579 0.123680 0.040068
5 0.325148 0.893318 0.039673 0.038941
5 0.328984 0.481191 0.488151 0.310500
5 0.311760 0.707499 0.251934 0.045805
0 0.109816 0.097750 0.069267 0.031591
0 0.024797 0.961067 0.029818 0.047543
5 0.774790 0.753321 0.166345 0.047029
5 0.323491 0.800347 0.120963 0.031768
5 0.260583 0.850937 0.062381 0.036155
0 0.039152 0.095822 0.038104 0.031750
3 0.379739 0.097427 0.143651 0.034943
3 0.521516 0.098029 0.104928 0.031328
3 0.961214 0.100697 0.028106 0.031449
5 0.223958 0.797383 0.078104 0.037670