5 0.396370 0.477157 0.077019 0.037470
5 0.706218 0.294844 0.122292 0.040119
5 0.420162 0.523244 0.122687 0.040849
5 0.377545 0.338755 0.038531 0.041609
5 0.191813 0.626500 0.069996 0.040591
0 0.722646 0.849172 0.054617 0.028664
5 0.169749 0.217343 0.111451 0.043862
5 0.419221 0.570331 0.119531 0.038357
5 0.682987 0.477414 0.076682 0.038742
5 0.706145 0.387038 0.122805 0.043407
5 0.420131 0.386470 0.120778 0.040379
5 0.496983 0.296605 0.050971 0.040747
5 0.419729 0.434758 0.122200 0.038481
5 0.706393 0.522437 0.123396 0.040978
5 0.419955 0.615689 0.120829 0.039499
5 0.146126 0.174223 0.063229 0.037208
5 0.705632 0.570516 0.120653 0.039238
0 0.665017 0.847151 0.042922 0.025867
5 0.173772 0.353353 0.036005 0.039753
5 0.705703 0.434775 0.122342 0.040446
5 0.706451 0.615359 0.120850 0.040769
5 0.191217 0.672796 0.070486 0.044933
5 0.190554 0.586162 0.070832 0.037290
0 0.112372 0.810390 0.153261 0.040109
5 0.378381 0.295696 0.038327 0.034899
0 0.974400 0.090148 0.048878 0.041137
0 0.204155 0.090487 0.073054 0.027495
0 0.128675 0.092023 0.063794 0.029776
5 0.168010 0.538997 0.022126 0.037748
0 0.621311 0.846474 0.023817 0.024889
0 0.045863 0.091139 0.085864 0.029646
0 0.269694 0.090360 0.036895 0.028756
4 0.036085 0.904316 0.067877 0.032815
0 0.112683 0.766188 0.149415 0.045451
0 0.984954 0.028339 0.020772 0.038248
1 0.015908 0.765053 0.016294 0.029686
5 0.523390 0.169374 0.049253 0.035627
5 0.158086 0.264193 0.089688 0.031713
0 0.759960 0.221261 0.016523 0.037348