5 0.152548 0.153841 0.079550 0.033342
5 0.307122 0.152814 0.230342 0.042441
5 0.177066 0.431979 0.145941 0.037409
5 0.163571 0.836387 0.117133 0.035364
5 0.164307 0.877656 0.119523 0.033894
5 0.188912 0.393579 0.170966 0.036073
5 0.165475 0.715173 0.117767 0.034563
5 0.177009 0.353732 0.143557 0.035763
0 0.491254 0.713268 0.018306 0.033372
3 0.039007 0.078864 0.074798 0.031146
5 0.319340 0.716039 0.192416 0.037457
0 0.467177 0.713667 0.017440 0.034090
3 0.093839 0.081170 0.032654 0.025758
0 0.977455 0.081516 0.041842 0.034447
0 0.423564 0.714226 0.020247 0.034826
0 0.510548 0.713385 0.019436 0.033699
0 0.448552 0.713459 0.018644 0.035114
5 0.261969 0.432408 0.023785 0.032669
0 0.031048 0.677509 0.021573 0.028553
0 0.056572 0.193349 0.113144 0.032277
5 0.260654 0.352155 0.028730 0.036822