1 0.813005 0.845797 0.018426 0.033107
0 0.903527 0.974139 0.064573 0.041528
1 0.288664 0.844921 0.016524 0.033473
1 0.270607 0.846092 0.013404 0.022977
1 0.813214 0.743641 0.018516 0.031108
1 0.813156 0.809684 0.018068 0.033855
1 0.812983 0.879547 0.017454 0.032912
1 0.288919 0.809759 0.016549 0.032788
1 0.813415 0.707087 0.018327 0.033502
1 0.813299 0.774961 0.018499 0.033097
1 0.270823 0.881441 0.013837 0.026512
1 0.269670 0.744904 0.012684 0.025628
5 0.446460 0.138959 0.075938 0.038343
5 0.610542 0.403426 0.297055 0.043710
5 0.690276 0.139739 0.189995 0.040586
5 0.580132 0.315710 0.343056 0.046464
0 0.121592 0.288168 0.017666 0.038386
0 0.093081 0.289465 0.020408 0.040434
1 0.813174 0.914621 0.019233 0.036239
1 0.288521 0.708019 0.018738 0.033162
1 0.269742 0.778928 0.013404 0.024745
5 0.417674 0.402919 0.087492 0.038256
0 0.976280 0.086214 0.044056 0.029586
0 0.063624 0.288877 0.021398 0.039516
1 0.288954 0.879489 0.016801 0.032493
0 0.041079 0.288158 0.019667 0.037816
5 0.392102 0.314357 0.034706 0.038023
0 0.938885 0.087458 0.015160 0.029253
2 0.901227 0.140686 0.075582 0.039101
0 0.969234 0.976862 0.058991 0.038067
5 0.721051 0.707023 0.113394 0.039630
5 0.955054 0.707054 0.089673 0.039667
5 0.125929 0.494396 0.223440 0.034468
1 0.269714 0.710283 0.015078 0.027086
5 0.355216 0.808710 0.038532 0.034640
5 0.126475 0.525032 0.224532 0.030636
5 0.125226 0.595529 0.223909 0.035683
5 0.605074 0.707923 0.129349 0.038325
5 0.480068 0.707713 0.128589 0.038965
5 0.124992 0.629938 0.224377 0.037484
5 0.386111 0.228743 0.023366 0.040497
1 0.288956 0.775949 0.016741 0.034264
5 0.125695 0.559920 0.224845 0.040545
5 0.126103 0.731187 0.224413 0.038295
1 0.288634 0.913733 0.015486 0.031092
0 0.165409 0.288303 0.019007 0.040226
0 0.206527 0.086226 0.027308 0.025070
5 0.722669 0.743150 0.111430 0.037388
5 0.354777 0.844063 0.038520 0.035789
5 0.875596 0.880417 0.075892 0.038341
0 0.265346 0.086233 0.075084 0.028843
0 0.107189 0.086081 0.155843 0.028344
5 0.355200 0.775406 0.038908 0.036153
5 0.125695 0.457152 0.222035 0.041000
5 0.124365 0.794469 0.229900 0.034276
5 0.721603 0.776957 0.113599 0.036456
5 0.605171 0.744181 0.127350 0.037103
0 0.915912 0.087755 0.016990 0.031231
5 0.316836 0.809098 0.040169 0.036237
5 0.355150 0.879506 0.039578 0.037367
3 0.802968 0.622391 0.256168 0.045522
5 0.875474 0.808329 0.074826 0.037510
5 0.354562 0.742064 0.038118 0.034603
5 0.722548 0.844297 0.112939 0.039577
5 0.316839 0.844340 0.040834 0.036057
5 0.722059 0.882004 0.112048 0.039054
5 0.124958 0.830631 0.228126 0.046201
5 0.124782 0.869190 0.229103 0.044395
5 0.604974 0.777016 0.128029 0.036483
0 0.382498 0.084542 0.042134 0.024607
0 0.330695 0.084911 0.037825 0.024483
5 0.479884 0.744229 0.129003 0.036976
5 0.875028 0.843989 0.073851 0.037067
5 0.316751 0.879561 0.041793 0.037280
5 0.354429 0.708223 0.037044 0.033083
5 0.954843 0.744302 0.090313 0.037142
5 0.954818 0.880533 0.088572 0.038666
5 0.604290 0.880683 0.129241 0.039714
5 0.954786 0.776231 0.090427 0.036231
0 0.589162 0.088231 0.021740 0.029079
0 0.465469 0.086905 0.100166 0.027252
5 0.316986 0.775735 0.040812 0.036490
5 0.604690 0.845030 0.129097 0.038612
5 0.875472 0.775847 0.075118 0.035545
5 0.125226 0.662575 0.223909 0.033827
5 0.604662 0.809254 0.128702 0.037497
0 0.547213 0.087705 0.044008 0.026542
5 0.954831 0.809398 0.090338 0.037406
1 0.269742 0.811272 0.013404 0.022269
5 0.722658 0.808616 0.111883 0.038220
1 0.269281 0.915465 0.013462 0.018558
5 0.479363 0.777091 0.128841 0.036498
5 0.874904 0.742922 0.075520 0.036840
5 0.875028 0.707043 0.073536 0.037120
5 0.384532 0.708737 0.023867 0.033254
0 0.752172 0.088006 0.074555 0.030397
5 0.317023 0.742593 0.040066 0.035067
5 0.125375 0.763259 0.224831 0.033508
0 0.250488 0.621817 0.019407 0.033930
5 0.954565 0.844611 0.090870 0.038053
5 0.385217 0.774951 0.024667 0.034607
0 0.250733 0.185578 0.021183 0.034373
5 0.124765 0.905909 0.226020 0.035423
5 0.384846 0.809043 0.024549 0.034000
5 0.384902 0.742099 0.024613 0.034193
5 0.479821 0.881849 0.127587 0.040238
5 0.384789 0.843941 0.024946 0.035006
5 0.317095 0.707667 0.038149 0.035190
5 0.579085 0.230304 0.345700 0.042985
1 0.289143 0.744462 0.017614 0.031814
5 0.478985 0.809046 0.129852 0.037929
0 0.656369 0.088432 0.107614 0.031588
5 0.478952 0.845039 0.130563 0.038911
3 0.813767 0.088437 0.031997 0.026512
3 0.138078 0.289339 0.014701 0.040652
3 0.013548 0.289781 0.026808 0.039768
3 0.445387 0.623511 0.156513 0.035543
3 0.338565 0.141461 0.141826 0.037117
5 0.125461 0.422911 0.221566 0.034466
5 0.125695 0.696881 0.222972 0.037338
5 0.385682 0.882474 0.026111 0.040025