0 0.891081 0.974817 0.080869 0.038887
0 0.066640 0.182359 0.023490 0.047241
0 0.033960 0.183393 0.024099 0.045780
0 0.099533 0.183400 0.023212 0.046195
0 0.488637 0.832920 0.105376 0.048380
0 0.689744 0.166026 0.023095 0.044703
5 0.648482 0.372838 0.197642 0.051080
0 0.595801 0.832562 0.108114 0.049989
0 0.660254 0.166892 0.024602 0.044054
0 0.186082 0.830765 0.022704 0.044220
0 0.636876 0.167308 0.022239 0.044091
0 0.961423 0.975112 0.049226 0.037129
5 0.305980 0.831035 0.158862 0.045919
0 0.558664 0.167316 0.018701 0.042365
3 0.375151 0.168135 0.145779 0.051152
0 0.164687 0.269409 0.024482 0.043753
3 0.225286 0.166518 0.147174 0.049345
0 0.666340 0.831444 0.023119 0.042330
0 0.009752 0.183382 0.019234 0.045378
5 0.613794 0.318332 0.129662 0.046786
0 0.689294 0.831666 0.021475 0.040921
0 0.712597 0.831507 0.022740 0.041481
5 0.606179 0.169049 0.039415 0.049176
0 0.779154 0.830916 0.023888 0.046899
0 0.420512 0.831647 0.023007 0.041907
0 0.397302 0.832557 0.021628 0.040000
0 0.965055 0.104605 0.047478 0.036119
0 0.225921 0.274738 0.056779 0.041463
1 0.219282 0.425619 0.015404 0.031822
0 0.903859 0.102378 0.059508 0.035049
0 0.210821 0.831367 0.021946 0.042916
5 0.334797 0.372790 0.081525 0.049563
3 0.162172 0.107177 0.079256 0.039544
0 0.181666 0.421804 0.013662 0.031562
4 0.063851 0.663193 0.127166 0.043535
0 0.282116 0.273236 0.017220 0.033102
3 0.232260 0.105097 0.038030 0.036865
0 0.067167 0.105518 0.092320 0.030551
3 0.306627 0.423806 0.147615 0.046394
4 0.053264 0.577863 0.104180 0.030544
0 0.305878 0.422222 0.144493 0.047123
4 0.071802 0.300167 0.139087 0.034312
5 0.500549 0.167910 0.101180 0.047323
4 0.026698 0.422484 0.053396 0.035909
4 0.041666 0.497940 0.081079 0.031484
5 0.337718 0.323526 0.084992 0.045963