1 0.319470 0.831726 0.019315 0.037237
0 0.066616 0.349346 0.025308 0.044517
0 0.099754 0.348540 0.022818 0.045460
1 0.319392 0.869725 0.018214 0.036366
0 0.041201 0.348775 0.020248 0.042592
0 0.132650 0.347633 0.019996 0.044726
5 0.771684 0.168061 0.216292 0.051925
0 0.895493 0.982721 0.071200 0.034558
1 0.299471 0.871585 0.015119 0.030161
0 0.181704 0.346361 0.022332 0.046206
1 0.299471 0.833134 0.013956 0.029864
5 0.982341 0.167337 0.034828 0.043342
1 0.298609 0.913341 0.016842 0.027182
1 0.319770 0.910269 0.018053 0.036566
0 0.013531 0.349215 0.027061 0.044927
0 0.935093 0.103688 0.016999 0.032228
0 0.215133 0.102092 0.029576 0.029150
0 0.151191 0.348065 0.018659 0.044588
0 0.413305 0.101820 0.048611 0.033133
0 0.281732 0.103282 0.083446 0.033607
5 0.352753 0.868429 0.044925 0.039758
5 0.494520 0.166332 0.087614 0.046524
3 0.784181 0.102328 0.038033 0.029619
0 0.909059 0.103252 0.016370 0.032251
0 0.277955 0.733383 0.024423 0.043610
0 0.356211 0.102851 0.048474 0.033522
0 0.446664 0.165253 0.016542 0.038837
0 0.916543 0.224081 0.136266 0.039589
4 0.372552 0.467955 0.133441 0.029995
4 0.382635 0.519946 0.152359 0.031682
0 0.743308 0.102616 0.024081 0.029865
0 0.492648 0.101613 0.088333 0.033747
5 0.353245 0.829288 0.043584 0.040922
0 0.030478 0.466748 0.031906 0.036443
0 0.697359 0.102520 0.050492 0.029446
4 0.369294 0.415668 0.130673 0.027903
0 0.976307 0.103083 0.045567 0.034179
0 0.104731 0.102127 0.171215 0.033518
0 0.968704 0.986837 0.062592 0.026326
0 0.096182 0.350301 0.023714 0.045636
5 0.352468 0.908713 0.044355 0.041379
4 0.119366 0.503134 0.111100 0.031616
4 0.089607 0.545289 0.055550 0.027400
4 0.083721 0.585473 0.043436 0.028231
4 0.088831 0.626733 0.053656 0.021716
4 0.158073 0.665822 0.189075 0.023888
4 0.093686 0.705997 0.066432 0.021716
4 0.075289 0.742914 0.025551 0.026059
4 0.091386 0.782545 0.055700 0.027145
4 0.156285 0.824349 0.186519 0.028231
4 0.116681 0.866695 0.110379 0.026059
4 0.372348 0.213054 0.138030 0.023888
4 0.371099 0.266801 0.130535 0.025215
4 0.360794 0.313249 0.109924 0.025215
4 0.369225 0.365006 0.124290 0.027869
4 0.380780 0.626442 0.149897 0.035831
4 0.377345 0.670236 0.151771 0.033177
0 0.386089 0.574685 0.178003 0.054411