5 0.176473 0.844744 0.044696 0.034642
5 0.188955 0.162651 0.067599 0.037047
5 0.185085 0.760598 0.060554 0.034168
0 0.049642 0.085536 0.057160 0.028274
5 0.171021 0.205438 0.032095 0.036266
5 0.188663 0.291658 0.068146 0.037748
0 0.118797 0.086638 0.070562 0.025006
5 0.171261 0.673029 0.032092 0.034688
5 0.187813 0.801912 0.069043 0.037770
5 0.171344 0.717084 0.032520 0.037782
0 0.228305 0.162235 0.014701 0.037433
5 0.187708 0.247893 0.069036 0.036144
5 0.170360 0.416650 0.029618 0.037274
5 0.167837 0.459427 0.026669 0.039129
0 0.190959 0.089626 0.063297 0.026367
0 0.980002 0.085755 0.039996 0.036922
0 0.289290 0.086147 0.118479 0.027495
3 0.366650 0.086560 0.034605 0.026540
1 0.163085 0.887064 0.010810 0.027224
5 0.161139 0.591858 0.012972 0.039134
5 0.162004 0.633544 0.012972 0.037433