3 0.234455 0.537451 0.146852 0.044291
0 0.900572 0.978694 0.065615 0.038129
0 0.317457 0.304494 0.135106 0.037468
5 0.199228 0.259127 0.091858 0.040936
5 0.303558 0.488398 0.290637 0.042913
0 0.428129 0.167899 0.019613 0.036829
0 0.109064 0.086710 0.080799 0.029948
5 0.467032 0.852740 0.028916 0.041772
5 0.467076 0.806876 0.028576 0.038406
0 0.470735 0.167843 0.021906 0.039737
0 0.448923 0.167629 0.020190 0.037233
0 0.386250 0.167646 0.021319 0.038627
5 0.199650 0.671459 0.076876 0.039896
0 0.975330 0.087808 0.047996 0.036498
0 0.407742 0.167723 0.019544 0.037374
3 0.353413 0.087582 0.036355 0.028530
0 0.035458 0.088260 0.054207 0.030314
5 0.167829 0.213501 0.028902 0.037306
3 0.234493 0.580310 0.146907 0.037901
5 0.192095 0.304891 0.077977 0.040009
5 0.466955 0.899418 0.028580 0.041729
0 0.967846 0.979396 0.060507 0.034603
5 0.491115 0.672196 0.079189 0.040187
5 0.199233 0.626815 0.077954 0.039299
0 0.200826 0.087881 0.088559 0.030743
5 0.220418 0.167926 0.134887 0.041571
0 0.288570 0.088053 0.076687 0.030587
0 0.055338 0.397849 0.052567 0.032703
1 0.020738 0.899128 0.013672 0.027175
1 0.020379 0.857256 0.012252 0.027687
5 0.234114 0.581547 0.146232 0.037853
1 0.460707 0.626294 0.014948 0.030347