0 0.867512 0.976471 0.074449 0.037242
5 0.275295 0.713937 0.148858 0.040097
5 0.373185 0.712421 0.034434 0.040656
0 0.945797 0.975701 0.063534 0.030631
3 0.043477 0.098946 0.043853 0.030142
5 0.273496 0.618400 0.152873 0.038602
5 0.301868 0.668031 0.211506 0.039414
0 0.657169 0.424092 0.024947 0.042479
5 0.402542 0.425269 0.409784 0.050919
5 0.232567 0.567638 0.071978 0.035011
5 0.404542 0.520026 0.409284 0.043967
5 0.404621 0.475051 0.409842 0.046941
1 0.203854 0.760953 0.015582 0.028623
0 0.952404 0.098956 0.053949 0.036614
5 0.145835 0.233098 0.073583 0.036786
5 0.665189 0.232634 0.041467 0.041034
4 0.952746 0.098539 0.054545 0.035730
5 0.161932 0.185376 0.107168 0.040191
5 0.257373 0.184106 0.042984 0.041321
0 0.075324 0.330892 0.057425 0.035181