1 0.040018 0.443863 0.018263 0.035690
0 0.381339 0.298830 0.022541 0.046441
0 0.532773 0.298669 0.022256 0.044948
1 0.040227 0.404536 0.018295 0.035940
5 0.239049 0.191662 0.083793 0.042395
0 0.592882 0.298579 0.022249 0.043739
0 0.566631 0.298366 0.023097 0.044683
0 0.414793 0.298471 0.032041 0.043854
0 0.618810 0.298226 0.022401 0.045322
0 0.205933 0.298747 0.022337 0.045807
5 0.191614 0.898403 0.085113 0.040604
3 0.116547 0.191568 0.163123 0.044607
0 0.893382 0.976061 0.071947 0.037636
0 0.180463 0.298780 0.022360 0.044280
0 0.079072 0.298114 0.022011 0.046195
0 0.349937 0.299200 0.023899 0.045470
0 0.153831 0.298193 0.023739 0.046329
0 0.045455 0.297102 0.023931 0.046002
0 0.451675 0.297974 0.033383 0.043745
0 0.967244 0.977635 0.062221 0.036098
0 0.121427 0.297275 0.019794 0.043489
1 0.039780 0.482966 0.019437 0.035888
0 0.305960 0.298111 0.021379 0.044985
0 0.231499 0.297547 0.022316 0.047315
5 0.351322 0.744136 0.052150 0.040563
0 0.086565 0.106006 0.156644 0.035897
0 0.437045 0.105252 0.091116 0.032364
3 0.292362 0.643883 0.318550 0.047012
0 0.696205 0.298013 0.111839 0.046083
5 0.540388 0.444289 0.059227 0.040395
5 0.191851 0.797902 0.085685 0.041352
0 0.492633 0.298799 0.038140 0.043250
0 0.512481 0.191053 0.024467 0.045435
5 0.288346 0.745404 0.049709 0.041888
0 0.104051 0.297729 0.020432 0.044349
0 0.766352 0.297954 0.022841 0.045161
0 0.974313 0.103362 0.048925 0.034788
0 0.265669 0.298397 0.038687 0.046933
1 0.040060 0.520529 0.019424 0.035206
0 0.269978 0.105704 0.113006 0.033351
5 0.206484 0.744597 0.116642 0.041404
0 0.018021 0.293216 0.022597 0.044078
0 0.359189 0.106122 0.050538 0.029322
0 0.324564 0.298373 0.019786 0.045002
5 0.105943 0.522602 0.044022 0.041229
0 0.018163 0.643023 0.024288 0.045559
3 0.760235 0.103670 0.040787 0.032610
5 0.214462 0.444174 0.082801 0.040457
5 0.213841 0.483069 0.084212 0.039149
3 0.217661 0.846201 0.129109 0.043025
0 0.505128 0.643870 0.023554 0.041843
5 0.540254 0.482677 0.059131 0.038261
3 0.689556 0.104262 0.083595 0.033519
0 0.187442 0.106249 0.033429 0.029677
5 0.157591 0.483140 0.035199 0.038338
0 0.480829 0.643487 0.023508 0.043924
5 0.156977 0.444584 0.034044 0.039691
0 0.582164 0.106210 0.114504 0.035034
5 0.067482 0.522333 0.034973 0.040802
5 0.213914 0.524097 0.083893 0.042850
0 0.931744 0.103315 0.018590 0.035605
0 0.018052 0.242453 0.021986 0.043442
5 0.447165 0.403734 0.058178 0.041706
5 0.106527 0.444081 0.043861 0.040996
5 0.106361 0.483171 0.043934 0.039435
5 0.631840 0.483927 0.083998 0.038419
5 0.873698 0.444286 0.071823 0.041453
5 0.874071 0.482925 0.072359 0.038114
5 0.873238 0.521891 0.071590 0.040687
5 0.873568 0.404340 0.071781 0.043228
5 0.448152 0.483054 0.056801 0.038454
5 0.157704 0.522550 0.035186 0.042565
5 0.540988 0.522528 0.058913 0.042800
0 0.504045 0.104176 0.025555 0.030953
5 0.067496 0.483571 0.035119 0.037637
5 0.337169 0.522464 0.169956 0.044068
5 0.447759 0.444349 0.057769 0.039588
5 0.540279 0.403869 0.059487 0.040994
5 0.630118 0.522995 0.083522 0.040529
5 0.794391 0.522246 0.089709 0.042112
5 0.795137 0.483654 0.089128 0.040708
5 0.493989 0.521933 0.035975 0.043546
5 0.494036 0.482508 0.034978 0.038234
5 0.448371 0.522464 0.057860 0.042014
5 0.338673 0.483500 0.166949 0.041151
5 0.336526 0.444793 0.167714 0.041612
5 0.710571 0.522546 0.082633 0.041936
5 0.156647 0.404756 0.034084 0.040535
5 0.710701 0.483398 0.083184 0.038859
1 0.324042 0.192286 0.013888 0.028781