5 0.193965 0.857197 0.156264 0.038520
5 0.128290 0.182051 0.039400 0.038290
5 0.161419 0.664924 0.090117 0.041187
5 0.194264 0.906193 0.157382 0.038403
5 0.538906 0.518333 0.034359 0.041601
5 0.580971 0.474607 0.119306 0.039939
5 0.444522 0.713906 0.072794 0.039177
0 0.876574 0.975527 0.076286 0.036917
5 0.161533 0.713318 0.089650 0.040170
5 0.226426 0.472354 0.042100 0.043085
5 0.444407 0.182372 0.335694 0.044267
0 0.679559 0.663940 0.024658 0.040623
5 0.555041 0.232076 0.210659 0.041858
0 0.623809 0.181720 0.025535 0.039624
5 0.153352 0.473740 0.075454 0.042742
0 0.671494 0.181938 0.027289 0.042717
0 0.957051 0.976197 0.069588 0.033971
5 0.133897 0.421752 0.033821 0.044292
0 0.961862 0.095420 0.056008 0.034641
5 0.267633 0.232019 0.313550 0.041558
5 0.530390 0.568666 0.020364 0.045292
0 0.071653 0.329808 0.053562 0.035961
0 0.124543 0.096569 0.109849 0.028271
3 0.492942 0.664187 0.172024 0.043722
0 0.423788 0.096237 0.072390 0.027642
0 0.508655 0.096713 0.076459 0.028820
5 0.201687 0.183359 0.107027 0.038412
3 0.861910 0.094146 0.044589 0.035678
0 0.663401 0.857114 0.026094 0.042409
5 0.185983 0.424113 0.040809 0.040006
0 0.672159 0.230725 0.026659 0.041195
0 0.638347 0.422178 0.026089 0.042462
0 0.040370 0.097583 0.040769 0.027045
0 0.286393 0.098919 0.188654 0.031873
0 0.437928 0.231221 0.022812 0.036582
0 0.620106 0.097703 0.129433 0.032189
0 0.762889 0.098228 0.138081 0.031447
0 0.663709 0.905045 0.025180 0.039396
5 0.574422 0.422224 0.108740 0.041899
0 0.073993 0.028089 0.031295 0.033093