1 0.042117 0.442450 0.016099 0.035213
1 0.042021 0.402629 0.016592 0.035613
0 0.080713 0.296207 0.022785 0.045655
0 0.537085 0.296916 0.023164 0.043303
0 0.569663 0.296412 0.023317 0.044530
5 0.241949 0.188994 0.084747 0.043817
0 0.596065 0.295467 0.024013 0.043682
5 0.219562 0.847165 0.134758 0.042859
0 0.385455 0.296748 0.023280 0.046174
3 0.118529 0.188780 0.164676 0.045049
0 0.622600 0.295490 0.024102 0.043403
0 0.208403 0.296255 0.023194 0.043771
0 0.352067 0.296676 0.023654 0.047339
5 0.210267 0.743861 0.116744 0.042255
0 0.277962 0.296980 0.021276 0.044625
5 0.194850 0.795504 0.086266 0.042293
1 0.041990 0.480895 0.016042 0.033924
0 0.155854 0.295053 0.022876 0.045002
0 0.309502 0.296843 0.021683 0.044446
0 0.182212 0.295955 0.023356 0.044871
0 0.969425 0.978904 0.061150 0.034437
0 0.047679 0.293951 0.025672 0.047251
5 0.194642 0.895771 0.085348 0.040864
1 0.041950 0.518592 0.017148 0.033932
0 0.896930 0.976446 0.071955 0.037929
0 0.234243 0.296687 0.024223 0.046841
0 0.699152 0.295970 0.109543 0.045105
0 0.262062 0.296893 0.024806 0.045068
5 0.108699 0.442133 0.044340 0.039896
3 0.764100 0.100528 0.040708 0.029473
0 0.417960 0.297166 0.033386 0.044947
3 0.291439 0.642318 0.328139 0.044417
0 0.085880 0.102580 0.151615 0.034953
0 0.496061 0.296733 0.038572 0.044898
0 0.441026 0.102471 0.091652 0.032101
5 0.354530 0.744594 0.053431 0.043722
0 0.455944 0.296562 0.033143 0.043433
3 0.698908 0.295802 0.110454 0.045020
0 0.020309 0.642062 0.026123 0.047134
0 0.508791 0.642142 0.024227 0.044354
0 0.362889 0.103178 0.049105 0.028717
0 0.107009 0.295655 0.021752 0.043311
0 0.273057 0.102788 0.114141 0.031945
0 0.515967 0.188929 0.025022 0.048614
0 0.977266 0.101185 0.044954 0.032567
0 0.190925 0.101322 0.030514 0.029149
0 0.124322 0.295532 0.021645 0.042844
5 0.451460 0.442686 0.058361 0.040270
0 0.770591 0.295761 0.022016 0.043122
0 0.483673 0.642263 0.024217 0.043934
0 0.323000 0.297280 0.027780 0.045981
0 0.585505 0.102520 0.114823 0.033990
5 0.633747 0.442700 0.083377 0.040182
5 0.068988 0.480898 0.038688 0.037954
5 0.291162 0.742898 0.050452 0.045475
5 0.068706 0.519248 0.039506 0.039796
5 0.544176 0.441885 0.058835 0.040733
5 0.797787 0.442521 0.090705 0.040768
5 0.108768 0.481873 0.044507 0.039263
5 0.713606 0.442772 0.081809 0.040530
5 0.497591 0.441978 0.035742 0.040338
5 0.108702 0.518777 0.043617 0.038560
3 0.936059 0.100336 0.016563 0.034409
0 0.693387 0.101094 0.084114 0.032188
0 0.508152 0.101792 0.025571 0.029899
5 0.340210 0.481422 0.167887 0.041001
5 0.497851 0.480759 0.036493 0.037992
5 0.544504 0.520158 0.059980 0.041422
0 0.020328 0.290671 0.025167 0.046606
5 0.497712 0.520153 0.035158 0.041669
5 0.160560 0.481230 0.035306 0.037957
5 0.340998 0.520970 0.167735 0.043315
5 0.544171 0.480951 0.059455 0.038485
5 0.879182 0.480802 0.073792 0.038806
5 0.797947 0.482525 0.090825 0.040094
5 0.878368 0.402726 0.072382 0.041467
0 0.020927 0.240770 0.024253 0.041407
5 0.878840 0.442257 0.073124 0.040072
5 0.633517 0.481829 0.084797 0.040869
5 0.340727 0.443459 0.167337 0.042587
5 0.451084 0.521094 0.058750 0.042413
5 0.108712 0.402913 0.044842 0.040772
5 0.159069 0.520002 0.037979 0.039633
0 0.935062 0.102786 0.018401 0.031666
0 0.326455 0.188399 0.016285 0.034581
5 0.451823 0.402255 0.059269 0.041075
5 0.340703 0.403093 0.167385 0.041690
5 0.714910 0.481830 0.082583 0.038919
0 0.290656 0.697996 0.057489 0.034029
5 0.216489 0.402767 0.083243 0.042671
5 0.451316 0.480883 0.058722 0.038005
5 0.217135 0.442627 0.082443 0.041146
5 0.295066 0.645273 0.314240 0.048186
5 0.878359 0.521660 0.071557 0.042891
5 0.068863 0.441882 0.039170 0.040657
5 0.109026 0.548175 0.043538 0.026321
5 0.544012 0.403320 0.058834 0.040273
5 0.159319 0.404481 0.038014 0.042777
5 0.798255 0.521274 0.090607 0.037022
0 0.058925 0.030425 0.027209 0.036603
5 0.633168 0.521555 0.082736 0.045982
5 0.714323 0.522103 0.081682 0.044888
5 0.217783 0.481842 0.081290 0.041322
5 0.218215 0.521817 0.082155 0.044017
5 0.159842 0.441867 0.037186 0.038628