1 0.043528 0.541766 0.012972 0.027764
1 0.043564 0.642099 0.011982 0.026713
1 0.042676 0.473805 0.012869 0.026713
1 0.042898 0.507197 0.012426 0.027604
1 0.043564 0.710663 0.012869 0.026713
1 0.043564 0.744945 0.012869 0.029385
5 0.426958 0.436788 0.052137 0.036457
5 0.426962 0.472020 0.052323 0.036907
1 0.043342 0.574871 0.014201 0.027604
5 0.590084 0.711115 0.075437 0.034601
1 0.043342 0.676826 0.012426 0.026713
5 0.589314 0.436613 0.073693 0.036824
5 0.508621 0.436619 0.051129 0.036574
0 0.023873 0.341897 0.020975 0.040031
5 0.508952 0.507712 0.052171 0.036712
5 0.426230 0.507686 0.052247 0.037140
5 0.220016 0.507455 0.074146 0.036957
5 0.589894 0.507599 0.074919 0.036564
5 0.508795 0.710845 0.054400 0.035484
0 0.483693 0.347972 0.020534 0.039927
1 0.043342 0.608262 0.012426 0.024932
5 0.509129 0.539629 0.052646 0.034134
0 0.513867 0.346903 0.020819 0.038760
0 0.024294 0.212322 0.020497 0.036428
5 0.508949 0.607734 0.054158 0.036587
5 0.218970 0.471834 0.073616 0.037463
5 0.508686 0.675662 0.054722 0.037366
5 0.468564 0.436158 0.035039 0.036202
5 0.218876 0.436971 0.074172 0.037546
5 0.509021 0.472093 0.052293 0.036375
5 0.508449 0.746031 0.055060 0.038457
0 0.897126 0.973651 0.063666 0.037747
1 0.043564 0.439078 0.012869 0.023151
5 0.328747 0.472142 0.146273 0.038038
5 0.167518 0.539425 0.032540 0.033462
5 0.219741 0.711145 0.074214 0.035547
5 0.327892 0.437434 0.146895 0.037996
5 0.426258 0.711123 0.052912 0.035553
5 0.508772 0.640762 0.055512 0.036461
5 0.426510 0.607816 0.052335 0.037172
5 0.100988 0.438782 0.041737 0.035416
5 0.100784 0.507812 0.040576 0.036925
0 0.145697 0.347131 0.020827 0.039381
5 0.167334 0.471359 0.032739 0.037330
0 0.191997 0.347602 0.020897 0.041144
5 0.736519 0.711712 0.079093 0.035390
5 0.661431 0.711156 0.073620 0.035314
5 0.328108 0.507794 0.147399 0.037522
0 0.319230 0.346918 0.019991 0.039729
0 0.538001 0.346195 0.020799 0.038253
5 0.136400 0.436210 0.032167 0.034938
5 0.100468 0.471853 0.042698 0.037132
5 0.508877 0.572604 0.053518 0.036804
5 0.590454 0.607520 0.075871 0.036488
0 0.349193 0.346890 0.021168 0.039693
5 0.167107 0.507188 0.032053 0.036080
5 0.661380 0.507640 0.074013 0.036813
0 0.215366 0.347378 0.020347 0.037843
5 0.590457 0.641043 0.076095 0.036951
5 0.219477 0.540078 0.072569 0.034149
5 0.218563 0.641376 0.074322 0.035979
0 0.049293 0.345478 0.022028 0.039899
0 0.168406 0.347089 0.019757 0.040699
0 0.559799 0.346321 0.020644 0.038666
5 0.219104 0.607604 0.073677 0.037083
5 0.100540 0.539786 0.042924 0.034030
5 0.136799 0.507356 0.031692 0.035881
5 0.426260 0.539969 0.052257 0.034437
5 0.101202 0.642036 0.043460 0.034057
5 0.426918 0.675179 0.052425 0.037197
5 0.589570 0.472061 0.074687 0.036597
5 0.218966 0.675946 0.074274 0.037674
5 0.589906 0.539989 0.071104 0.035216
5 0.100764 0.675306 0.042097 0.036482
5 0.100568 0.607607 0.043244 0.036308
5 0.329505 0.607904 0.150065 0.037539
5 0.136044 0.539472 0.030869 0.033418
5 0.590027 0.746203 0.075109 0.038570
0 0.078560 0.347032 0.021360 0.038532
5 0.218691 0.746488 0.073787 0.038436
5 0.100872 0.710567 0.040643 0.035094
5 0.221141 0.169009 0.076417 0.038613
5 0.136557 0.471812 0.031250 0.037103
5 0.427290 0.745929 0.052258 0.038638
5 0.736997 0.507624 0.082072 0.036954
0 0.328440 0.092073 0.044656 0.030867
5 0.589391 0.573708 0.071557 0.037405
5 0.167289 0.572668 0.034026 0.036556
5 0.329222 0.641527 0.150865 0.038720
5 0.661099 0.436867 0.074087 0.037755
5 0.136609 0.709978 0.031548 0.034606
5 0.736189 0.746115 0.079121 0.039515
5 0.167337 0.435967 0.031930 0.035178
0 0.084255 0.092779 0.141256 0.035690
5 0.167400 0.674693 0.033057 0.035829
5 0.135899 0.640286 0.031505 0.034644
5 0.737628 0.607514 0.082591 0.036824
5 0.661090 0.539947 0.073487 0.035514
5 0.660958 0.471983 0.074197 0.037349
5 0.136534 0.675265 0.031378 0.036418
5 0.661153 0.746162 0.073526 0.039547
5 0.426395 0.641139 0.052566 0.036149
5 0.661813 0.607562 0.074328 0.036683
5 0.807163 0.710928 0.065013 0.035047
5 0.736542 0.436853 0.081043 0.037538
5 0.589948 0.675411 0.075390 0.036844
5 0.167206 0.640478 0.033457 0.035585
5 0.661461 0.640955 0.072816 0.037301
5 0.736609 0.641107 0.078281 0.037228
5 0.219040 0.572929 0.073733 0.036870
5 0.426552 0.572612 0.052022 0.036989
5 0.468465 0.507496 0.034079 0.036117
5 0.327846 0.540127 0.148124 0.035845
5 0.736184 0.540028 0.079226 0.035379
5 0.328880 0.711768 0.149423 0.036276
5 0.327456 0.746350 0.149332 0.039788
5 0.100779 0.573164 0.042607 0.037061
5 0.136875 0.607337 0.031670 0.035645
0 0.629143 0.347865 0.098279 0.041548
5 0.327494 0.676040 0.149654 0.038400
5 0.661808 0.676036 0.073078 0.038080
3 0.297193 0.347130 0.018773 0.039058
5 0.468823 0.472148 0.035642 0.036051
5 0.135824 0.746470 0.031358 0.037958
3 0.456186 0.348057 0.017109 0.038727
5 0.735977 0.472337 0.080256 0.036885
5 0.661711 0.573187 0.072042 0.036666
5 0.543616 0.436903 0.020086 0.034590
5 0.858134 0.710425 0.039693 0.034714
5 0.167236 0.710214 0.032176 0.034559
5 0.167472 0.746229 0.032302 0.037927
0 0.691379 0.347433 0.019939 0.039416
5 0.100853 0.746347 0.041943 0.038132
5 0.328804 0.572820 0.146575 0.037344
5 0.942503 0.710950 0.064905 0.034721
5 0.807122 0.507660 0.065578 0.036290
5 0.167268 0.607266 0.032104 0.035887
5 0.736271 0.675670 0.079999 0.037699
5 0.941258 0.642964 0.066761 0.036242
0 0.369866 0.091894 0.023048 0.029922
0 0.962538 0.975221 0.056276 0.035440
5 0.807204 0.745569 0.065649 0.039437
5 0.807341 0.607513 0.065464 0.036550
5 0.806766 0.437192 0.065903 0.037690
5 0.806950 0.675255 0.065422 0.037597
5 0.941915 0.675219 0.066718 0.037316
5 0.942211 0.607593 0.066791 0.036584
5 0.807672 0.640978 0.066047 0.036832
5 0.858136 0.745412 0.040620 0.038110
5 0.736627 0.573428 0.077724 0.036300
5 0.468700 0.539190 0.033126 0.033657
5 0.468241 0.607695 0.033327 0.036375
3 0.111405 0.168407 0.144916 0.042113
5 0.136669 0.573094 0.031014 0.036725
5 0.468833 0.710519 0.033490 0.033964
5 0.942312 0.745456 0.064931 0.038339
3 0.596880 0.091510 0.035349 0.030618
0 0.280816 0.346819 0.019810 0.039902
5 0.942009 0.507742 0.066769 0.036401
3 0.254094 0.346995 0.017284 0.039584
5 0.941403 0.436517 0.065449 0.037004
5 0.858494 0.640796 0.039905 0.035846
0 0.176085 0.092000 0.026614 0.030280
0 0.967759 0.091132 0.041526 0.031704
5 0.858020 0.436922 0.040950 0.036089
5 0.544510 0.539751 0.020539 0.033140
5 0.858050 0.674988 0.041396 0.037115
5 0.468195 0.572614 0.033211 0.036169
0 0.439360 0.347468 0.017584 0.036479
5 0.807133 0.539655 0.065229 0.034815
5 0.941515 0.573317 0.065815 0.035064
3 0.534855 0.092443 0.075152 0.035377
5 0.806985 0.472325 0.066245 0.036884
0 0.249778 0.091410 0.100563 0.033771
5 0.893636 0.436377 0.033105 0.036607
3 0.116984 0.347367 0.016692 0.037858
5 0.858097 0.507527 0.040049 0.036180
5 0.543792 0.472144 0.020470 0.036445
5 0.894126 0.745606 0.033092 0.038094
5 0.941140 0.472178 0.066135 0.036029
0 0.377094 0.346779 0.029158 0.040084
5 0.942391 0.539270 0.065076 0.034613
5 0.858210 0.539662 0.040114 0.033839
0 0.237544 0.346992 0.018310 0.038482
0 0.438893 0.092581 0.103874 0.035384
5 0.858301 0.607294 0.039847 0.036315
5 0.893994 0.710392 0.033503 0.034510
5 0.858138 0.471887 0.040672 0.037089
5 0.468749 0.746016 0.033116 0.038253
3 0.411397 0.347097 0.029537 0.040489
5 0.468915 0.640645 0.033171 0.035784
0 0.100792 0.347539 0.018275 0.036611
5 0.986028 0.436589 0.026881 0.034162
5 0.807790 0.572506 0.064984 0.035384
5 0.468535 0.675213 0.033437 0.036546
5 0.544550 0.640962 0.020638 0.034798
5 0.589446 0.786250 0.073948 0.045260
5 0.544171 0.507623 0.020940 0.035007
5 0.544129 0.745849 0.020853 0.037793
5 0.544159 0.572797 0.020450 0.036813
5 0.544359 0.710648 0.021014 0.034042
5 0.986314 0.710429 0.026115 0.033050
5 0.893954 0.640521 0.033024 0.036287
5 0.858102 0.572291 0.041289 0.037622
5 0.986533 0.607705 0.026142 0.035327
5 0.986352 0.640444 0.026113 0.035278
5 0.893564 0.675069 0.033551 0.036149
5 0.986324 0.538910 0.026090 0.033379
5 0.893941 0.539369 0.033127 0.033924
5 0.986311 0.507737 0.026612 0.035187
5 0.544231 0.675055 0.020779 0.036421
5 0.165854 0.785292 0.032563 0.041852
5 0.507857 0.785883 0.054825 0.043695
5 0.893864 0.507488 0.033375 0.035453
5 0.986400 0.472879 0.027200 0.034615
5 0.736299 0.785837 0.079446 0.044073
5 0.661353 0.786377 0.073556 0.044051
0 0.931686 0.092115 0.015728 0.032727
5 0.986495 0.744804 0.025939 0.036689
5 0.428164 0.786875 0.051903 0.045438
5 0.893619 0.472138 0.033284 0.036866
5 0.986419 0.675095 0.026619 0.036621
5 0.136542 0.785378 0.031200 0.041928
5 0.544250 0.607490 0.020437 0.034866
5 0.894229 0.607368 0.032582 0.035325
5 0.986523 0.571947 0.026954 0.037029
1 0.296979 0.168268 0.015035 0.030272
5 0.218718 0.784575 0.074569 0.043245
0 0.025793 0.972967 0.015521 0.028060
5 0.466361 0.786874 0.028411 0.043977
5 0.894109 0.572548 0.032880 0.037231
5 0.329988 0.783550 0.146720 0.042471
5 0.543737 0.786397 0.020591 0.042421