1 0.038843 0.420149 0.013404 0.026724
1 0.039060 0.523774 0.013837 0.028491
1 0.039060 0.488397 0.013837 0.025081
1 0.039250 0.591166 0.015946 0.023409
1 0.039917 0.384613 0.016417 0.026450
1 0.039060 0.454214 0.013837 0.025785
1 0.039276 0.556583 0.013404 0.026767
5 0.425784 0.348436 0.052537 0.037836
1 0.039114 0.624624 0.015675 0.026437
5 0.509286 0.348228 0.053850 0.037052
5 0.133150 0.450802 0.034078 0.035662
5 0.132937 0.484225 0.034660 0.035496
5 0.133040 0.382142 0.034660 0.033997
3 0.107384 0.165126 0.147442 0.041094
5 0.425792 0.382815 0.051138 0.034694
5 0.216325 0.451743 0.073665 0.038959
5 0.132970 0.416757 0.034681 0.036766
5 0.510406 0.451755 0.051958 0.036293
5 0.509817 0.382949 0.054406 0.034356
5 0.426609 0.417158 0.052043 0.037067
5 0.426447 0.450925 0.052300 0.037040
5 0.590872 0.382972 0.076658 0.034628
5 0.509923 0.485188 0.053587 0.035679
5 0.326728 0.451994 0.152166 0.037814
5 0.132938 0.347313 0.032450 0.037932
5 0.164262 0.417061 0.032692 0.036067
5 0.164149 0.484419 0.033165 0.034598
5 0.133102 0.554607 0.034414 0.036064
5 0.132901 0.586959 0.034879 0.035647
5 0.098469 0.486547 0.043968 0.033127
5 0.590481 0.451872 0.072013 0.038467
5 0.132916 0.519710 0.034808 0.037409
5 0.164099 0.382504 0.032961 0.033144
0 0.464484 0.163311 0.024171 0.039986
5 0.098818 0.416146 0.041917 0.031986
5 0.097818 0.382103 0.039799 0.034480
0 0.900933 0.973732 0.066281 0.036672
5 0.164155 0.450810 0.032591 0.035910
5 0.590013 0.417089 0.071302 0.034224
5 0.590430 0.485178 0.072798 0.036235
0 0.513101 0.257004 0.020586 0.039053
5 0.217478 0.554918 0.072501 0.036490
5 0.510222 0.554848 0.055051 0.036703
5 0.215972 0.348420 0.073693 0.039039
5 0.425488 0.485321 0.051771 0.035413
5 0.097637 0.450275 0.039033 0.036516
1 0.039841 0.658712 0.014534 0.023815
5 0.217491 0.587475 0.072792 0.035140
5 0.097994 0.347053 0.040238 0.038531
5 0.216277 0.487004 0.077096 0.034282
5 0.662674 0.383084 0.075295 0.035032
5 0.662214 0.451490 0.074476 0.037007
5 0.215213 0.417110 0.074704 0.034682
5 0.164271 0.519773 0.032750 0.036717
5 0.164227 0.587137 0.033012 0.034619
5 0.216962 0.382734 0.075690 0.034398
0 0.483789 0.257166 0.020658 0.039970
1 0.039672 0.350489 0.015061 0.030725
0 0.967465 0.974680 0.057589 0.035447
5 0.591230 0.554885 0.071239 0.036668
5 0.217467 0.519595 0.071975 0.037544
5 0.588352 0.347932 0.073896 0.038925
5 0.326916 0.383033 0.147353 0.035096
0 0.326495 0.086057 0.045488 0.028188
5 0.164163 0.347855 0.032668 0.036763
5 0.326441 0.348163 0.150219 0.040008
5 0.219494 0.163999 0.073803 0.041065
5 0.327733 0.417316 0.152447 0.038381
5 0.164390 0.554515 0.032687 0.035640
5 0.217776 0.620765 0.072061 0.037207
5 0.426128 0.555010 0.051650 0.037341
5 0.509989 0.587604 0.053720 0.035868
0 0.368446 0.086668 0.024543 0.026209
0 0.081013 0.086788 0.139957 0.029861
0 0.018662 0.253220 0.020768 0.036947
5 0.662547 0.554735 0.074976 0.036717
5 0.468294 0.382237 0.034578 0.033423
5 0.327337 0.555072 0.150689 0.037491
0 0.172964 0.087135 0.027610 0.026810
5 0.589771 0.519788 0.072323 0.036328
5 0.098573 0.518598 0.041964 0.033786
5 0.468501 0.450965 0.034868 0.035747
5 0.591020 0.587231 0.073346 0.036044
0 0.246482 0.086178 0.102497 0.029172
5 0.662344 0.485407 0.074762 0.035805
5 0.426671 0.519426 0.051664 0.037386
5 0.663246 0.587459 0.073278 0.036261
5 0.132762 0.620651 0.035126 0.037579
5 0.217878 0.656231 0.071561 0.037575
5 0.662068 0.348308 0.073842 0.039003
5 0.098601 0.588375 0.043429 0.033472
0 0.347377 0.257680 0.021510 0.041132
5 0.661895 0.417241 0.074572 0.038535
0 0.043407 0.256218 0.020876 0.039347
3 0.296060 0.260280 0.015959 0.043000
5 0.327564 0.485803 0.149803 0.036642
5 0.425788 0.587508 0.051851 0.035427
5 0.097671 0.554350 0.038685 0.036264
0 0.278670 0.257550 0.019093 0.037430
5 0.467874 0.484708 0.032241 0.036127
5 0.327733 0.587893 0.147082 0.037344
0 0.560827 0.256515 0.021862 0.038580
5 0.738589 0.451479 0.080904 0.038481
5 0.467541 0.417350 0.034636 0.037683
0 0.630557 0.257210 0.098279 0.041558
5 0.468111 0.554846 0.034361 0.036225
0 0.141634 0.257526 0.021929 0.041165
5 0.164192 0.620771 0.032864 0.036933
0 0.074126 0.257133 0.019959 0.040302
0 0.018999 0.209471 0.020470 0.034584
5 0.132861 0.655874 0.033129 0.037145
0 0.438934 0.087319 0.102892 0.031400
0 0.165822 0.257222 0.021628 0.040501
5 0.739615 0.383089 0.082518 0.035631
5 0.327039 0.657196 0.144179 0.038986
0 0.536538 0.256652 0.020093 0.037890
5 0.327738 0.519688 0.150234 0.037508
3 0.456201 0.258874 0.015256 0.043771
5 0.662420 0.519606 0.072539 0.035959
5 0.591246 0.656683 0.071300 0.037809
5 0.164308 0.656222 0.032192 0.037311
0 0.188907 0.257475 0.019845 0.038284
5 0.590239 0.620620 0.073258 0.037886
5 0.511451 0.620584 0.053185 0.037590
3 0.376802 0.257371 0.030289 0.040236
5 0.467241 0.519552 0.033019 0.036354
0 0.974158 0.084943 0.041529 0.027682
5 0.739143 0.554766 0.079343 0.037223
5 0.098318 0.622366 0.041340 0.034424
0 0.439113 0.258594 0.022428 0.037297
5 0.097677 0.655329 0.037961 0.037601
5 0.739362 0.485835 0.078092 0.036368
5 0.426079 0.656300 0.051109 0.038171
5 0.494294 0.656475 0.085769 0.037913
5 0.662728 0.656507 0.074340 0.037262
5 0.545213 0.416880 0.019059 0.035610
5 0.738798 0.587520 0.080468 0.036557
5 0.738376 0.417071 0.077809 0.036194
5 0.738498 0.347907 0.079362 0.040004
3 0.534297 0.086232 0.074072 0.029829
0 0.693147 0.259537 0.020150 0.042444
5 0.467450 0.348053 0.032797 0.035793
0 0.316909 0.258018 0.021505 0.041060
3 0.252104 0.259251 0.017837 0.043017
3 0.598024 0.086232 0.038588 0.028504
5 0.425794 0.620378 0.051782 0.037243
3 0.409662 0.259332 0.029550 0.042855
5 0.738467 0.519684 0.078856 0.036499
5 0.328000 0.622450 0.147935 0.035522
0 0.212083 0.257003 0.019762 0.039063
5 0.662528 0.620809 0.075938 0.037081
5 0.811423 0.383300 0.068693 0.035263
0 0.096717 0.257021 0.016842 0.036875
5 0.739753 0.656722 0.078959 0.038086
5 0.811289 0.487355 0.069039 0.033860
5 0.545161 0.382422 0.019467 0.033115
0 0.234058 0.257036 0.017789 0.038888
5 0.468439 0.587174 0.034569 0.034896
5 0.545261 0.484855 0.019180 0.034739
5 0.811653 0.451642 0.066254 0.037119
5 0.811619 0.588412 0.068426 0.034476
5 0.739041 0.620769 0.079140 0.037510
5 0.544601 0.347473 0.017870 0.036380
0 0.937260 0.086223 0.014938 0.027218
5 0.812228 0.554607 0.068103 0.036545
5 0.946896 0.487581 0.067643 0.033601
5 0.810662 0.347761 0.068806 0.039242
5 0.863038 0.382858 0.038360 0.034557
5 0.545170 0.519850 0.019085 0.037224
5 0.811113 0.417234 0.067592 0.035845
5 0.544802 0.451621 0.019297 0.034717
5 0.947464 0.589100 0.067049 0.035204
5 0.469090 0.622349 0.035703 0.035349
3 0.114192 0.258278 0.017570 0.040881
5 0.863053 0.586736 0.038419 0.034411
5 0.545341 0.587043 0.018537 0.033490
5 0.863056 0.484801 0.038466 0.035226
5 0.946152 0.554682 0.067886 0.036315
5 0.946835 0.519272 0.068626 0.033874
1 0.295011 0.163737 0.015665 0.028939
5 0.811965 0.519462 0.066308 0.035427
5 0.863016 0.554522 0.037997 0.035724
5 0.510516 0.521556 0.054774 0.032927
5 0.863036 0.451400 0.038285 0.035754
5 0.812063 0.656700 0.066127 0.037652
5 0.862692 0.417485 0.039195 0.036460
5 0.812223 0.622218 0.065984 0.034965
3 0.217511 0.164572 0.075018 0.038103
5 0.897925 0.383120 0.033790 0.033788
5 0.946247 0.384596 0.066481 0.033033
5 0.947154 0.621474 0.067295 0.033421
5 0.468601 0.655828 0.035111 0.036250
5 0.897955 0.484690 0.033697 0.034977
5 0.947443 0.451730 0.067007 0.037220
5 0.862769 0.656495 0.038064 0.036554
5 0.545104 0.554862 0.018964 0.033880
5 0.898419 0.586721 0.034370 0.034392
5 0.898256 0.451750 0.033960 0.035316
5 0.946390 0.417689 0.067751 0.035376
5 0.862203 0.622575 0.038960 0.034178
5 0.862248 0.519853 0.039218 0.033582
5 0.897508 0.554808 0.031925 0.035458
5 0.898299 0.417499 0.035367 0.037381
5 0.898467 0.656533 0.034404 0.036520
5 0.988899 0.382345 0.022201 0.033158
5 0.947141 0.348550 0.068999 0.035725
5 0.898282 0.519500 0.034774 0.036990
5 0.862921 0.348543 0.038251 0.035664
5 0.511235 0.418010 0.053617 0.036262
5 0.545827 0.623925 0.019025 0.035398
5 0.545178 0.658460 0.021187 0.035398
5 0.897508 0.349660 0.032862 0.035398
5 0.898373 0.621622 0.032862 0.037125
5 0.947017 0.657452 0.066156 0.036262
5 0.990480 0.350236 0.019040 0.037125
5 0.989832 0.418874 0.020336 0.034535
5 0.989824 0.660186 0.020323 0.037125
5 0.990264 0.623925 0.019472 0.035398
5 0.990480 0.589822 0.019040 0.037988
5 0.989824 0.555718 0.020323 0.033672
5 0.990041 0.520752 0.019025 0.036262
5 0.990048 0.485354 0.019904 0.032808
5 0.990048 0.451682 0.019904 0.034535