1 0.302226 0.843111 0.017162 0.036428
1 0.303078 0.885328 0.018606 0.035658
1 0.912656 0.885431 0.018940 0.036548
1 0.912469 0.926384 0.018345 0.040297
1 0.303229 0.924398 0.019192 0.036143
1 0.323723 0.885377 0.019814 0.037188
1 0.323325 0.843265 0.020300 0.039172
5 0.984099 0.169017 0.031802 0.043333
5 0.437837 0.377979 0.038873 0.045584
1 0.323671 0.924708 0.019991 0.037272
0 0.600876 0.104745 0.049810 0.032422
3 0.498288 0.744843 0.175890 0.047763
0 0.358504 0.103982 0.045648 0.031496
0 0.937337 0.105834 0.016159 0.030605
5 0.467108 0.482856 0.101830 0.043879
0 0.281101 0.741367 0.022272 0.044132
5 0.498659 0.170796 0.085334 0.044696
0 0.104101 0.354388 0.025479 0.048070
0 0.508513 0.105349 0.116913 0.033482
5 0.398112 0.885410 0.044569 0.039049
5 0.773398 0.170747 0.212836 0.047976
0 0.284597 0.104073 0.083059 0.032623
0 0.067560 0.354642 0.023160 0.045332
0 0.977698 0.104999 0.044604 0.030573
0 0.648056 0.105777 0.024930 0.031716
0 0.134248 0.355120 0.023158 0.047460
0 0.898248 0.990438 0.069158 0.019124
3 0.377519 0.169791 0.163882 0.045074
0 0.043914 0.354230 0.020904 0.046041
5 0.969847 0.885257 0.058858 0.038952
0 0.415478 0.104353 0.048058 0.031334
5 0.969831 0.926211 0.059514 0.043133
5 0.810353 0.844057 0.122489 0.047211
0 0.280851 0.221861 0.022382 0.042389
0 0.109874 0.104404 0.169121 0.036992
0 0.217105 0.105024 0.029485 0.031831
0 0.725000 0.105812 0.113630 0.034127
5 0.536818 0.845025 0.141358 0.044199
5 0.355482 0.885350 0.042477 0.039731
5 0.539367 0.885432 0.137874 0.041009
5 0.811507 0.886067 0.120214 0.041361
1 0.912340 0.845226 0.019751 0.037820
5 0.969722 0.844547 0.058474 0.044547
3 0.153903 0.354060 0.018732 0.046034
5 0.398194 0.844447 0.044318 0.039427
5 0.355417 0.927159 0.042870 0.044660
5 0.810891 0.928446 0.121780 0.048554
5 0.398050 0.927389 0.045195 0.043022
5 0.676836 0.844997 0.145319 0.046231
5 0.356423 0.844021 0.042718 0.045338
3 0.014053 0.354359 0.028106 0.046726
0 0.911746 0.106831 0.016043 0.031494
5 0.884842 0.885006 0.031645 0.038815
5 0.677243 0.885996 0.144900 0.041640
5 0.538475 0.926373 0.137956 0.043750
4 0.080744 0.778631 0.142874 0.034046
5 0.677546 0.928539 0.143008 0.047667
5 0.885093 0.926008 0.032596 0.043712
3 0.811800 0.103836 0.037078 0.029850
0 0.054417 0.463849 0.095118 0.040484
4 0.052217 0.725470 0.086087 0.032384
0 0.031661 0.516216 0.047476 0.033576
4 0.077745 0.621748 0.138584 0.036720
0 0.071328 0.833317 0.128966 0.045034
5 0.874430 0.744037 0.251140 0.046151
4 0.054752 0.671740 0.092566 0.033488
4 0.068236 0.831911 0.117447 0.037456
5 0.456259 0.926809 0.023964 0.041141
0 0.077949 0.622824 0.142542 0.040253
5 0.456111 0.885758 0.023866 0.038023
5 0.884347 0.844110 0.030127 0.044823
0 0.072659 0.571057 0.129367 0.036919
5 0.456383 0.845318 0.025279 0.040545