1 0.042178 0.469674 0.016613 0.028261
1 0.042001 0.539698 0.016363 0.031462
1 0.041936 0.506260 0.016062 0.032132
1 0.042201 0.437195 0.016835 0.032848
0 0.023053 0.646300 0.021638 0.037712
5 0.220142 0.470705 0.075618 0.037776
0 0.022923 0.340274 0.021801 0.039571
5 0.180871 0.822653 0.077077 0.038532
0 0.351857 0.346388 0.022003 0.039462
5 0.219629 0.506276 0.076009 0.036612
5 0.430786 0.435702 0.052767 0.036576
5 0.331379 0.471646 0.149937 0.036810
0 0.487730 0.345785 0.022847 0.040065
5 0.431009 0.471262 0.053748 0.036504
5 0.430114 0.506633 0.054011 0.036791
0 0.192152 0.345846 0.021583 0.039773
5 0.219260 0.540521 0.075915 0.036005
3 0.110839 0.166459 0.146073 0.040026
0 0.145575 0.346181 0.021224 0.039547
0 0.517599 0.346556 0.021873 0.040103
0 0.168431 0.346332 0.019948 0.039433
5 0.100786 0.471131 0.042165 0.036466
5 0.101061 0.539933 0.039542 0.036039
0 0.023598 0.209810 0.020326 0.034572
0 0.564647 0.345959 0.021168 0.039426
0 0.462680 0.646093 0.021087 0.038159
5 0.513673 0.506641 0.052607 0.036921
0 0.905928 0.975884 0.066627 0.036297
0 0.047673 0.343995 0.021147 0.039422
5 0.596064 0.506306 0.075927 0.036498
0 0.541345 0.346051 0.020692 0.038351
5 0.595150 0.540237 0.074379 0.037042
5 0.066338 0.540030 0.031753 0.034394
5 0.472497 0.506573 0.033121 0.035993
5 0.136495 0.471027 0.031574 0.036395
5 0.167243 0.506604 0.033221 0.036312
5 0.513706 0.471302 0.052773 0.036185
5 0.167480 0.470407 0.034385 0.037393
3 0.691112 0.088110 0.036751 0.029849
5 0.100790 0.506995 0.040003 0.036370
5 0.513193 0.540099 0.052920 0.036244
5 0.222231 0.166383 0.076460 0.038247
0 0.441219 0.646423 0.022494 0.038893
5 0.136617 0.506506 0.031687 0.036110
5 0.136011 0.539247 0.030750 0.034483
0 0.216066 0.345925 0.021828 0.038902
0 0.321508 0.346642 0.020902 0.040091
0 0.078415 0.346154 0.021148 0.038684
5 0.330554 0.540114 0.150017 0.038126
5 0.167517 0.539629 0.032594 0.034907
5 0.595691 0.471051 0.075795 0.037300
5 0.324242 0.734912 0.049174 0.038487
5 0.667755 0.470941 0.073091 0.037520
0 0.634465 0.346835 0.101064 0.039242
5 0.514471 0.436357 0.054351 0.035900
5 0.472454 0.471439 0.032345 0.035451
0 0.697847 0.345268 0.020703 0.038097
3 0.978941 0.087101 0.041188 0.030297
5 0.667098 0.506416 0.072363 0.036904
0 0.084616 0.088620 0.141538 0.034525
5 0.101209 0.435677 0.041064 0.036097
5 0.330753 0.506599 0.148802 0.036963
5 0.951825 0.539735 0.067119 0.036571
5 0.666512 0.540264 0.072567 0.037202
5 0.220950 0.436293 0.075115 0.035076
0 0.402428 0.088842 0.079257 0.033405
5 0.266912 0.735088 0.045134 0.041119
5 0.472293 0.436194 0.031468 0.034627
0 0.251181 0.088065 0.100990 0.033470
5 0.744110 0.540406 0.079667 0.037581
5 0.137043 0.435807 0.032459 0.033287
0 0.460587 0.089402 0.022995 0.029881
0 0.330201 0.088280 0.044275 0.029119
0 0.442036 0.346591 0.016498 0.035449
5 0.743199 0.471341 0.082244 0.037199
5 0.952392 0.506498 0.068093 0.036388
5 0.816275 0.540238 0.066451 0.037405
5 0.331191 0.436635 0.150325 0.037612
5 0.167665 0.435709 0.034689 0.033558
5 0.951760 0.436134 0.066087 0.036742
0 0.176599 0.088167 0.026292 0.029341
5 0.952188 0.470520 0.068843 0.032368
3 0.627378 0.088023 0.077238 0.034713
0 0.238706 0.346625 0.018990 0.038701
5 0.066698 0.505502 0.033049 0.038389
0 0.971628 0.980365 0.056744 0.029022
5 0.065695 0.471919 0.031023 0.034518
0 0.282706 0.346837 0.019109 0.039482
5 0.743370 0.506275 0.081610 0.036760
5 0.816050 0.506423 0.066377 0.036263
0 0.100985 0.346787 0.019345 0.037764
0 0.530609 0.088956 0.107850 0.032431
0 0.266678 0.691877 0.048103 0.032926
5 0.595380 0.436260 0.076909 0.036082
5 0.816366 0.471458 0.067163 0.036919
5 0.197607 0.776736 0.111280 0.044543
5 0.903670 0.539646 0.031847 0.033806
5 0.432337 0.540265 0.051715 0.035818
5 0.101060 0.565800 0.039936 0.023219
5 0.903576 0.470916 0.032871 0.033320
5 0.549507 0.540247 0.019369 0.036094
5 0.868051 0.506425 0.040422 0.035980
5 0.816530 0.436214 0.066778 0.037020
5 0.868485 0.539879 0.041240 0.034982
5 0.193151 0.736025 0.105184 0.037232
0 0.942256 0.088476 0.015058 0.030126
5 0.903246 0.506222 0.032172 0.035472
5 0.067594 0.436308 0.024200 0.034063
5 0.867468 0.471342 0.040461 0.033582
5 0.135978 0.566072 0.030285 0.023958
1 0.299605 0.165454 0.014791 0.029449
5 0.549489 0.506474 0.019806 0.034478
5 0.548833 0.471446 0.018732 0.035718
5 0.743584 0.435843 0.081655 0.035714
5 0.992475 0.468624 0.015050 0.039261
5 0.903687 0.437515 0.030946 0.035523
5 0.102020 0.397776 0.040311 0.039745
5 0.992562 0.435791 0.014876 0.033707
5 0.992872 0.540253 0.014256 0.035092
3 0.116639 0.344762 0.017512 0.036381
3 0.255329 0.348010 0.015566 0.037680
3 0.300082 0.347360 0.016863 0.041578
3 0.380219 0.346780 0.030268 0.038113
3 0.414379 0.345914 0.031132 0.038113
3 0.458915 0.345481 0.016431 0.038980
5 0.992642 0.505298 0.014716 0.038113
5 0.868970 0.437300 0.039780 0.033782
5 0.550079 0.437444 0.017728 0.032916
5 0.472464 0.541823 0.031997 0.035515
3 0.270885 0.648042 0.284269 0.040217