0 0.963996 0.974212 0.069850 0.039656
1 0.013668 0.568432 0.013817 0.030798
3 0.863375 0.605000 0.051303 0.042592
3 0.972742 0.110060 0.033615 0.042905
1 0.013047 0.488720 0.014390 0.031017
0 0.018016 0.970992 0.028742 0.042300
1 0.014110 0.646718 0.013983 0.032326
1 0.014365 0.608245 0.013301 0.031384
3 0.325835 0.107034 0.106409 0.036769
0 0.986768 0.381956 0.021826 0.047914
0 0.079306 0.715689 0.107259 0.039623
5 0.169606 0.607826 0.168561 0.045764
5 0.798141 0.607207 0.083304 0.042406
0 0.055130 0.106434 0.086593 0.035178
5 0.055137 0.606713 0.062626 0.039950
3 0.862160 0.484964 0.049218 0.041093
1 0.013812 0.529118 0.013106 0.030774
0 0.094190 0.382674 0.023067 0.046490
3 0.862054 0.525546 0.049411 0.040419
5 0.054840 0.566177 0.063519 0.041898
3 0.863357 0.644929 0.050245 0.043907
5 0.169072 0.487442 0.172176 0.043461
3 0.862581 0.563839 0.049210 0.042033
3 0.187568 0.107973 0.147333 0.035421
5 0.797634 0.647651 0.080474 0.041150
5 0.170508 0.526744 0.171228 0.045320
5 0.318521 0.606822 0.131758 0.044535
5 0.053845 0.647226 0.064352 0.041084
5 0.054746 0.526576 0.063106 0.039843
5 0.170592 0.565207 0.171657 0.040657
5 0.319058 0.647579 0.132998 0.042162
5 0.798189 0.526247 0.082334 0.042128
5 0.616736 0.606772 0.082534 0.042254
5 0.732257 0.605386 0.051403 0.042078
5 0.682309 0.605434 0.051518 0.041992
3 0.450541 0.607012 0.134479 0.045398
5 0.170075 0.650199 0.170364 0.039924
0 0.039118 0.385238 0.064022 0.041663
5 0.797751 0.486751 0.081365 0.042157
5 0.546671 0.606783 0.062307 0.042005
3 0.450544 0.525098 0.131574 0.045258
5 0.320402 0.528507 0.132020 0.043411
5 0.732512 0.485939 0.051016 0.042737
5 0.732495 0.645805 0.051481 0.043407
5 0.798110 0.565015 0.082584 0.043475
5 0.320461 0.565867 0.131273 0.039766
5 0.682419 0.645772 0.051489 0.043674
5 0.054406 0.487196 0.063670 0.039495
3 0.450399 0.486492 0.131283 0.042662
5 0.732115 0.528209 0.051046 0.043693
5 0.732343 0.567532 0.050590 0.042722
5 0.682247 0.489300 0.052320 0.040531
5 0.682247 0.528910 0.049725 0.042373
5 0.682680 0.568519 0.050590 0.040531
5 0.617172 0.489760 0.081290 0.041452
5 0.616307 0.529831 0.081290 0.040531
5 0.616739 0.568980 0.082155 0.039610
5 0.616739 0.646818 0.079561 0.042373
5 0.546475 0.489300 0.060968 0.044216
5 0.545827 0.530291 0.060535 0.041452
5 0.546475 0.568980 0.060968 0.043294
5 0.546043 0.647739 0.060968 0.042373
5 0.319684 0.489300 0.131448 0.040531
3 0.451132 0.567598 0.132313 0.040531
3 0.450700 0.649121 0.131448 0.039610