3 0.471018 0.891845 0.503257 0.051563
3 0.348016 0.734675 0.256381 0.049836
3 0.347704 0.680688 0.256960 0.051026
1 0.042898 0.629228 0.017751 0.032059
5 0.780889 0.627558 0.233140 0.049202
5 0.792289 0.203674 0.257603 0.052045
0 0.035564 0.117828 0.030484 0.056955
0 0.080966 0.118923 0.033078 0.050383
0 0.138691 0.117280 0.036970 0.053669
0 0.194470 0.119471 0.036970 0.053669
0 0.237277 0.122209 0.031781 0.052574
0 0.294029 0.121114 0.032430 0.054764
0 0.336836 0.119471 0.032430 0.053669
0 0.431098 0.120019 0.105072 0.061336
5 0.272697 0.203415 0.128854 0.051113
5 0.272481 0.255989 0.129286 0.048193
5 0.272697 0.308928 0.128854 0.050383
5 0.957106 0.203293 0.069616 0.050383
0 0.974402 0.256232 0.035889 0.055495
0 0.974305 0.361397 0.035058 0.053957
0 0.939025 0.362147 0.033727 0.055456
0 0.066492 0.471061 0.088311 0.047962
0 0.186076 0.471619 0.149291 0.042716
0 0.319991 0.471200 0.119532 0.041879
0 0.454155 0.471200 0.148795 0.041879
0 0.596750 0.472456 0.137387 0.042716
0 0.715289 0.472037 0.100684 0.041879
0 0.861108 0.471619 0.189961 0.044391
5 0.693545 0.572980 0.056359 0.047962
5 0.921718 0.626938 0.046152 0.047962
5 0.921718 0.680895 0.046152 0.049461
5 0.780894 0.680146 0.231946 0.047962
5 0.728259 0.733354 0.128938 0.052459
5 0.231280 0.573730 0.022632 0.047962
5 0.330981 0.574104 0.129138 0.050210
5 0.248239 0.944848 0.059022 0.049417
5 0.319165 0.944848 0.035215 0.051092
5 0.377939 0.944848 0.033727 0.049417