5 0.351713 0.220456 0.105892 0.032141
5 0.616151 0.221256 0.104208 0.030810
5 0.218403 0.220135 0.103245 0.030033
5 0.493155 0.220822 0.122532 0.031408
5 0.084336 0.221451 0.102867 0.031201
5 0.881918 0.221305 0.105161 0.029444
3 0.758336 0.221333 0.123835 0.029500
0 0.892294 0.288728 0.069401 0.029578
0 0.944898 0.291556 0.020800 0.030770
0 0.964328 0.110548 0.016344 0.026539
0 0.962400 0.010516 0.015209 0.021032
0 0.946457 0.010349 0.015395 0.020698
1 0.043113 0.447487 0.012102 0.023258
0 0.893254 0.395272 0.087777 0.033867
0 0.953023 0.054023 0.015237 0.024150
1 0.042735 0.492623 0.012858 0.024164
0 0.944341 0.220501 0.016901 0.029300
0 0.926060 0.052906 0.013273 0.024593
0 0.413044 0.220318 0.016661 0.028935
0 0.954538 0.395625 0.015065 0.028815
0 0.098099 0.118220 0.014266 0.022515
0 0.678279 0.220501 0.017779 0.030765
0 0.805501 0.395373 0.068354 0.031532
0 0.279542 0.221600 0.018278 0.030033
0 0.617104 0.395297 0.075991 0.030828
5 0.983948 0.010982 0.027334 0.021964
0 0.983612 0.010929 0.027143 0.021858
0 0.713587 0.395755 0.095415 0.033935
0 0.986630 0.310567 0.015244 0.027770
0 0.145791 0.220501 0.018531 0.030765
0 0.193253 0.395570 0.012102 0.027835
0 0.449853 0.396082 0.083132 0.041553
0 0.534661 0.397381 0.071735 0.041553