5 0.201046 0.622644 0.125494 0.038443
3 0.241413 0.927523 0.055936 0.040566
3 0.369220 0.623351 0.167747 0.039487
3 0.109877 0.091876 0.138859 0.042224
3 0.241466 0.888875 0.055741 0.036554
5 0.179027 0.430445 0.080657 0.037721
5 0.200916 0.508178 0.125249 0.038552
5 0.252040 0.546492 0.227276 0.039759
5 0.430904 0.546498 0.044377 0.038660
0 0.459493 0.091459 0.018617 0.031813
0 0.143068 0.216803 0.100615 0.030128
3 0.266716 0.277700 0.169066 0.039670
5 0.381171 0.926294 0.224122 0.037833
5 0.204488 0.391866 0.132173 0.038417
0 0.296717 0.216759 0.065435 0.030671
0 0.259220 0.092883 0.017815 0.031244
0 0.952456 0.017122 0.017945 0.029505
0 0.047927 0.215362 0.062950 0.028998
0 0.480126 0.091072 0.019056 0.032340
0 0.365038 0.216445 0.042650 0.030607
5 0.427263 0.431799 0.124440 0.038580
5 0.656799 0.278459 0.234340 0.039742
0 0.918525 0.016292 0.015774 0.028819
0 0.228405 0.215819 0.044290 0.028985
0 0.238299 0.092593 0.018628 0.032059
5 0.179215 0.469080 0.081254 0.037815
0 0.506268 0.090966 0.017925 0.031674
0 0.279759 0.092046 0.018385 0.032001
0 0.451140 0.216573 0.100213 0.031461
5 0.381118 0.889756 0.223839 0.037401
0 0.434032 0.091084 0.018746 0.030526
0 0.935384 0.016411 0.016398 0.028674
0 0.393013 0.090675 0.017462 0.029919
0 0.372230 0.090857 0.018729 0.030775
5 0.098099 0.927967 0.078550 0.040133
0 0.527275 0.089409 0.016657 0.030142
0 0.304728 0.090905 0.019901 0.033490
0 0.413334 0.090978 0.017188 0.030116
0 0.211403 0.091737 0.017755 0.031992
5 0.098013 0.889623 0.078423 0.037589
0 0.346441 0.090885 0.019529 0.033886
0 0.325529 0.090851 0.016762 0.033543
0 0.190639 0.092229 0.017843 0.031580
0 0.488279 0.976249 0.015128 0.031150
0 0.059995 0.317743 0.076463 0.033553
0 0.502587 0.975730 0.013105 0.027755
1 0.046562 0.928492 0.025776 0.037253
5 0.745864 0.890015 0.024903 0.036516
5 0.745774 0.927461 0.024339 0.035498
0 0.025416 0.092285 0.018794 0.033328
1 0.292120 0.584179 0.013489 0.025911
0 0.025624 0.214597 0.018010 0.031628
0 0.493342 0.976328 0.020097 0.030115
5 0.724688 0.889998 0.019974 0.035541
1 0.046589 0.889920 0.025864 0.037124
5 0.306983 0.660519 0.337190 0.036825
5 0.372770 0.391511 0.015088 0.037709
5 0.725061 0.927759 0.020269 0.037859
0 0.981564 0.260373 0.013751 0.021597
0 0.129574 0.316987 0.062265 0.035065
0 0.186867 0.316171 0.052320 0.035065
0 0.231620 0.315763 0.036321 0.035881
0 0.272985 0.315356 0.047563 0.035065