3 0.113424 0.088772 0.136909 0.038644
0 0.496445 0.087692 0.019017 0.029784
0 0.265846 0.087875 0.016975 0.027228
3 0.435916 0.260521 0.227893 0.033656
0 0.525460 0.086567 0.017341 0.028744
0 0.215698 0.087462 0.017509 0.029542
0 0.286790 0.088062 0.018471 0.028784
0 0.475800 0.087529 0.017397 0.029309
0 0.317548 0.202915 0.053262 0.027180
0 0.381885 0.203351 0.060854 0.028251
0 0.245038 0.087880 0.017351 0.027811
0 0.446914 0.087276 0.018219 0.027338
0 0.269700 0.203871 0.019166 0.029466
0 0.405664 0.086869 0.016914 0.027422
0 0.384908 0.086968 0.018135 0.027004
0 0.426195 0.087480 0.017409 0.027127
0 0.195071 0.087839 0.018704 0.030018
0 0.199848 0.202913 0.091963 0.027394
5 0.860749 0.261021 0.140228 0.033378
0 0.314619 0.088013 0.018901 0.029359
5 0.875184 0.554116 0.139840 0.032497
0 0.513023 0.205123 0.170748 0.033256
0 0.546415 0.085766 0.016415 0.026689
0 0.137945 0.204340 0.017457 0.027702
0 0.335568 0.087663 0.016419 0.029157
3 0.553066 0.489273 0.168243 0.031048
0 0.433814 0.203118 0.015284 0.027531
0 0.356912 0.087455 0.018265 0.028750
1 0.556077 0.456785 0.013243 0.024139
0 0.659393 0.488723 0.029241 0.034840
0 0.728850 0.521927 0.020042 0.030053
0 0.728863 0.487849 0.018470 0.027778
0 0.866137 0.973458 0.014314 0.024683
0 0.436602 0.328723 0.049359 0.031430
0 0.897273 0.488897 0.022513 0.034828
4 0.806106 0.424022 0.177236 0.027704
5 0.611479 0.391758 0.124962 0.032333
5 0.384479 0.456729 0.125265 0.033070
0 0.330644 0.974653 0.020509 0.034154
5 0.362618 0.422816 0.081140 0.030212
0 0.387122 0.329274 0.047029 0.031821
5 0.490849 0.456612 0.044426 0.031298
0 0.298835 0.974007 0.017886 0.028865
5 0.384883 0.489354 0.124716 0.032423
5 0.362587 0.390540 0.081047 0.031699
0 0.018874 0.033519 0.017836 0.028524
4 0.854009 0.327481 0.275431 0.028325
0 0.681589 0.202445 0.016572 0.028408
0 0.973459 0.922167 0.020464 0.031502
0 0.209019 0.294628 0.019713 0.029472
0 0.071219 0.204634 0.102249 0.031059
0 0.101721 0.041184 0.134259 0.029994
0 0.199262 0.039761 0.039348 0.023072
0 0.247906 0.039761 0.026808 0.023072
0 0.299578 0.040530 0.047131 0.027687
0 0.352978 0.037454 0.027673 0.033839
0 0.916317 0.016689 0.015134 0.029225
0 0.934478 0.017842 0.015999 0.029994
0 0.951774 0.017458 0.015999 0.027687
0 0.702858 0.203190 0.027241 0.020765
4 0.739540 0.359697 0.043240 0.026149
4 0.746026 0.393537 0.056211 0.023072
4 0.797913 0.453525 0.159986 0.029225
0 0.692769 0.327524 0.014269 0.026918
0 0.709632 0.327140 0.015134 0.027687
0 0.512676 0.328678 0.100316 0.030763
0 0.608452 0.329063 0.092100 0.029994
5 0.490645 0.522610 0.336064 0.031065
0 0.274931 0.687581 0.136204 0.030763
0 0.395353 0.686427 0.103775 0.029994
5 0.930370 0.749876 0.102910 0.032301
1 0.562402 0.814607 0.012972 0.020765
5 0.248411 0.815376 0.050590 0.031532
5 0.333593 0.814222 0.121503 0.032301
5 0.457906 0.814222 0.129719 0.033839
5 0.536242 0.814991 0.026376 0.032301
5 0.615154 0.814991 0.078696 0.029225
5 0.674176 0.813453 0.041078 0.032301
5 0.837832 0.814827 0.287000 0.030972
0 0.363419 0.973328 0.019063 0.033906
0 0.394560 0.973806 0.020323 0.034608
0 0.426774 0.973037 0.019890 0.036147
0 0.457690 0.972652 0.019458 0.030763
0 0.490336 0.974960 0.019890 0.032301
0 0.521468 0.974575 0.019890 0.034608
0 0.553538 0.974191 0.020323 0.036916
0 0.585319 0.974191 0.020755 0.036916
0 0.617893 0.976113 0.022485 0.036147
0 0.678932 0.974960 0.019458 0.035378
0 0.709632 0.973421 0.019458 0.035378
0 0.979663 0.974960 0.024214 0.041530
0 0.900751 0.976498 0.016863 0.026149
0 0.884969 0.973806 0.012972 0.026918