5 0.247402 0.542966 0.101613 0.042400
5 0.240014 0.591229 0.085971 0.043084
3 0.309568 0.157641 0.051272 0.032216
0 0.233037 0.159104 0.073656 0.033160
0 0.512979 0.398293 0.043787 0.041207
0 0.223518 0.836431 0.382081 0.042989
0 0.224077 0.738970 0.384448 0.045934
0 0.170013 0.158357 0.019712 0.034842
0 0.266840 0.295628 0.016615 0.040560
3 0.079805 0.158184 0.130913 0.039820
5 0.238912 0.296246 0.039088 0.041998
0 0.019737 0.023842 0.017890 0.026105
0 0.024777 0.085552 0.027070 0.051884
0 0.072705 0.023626 0.069672 0.031800
0 0.132984 0.024881 0.024851 0.030963
0 0.171223 0.026555 0.030620 0.030963
0 0.219076 0.024463 0.043490 0.031800
0 0.265673 0.023207 0.031064 0.032637