3 0.111836 0.092696 0.144976 0.042011
0 0.052590 0.210902 0.020035 0.034398
0 0.283185 0.096232 0.020413 0.038453
0 0.257713 0.096166 0.021323 0.038423
0 0.079683 0.211667 0.022092 0.035828
0 0.153248 0.027159 0.030794 0.026274
0 0.339761 0.321008 0.017541 0.029429
0 0.561238 0.097166 0.024388 0.041523
0 0.431213 0.322274 0.019576 0.030892
0 0.043583 0.026489 0.077746 0.033057
0 0.110075 0.027009 0.026199 0.027736
0 0.309164 0.096581 0.020376 0.038859
0 0.453854 0.321890 0.020837 0.032637
0 0.109569 0.211286 0.018572 0.035659
0 0.023102 0.212282 0.021103 0.035022
0 0.205688 0.027119 0.045095 0.026743
0 0.020336 0.096427 0.022224 0.039638
0 0.535218 0.097480 0.024566 0.040764
0 0.290411 0.210359 0.021856 0.037921
0 0.341790 0.096194 0.020070 0.042148
0 0.224966 0.095851 0.022718 0.042345
0 0.316196 0.321348 0.019663 0.031686
0 0.362814 0.321939 0.017386 0.032990
0 0.408067 0.322229 0.020326 0.032753
0 0.478067 0.097601 0.021015 0.039553
0 0.479825 0.322672 0.026788 0.033622
0 0.502799 0.097831 0.021633 0.039775
0 0.594459 0.096498 0.021680 0.040543
0 0.384725 0.321751 0.019711 0.034441
0 0.452209 0.096942 0.021814 0.041137
1 0.013825 0.441497 0.013673 0.024006
0 0.199550 0.094411 0.020510 0.040296
0 0.257205 0.029252 0.030081 0.031722
0 0.367501 0.096554 0.020054 0.042868
0 0.393252 0.096554 0.022333 0.041153
0 0.425611 0.096983 0.020510 0.038581
0 0.618629 0.094839 0.019142 0.039438
0 0.829345 0.201580 0.014585 0.026578
0 0.810659 0.202438 0.015496 0.028293
0 0.831396 0.249164 0.018686 0.032580
0 0.554330 0.322605 0.101180 0.030909
0 0.625027 0.322199 0.020323 0.033349
5 0.388507 0.397573 0.037618 0.030095