3 0.080137 0.158392 0.129719 0.039173
0 0.287125 0.290164 0.024338 0.041994
0 0.492503 0.290462 0.026291 0.045930
0 0.316608 0.289893 0.025478 0.042385
0 0.345595 0.290360 0.025667 0.042822
0 0.375168 0.290261 0.025102 0.043013
0 0.404161 0.290017 0.025490 0.042771
0 0.257724 0.290453 0.024457 0.041961
0 0.433596 0.289969 0.024111 0.042946
3 0.184939 0.158073 0.051372 0.032527
3 0.457109 0.291577 0.024067 0.044780
4 0.364604 0.632513 0.143264 0.030299
4 0.371287 0.796417 0.159823 0.033378
4 0.365041 0.673726 0.145980 0.029798
0 0.736603 0.107808 0.018505 0.033435
4 0.347977 0.593200 0.108848 0.028796
4 0.363926 0.470480 0.142331 0.033223
4 0.341135 0.714431 0.094113 0.028615
4 0.375138 0.754821 0.162739 0.030820
0 0.261753 0.106950 0.018321 0.025344
4 0.349031 0.512004 0.110632 0.028919
4 0.187181 0.689374 0.098422 0.034396
4 0.196932 0.639088 0.076023 0.031096
4 0.330673 0.836138 0.075901 0.031145
0 0.019258 0.024044 0.017018 0.027616
4 0.319083 0.430765 0.050716 0.028327
0 0.713602 0.113511 0.016808 0.024425
4 0.214047 0.589826 0.040279 0.030642
0 0.055398 0.025718 0.035946 0.030963
0 0.094672 0.024881 0.029289 0.029290
0 0.133946 0.024463 0.031508 0.026779
0 0.194743 0.024881 0.072335 0.027616
0 0.265229 0.023626 0.047928 0.028453
0 0.320701 0.024044 0.045265 0.034311
0 0.367741 0.024881 0.031064 0.030963
4 0.317162 0.550671 0.049293 0.036692
4 0.343430 0.390447 0.104423 0.029354
0 0.026273 0.085582 0.019796 0.030418