0 0.644732 0.845199 0.025210 0.042312
0 0.554397 0.189218 0.025225 0.042713
0 0.500743 0.188964 0.022494 0.042848
0 0.524270 0.189126 0.025610 0.042994
0 0.577490 0.845187 0.024887 0.040313
0 0.022087 0.289503 0.024662 0.044994
0 0.531082 0.845054 0.024526 0.039354
3 0.235151 0.188828 0.147280 0.044477
0 0.257774 0.845286 0.021074 0.038904
0 0.280795 0.845621 0.022725 0.040008
3 0.216921 0.100845 0.039847 0.032638
5 0.511787 0.392816 0.201759 0.046961
5 0.364348 0.189496 0.102158 0.041335
0 0.976440 0.100837 0.046653 0.034110
0 0.903611 0.973022 0.079726 0.041652
0 0.351756 0.845199 0.109200 0.043007
0 0.974721 0.972141 0.049396 0.037484
0 0.554281 0.845141 0.020060 0.038513
0 0.458919 0.844926 0.108386 0.044926
0 0.068157 0.845867 0.022816 0.040469
0 0.053562 0.100168 0.085229 0.034920
0 0.084182 0.293143 0.057532 0.037577
0 0.914477 0.100993 0.060694 0.033805
5 0.470120 0.188984 0.038797 0.043185
0 0.043947 0.845030 0.023210 0.040104
5 0.478166 0.341805 0.131768 0.046869
5 0.357237 0.679525 0.036208 0.039246
5 0.907868 0.680109 0.072053 0.040467
5 0.357187 0.640912 0.036231 0.041182
5 0.197569 0.391451 0.086403 0.044369
3 0.082160 0.189150 0.147846 0.042659
5 0.831650 0.680499 0.083609 0.041457
5 0.466009 0.679978 0.125638 0.043991
5 0.388476 0.679519 0.031197 0.038550
5 0.196564 0.340769 0.088168 0.043158
5 0.907637 0.641407 0.071605 0.044850
3 0.166341 0.441729 0.146889 0.043116
5 0.357272 0.718158 0.035161 0.041148
0 0.040379 0.444481 0.015411 0.030399
5 0.208367 0.639858 0.265126 0.044313
5 0.466005 0.640958 0.124292 0.042160
5 0.464594 0.720253 0.125762 0.045074
5 0.388684 0.718603 0.031725 0.041804
5 0.166152 0.846578 0.158868 0.043550
5 0.388295 0.641691 0.031417 0.041736
5 0.543037 0.679521 0.032803 0.039159
5 0.907795 0.719169 0.071289 0.042512
5 0.209003 0.680303 0.267399 0.044624
5 0.617122 0.679830 0.118779 0.043837
5 0.868309 0.189011 0.032116 0.044546
5 0.832720 0.719783 0.081191 0.042516
5 0.733157 0.679869 0.116496 0.043270
5 0.357054 0.759211 0.035334 0.045885
5 0.733660 0.641387 0.116213 0.042634
3 0.148037 0.100897 0.083095 0.034582
5 0.055028 0.679696 0.045248 0.040566
5 0.832232 0.641158 0.082950 0.044419
1 0.077365 0.442283 0.015976 0.028511
0 0.141302 0.291386 0.016425 0.030621
5 0.892302 0.189595 0.018484 0.045690
5 0.617251 0.641241 0.119806 0.042507
5 0.542851 0.641174 0.033065 0.042382
5 0.833489 0.756438 0.080490 0.042577
5 0.388774 0.758444 0.031810 0.041751
5 0.055062 0.641227 0.044663 0.041826
5 0.733885 0.721972 0.115568 0.043774
5 0.907714 0.756286 0.070539 0.042169
5 0.616904 0.721664 0.120549 0.046442
5 0.465377 0.760336 0.125243 0.037597
5 0.734394 0.762947 0.117588 0.039671
5 0.617034 0.761845 0.117132 0.038727
5 0.542516 0.720285 0.030081 0.044394
5 0.542060 0.761373 0.030992 0.039671
5 0.208362 0.720285 0.263282 0.040616
5 0.207906 0.759956 0.263282 0.038727
5 0.055756 0.720285 0.043754 0.042505
5 0.055300 0.761845 0.044665 0.038727