0 0.082819 0.143150 0.045444 0.044176
3 0.958396 0.135374 0.020140 0.031960
0 0.720811 0.139257 0.053831 0.032473
0 0.324533 0.139514 0.087237 0.035728
0 0.629942 0.340991 0.024259 0.043155
0 0.168076 0.140076 0.094385 0.034167
0 0.639976 0.137997 0.083763 0.034385
0 0.988517 0.016718 0.022485 0.033436
0 0.252148 0.145045 0.046575 0.034118
0 0.408335 0.141943 0.052196 0.027915
0 0.515538 0.140392 0.141331 0.031017
0 0.819883 0.141943 0.123665 0.034118
0 0.902594 0.141943 0.017666 0.046525
0 0.930699 0.141943 0.016060 0.040322
0 0.961214 0.015550 0.016060 0.026364
0 0.932305 0.017101 0.016060 0.032568