4 0.107133 0.389541 0.199635 0.035579
4 0.109909 0.441010 0.205573 0.034704
4 0.106879 0.337983 0.199258 0.036325
0 0.257900 0.118889 0.086109 0.045097
4 0.082140 0.492819 0.151734 0.036106
0 0.081013 0.119675 0.091486 0.049909
0 0.170519 0.119804 0.090158 0.046013
0 0.462111 0.413384 0.028612 0.050765
4 0.105549 0.287533 0.196905 0.035305
4 0.041841 0.696629 0.072706 0.033595
5 0.906628 0.120532 0.167958 0.045534
4 0.082061 0.542694 0.152638 0.034875
0 0.462555 0.772817 0.028036 0.049839
4 0.062576 0.795538 0.111939 0.035767
4 0.039257 0.951043 0.070754 0.031436
4 0.049845 0.746910 0.084692 0.029634
4 0.065817 0.593823 0.119770 0.034061
4 0.053313 0.900734 0.094763 0.032509
4 0.069250 0.237366 0.124865 0.036130
4 0.050266 0.849314 0.088123 0.035916
4 0.322871 0.546331 0.157910 0.038208
4 0.049552 0.645069 0.087092 0.032553
0 0.274913 0.652899 0.020542 0.046145
0 0.981091 0.120171 0.020527 0.039807
4 0.283384 0.185256 0.071667 0.039979
4 0.380050 0.639865 0.188335 0.040635