1 0.063898 0.897207 0.020604 0.037887
1 0.043178 0.896672 0.018688 0.035510
5 0.181251 0.400825 0.038965 0.046614
0 0.020687 0.755087 0.024160 0.042034
1 0.063927 0.936308 0.020471 0.036449
0 0.896657 0.984240 0.071004 0.031520
1 0.043271 0.855817 0.018113 0.037143
1 0.043204 0.935387 0.018068 0.034633
0 0.020841 0.243125 0.023877 0.041745
0 0.937872 0.102395 0.017474 0.031647
1 0.063372 0.855673 0.019879 0.038651
0 0.613403 0.101812 0.050996 0.032922
0 0.425787 0.100693 0.048663 0.032216
0 0.350577 0.101952 0.084826 0.031607
0 0.977725 0.101584 0.044545 0.037462
5 0.664479 0.896905 0.083687 0.041661
0 0.257615 0.099536 0.081398 0.034140
0 0.660691 0.101361 0.027110 0.031975
5 0.211897 0.501511 0.100135 0.046614
0 0.191989 0.101267 0.030498 0.031782
0 0.969958 0.986136 0.059528 0.027727
5 0.520843 0.193929 0.215674 0.046755
0 0.518961 0.102337 0.118398 0.034547
5 0.760168 0.191919 0.085638 0.041456
0 0.088014 0.100910 0.160141 0.037585
3 0.824860 0.100291 0.039114 0.031709
5 0.512993 0.858759 0.124786 0.043011
0 0.739643 0.101495 0.113623 0.034587
5 0.097044 0.897044 0.046792 0.039245
0 0.090854 0.245615 0.077172 0.041921
5 0.513161 0.897389 0.124449 0.043559
5 0.590521 0.897621 0.030723 0.037779
5 0.238820 0.897718 0.141934 0.043802
0 0.911259 0.102611 0.017708 0.033294
5 0.394811 0.399582 0.389633 0.049100
5 0.241289 0.192572 0.082413 0.044215
5 0.097158 0.856523 0.046717 0.043229
5 0.665129 0.935228 0.082236 0.041261
5 0.131840 0.897059 0.025333 0.037832
5 0.156319 0.897894 0.023581 0.037017
5 0.173988 0.293725 0.025885 0.041068
5 0.429315 0.500665 0.334826 0.044923
5 0.132146 0.856400 0.026320 0.044392
5 0.238767 0.939160 0.142635 0.048095
5 0.097415 0.936328 0.046969 0.041744
5 0.239198 0.858813 0.139878 0.043119
5 0.664487 0.857723 0.081786 0.040153
5 0.915683 0.897016 0.029432 0.039318
5 0.915020 0.937552 0.028106 0.039937
5 0.396360 0.296465 0.390086 0.039268
5 0.614641 0.897450 0.019727 0.037514
5 0.132194 0.936592 0.025804 0.042187
5 0.156841 0.857235 0.025833 0.043707
3 0.119227 0.193237 0.159759 0.039156
5 0.155206 0.939105 0.023421 0.044283
5 0.513085 0.938613 0.124602 0.039363
5 0.590147 0.937114 0.029835 0.040877
5 0.613929 0.936205 0.020323 0.040877
5 0.614361 0.857631 0.018593 0.039969
5 0.915452 0.857176 0.028106 0.037243