5 0.163815 0.466873 0.021247 0.036498
5 0.374898 0.467134 0.026302 0.037338
5 0.378184 0.596150 0.031074 0.035544
5 0.396542 0.553285 0.068449 0.037266
5 0.170065 0.725891 0.030048 0.039205
5 0.399643 0.855639 0.025154 0.038622
5 0.208969 0.898223 0.111106 0.038230
5 0.211812 0.250359 0.247090 0.038734
0 0.958292 0.980364 0.056252 0.035406
5 0.163582 0.553435 0.019418 0.035556
5 0.209508 0.856391 0.107584 0.041040
5 0.211472 0.207305 0.247321 0.035005
0 0.495755 0.248762 0.023581 0.034995
5 0.420323 0.424131 0.115067 0.038437
0 0.226946 0.087225 0.083196 0.029606
5 0.211468 0.510117 0.114782 0.038916
0 0.392611 0.087028 0.049157 0.029548
3 0.455476 0.087775 0.067646 0.033487
0 0.318490 0.088045 0.088652 0.030905
5 0.211419 0.424304 0.115550 0.040688
0 0.471262 0.208077 0.023461 0.036330
5 0.167346 0.380410 0.024705 0.037035
0 0.048622 0.087174 0.051392 0.029345
0 0.129870 0.086510 0.099573 0.031052
0 0.967613 0.087965 0.041974 0.037404
0 0.085977 0.163671 0.091570 0.041805
5 0.393273 0.380351 0.061191 0.037769
0 0.470450 0.248914 0.023282 0.034620
3 0.511691 0.086574 0.032399 0.027533
1 0.162292 0.596597 0.010377 0.027380
0 0.959483 0.160836 0.033602 0.042070