0 0.665896 0.466548 0.018748 0.035958
0 0.956306 0.976416 0.057004 0.032993
0 0.494305 0.249846 0.024233 0.036589
0 0.597924 0.465505 0.020441 0.038583
5 0.211162 0.252598 0.246294 0.038078
0 0.732666 0.466771 0.018941 0.037546
0 0.638792 0.467229 0.020312 0.036788
0 0.190343 0.089437 0.048746 0.028422
5 0.210826 0.211471 0.246079 0.038196
0 0.711050 0.465806 0.021175 0.038640
0 0.617907 0.465998 0.018998 0.036438
0 0.686235 0.465689 0.020663 0.036995
0 0.119416 0.089013 0.078351 0.030445
3 0.253833 0.087892 0.064628 0.029586
0 0.048675 0.089727 0.051549 0.029169
0 0.965569 0.089871 0.041814 0.036606
0 0.039121 0.463884 0.016496 0.032027
0 0.435237 0.165117 0.082450 0.038806
0 0.468725 0.248843 0.022599 0.033800
0 0.469625 0.209968 0.023935 0.035610
5 0.759265 0.705010 0.342576 0.432239
3 0.308378 0.089679 0.031057 0.028021
5 0.798961 0.423625 0.277807 0.042389