0 0.988304 0.537004 0.020077 0.042581
0 0.122944 0.538071 0.166040 0.047097
0 0.964182 0.975886 0.071632 0.045155
0 0.017562 0.538441 0.023001 0.046853
3 0.731612 0.105766 0.106232 0.036309
3 0.731180 0.805005 0.193136 0.041660
3 0.133987 0.723561 0.108480 0.039500
3 0.730571 0.764941 0.191919 0.041665
0 0.063817 0.106862 0.102525 0.035174
3 0.590168 0.106020 0.147004 0.040344
3 0.298886 0.104879 0.129065 0.038014
0 0.174528 0.106442 0.088629 0.034466
3 0.439930 0.105191 0.124989 0.039250
3 0.972820 0.106052 0.031070 0.036524
3 0.133961 0.763913 0.108715 0.042043
1 0.014413 0.725073 0.014701 0.031398
3 0.730695 0.724548 0.192167 0.038025
0 0.061186 0.820699 0.031520 0.041756
0 0.027478 0.821264 0.034153 0.041853
3 0.731076 0.684634 0.192929 0.042730
5 0.257483 0.723319 0.144220 0.041546
3 0.134024 0.683495 0.109428 0.039917
5 0.948981 0.725127 0.081608 0.040897
1 0.014413 0.685364 0.014701 0.031398
1 0.014413 0.645193 0.012972 0.032321
5 0.399686 0.764811 0.142424 0.044873
5 0.400042 0.724927 0.141725 0.042055
5 0.015022 0.379169 0.014189 0.026035
5 0.948984 0.764320 0.081624 0.042728
5 0.949220 0.806485 0.081182 0.046127
5 0.257728 0.761914 0.143989 0.040432
5 0.400542 0.804904 0.141826 0.043500
0 0.018651 0.977210 0.026593 0.035544
1 0.014413 0.764320 0.014701 0.026781
1 0.014112 0.597173 0.014099 0.030474
5 0.258706 0.684255 0.145006 0.041537
0 0.699356 0.308834 0.034108 0.038622
5 0.014427 0.420304 0.012945 0.028887
5 0.400750 0.685582 0.142537 0.044091
5 0.949382 0.685855 0.082120 0.040713