0 0.025131 0.399856 0.026207 0.045135
3 0.413816 0.610926 0.195287 0.040414
3 0.414193 0.649988 0.194549 0.041494
0 0.071657 0.865974 0.035631 0.040008
3 0.780948 0.091410 0.109726 0.032489
3 0.960128 0.092953 0.034052 0.033357
1 0.020936 0.647414 0.017562 0.030541
3 0.414098 0.534612 0.194547 0.038733
3 0.630684 0.090991 0.151948 0.033599
3 0.413386 0.572857 0.196402 0.040173
3 0.471182 0.090850 0.129926 0.032600
1 0.020964 0.611086 0.017641 0.032036
3 0.322867 0.091267 0.134684 0.034140
0 0.098056 0.400254 0.100734 0.046243
0 0.976344 0.398658 0.025111 0.041965
5 0.674691 0.534602 0.324632 0.039018
5 0.674650 0.572930 0.324524 0.041819
1 0.020702 0.573542 0.017753 0.032225
0 0.034248 0.865129 0.037793 0.040605
0 0.951870 0.960169 0.077555 0.043720
0 0.207733 0.399740 0.111330 0.045504
0 0.073361 0.092656 0.104402 0.031618
5 0.674261 0.610913 0.324512 0.042394
5 0.675613 0.649632 0.330799 0.044986
1 0.020662 0.457036 0.019456 0.034168
5 0.280513 0.648500 0.071922 0.040664
0 0.189916 0.091014 0.091788 0.030579
5 0.100666 0.572610 0.143943 0.041731
5 0.100545 0.610031 0.144646 0.040582
5 0.100392 0.650072 0.145953 0.042606
5 0.103274 0.536118 0.142507 0.040211
5 0.281325 0.610747 0.071383 0.038896
5 0.280091 0.571855 0.071392 0.039460
1 0.020780 0.500200 0.018974 0.031189
0 0.025238 0.961232 0.029988 0.034310
4 0.908244 0.573562 0.144045 0.030465
5 0.208979 0.572107 0.073638 0.039772
5 0.209054 0.648690 0.071000 0.037741
5 0.210180 0.610682 0.074226 0.039112
1 0.020608 0.536227 0.018061 0.032457
4 0.908780 0.611128 0.144088 0.030000
0 0.893417 0.279488 0.068448 0.038958
0 0.910264 0.176727 0.017793 0.029103
4 0.909781 0.536361 0.139371 0.029538
5 0.209760 0.536121 0.072810 0.038431
5 0.892001 0.854629 0.175460 0.040944
5 0.280673 0.535821 0.072484 0.038333
4 0.909446 0.500074 0.140176 0.029825
5 0.893391 0.891686 0.176370 0.040989
4 0.910927 0.648918 0.138669 0.032443
5 0.892881 0.810437 0.175683 0.046100
4 0.904446 0.453238 0.131254 0.038075