0 0.181555 0.261250 0.020405 0.039488
0 0.110744 0.262394 0.021433 0.039596
0 0.134573 0.262092 0.020709 0.039200
0 0.731449 0.169978 0.021870 0.038868
3 0.082496 0.263092 0.016038 0.039123
0 0.952171 0.171751 0.021455 0.039795
0 0.545150 0.262117 0.019402 0.041059
0 0.158845 0.261141 0.021549 0.039512
0 0.024720 0.313221 0.020614 0.038353
0 0.501926 0.262427 0.044774 0.040880
0 0.019098 0.262235 0.020401 0.040655
0 0.043223 0.262606 0.022001 0.039706
0 0.343178 0.313472 0.020755 0.037530
0 0.420097 0.263413 0.109158 0.041066
0 0.297776 0.314185 0.016431 0.036950
0 0.865092 0.171270 0.152518 0.041452
0 0.102406 0.313663 0.020323 0.038556
0 0.896599 0.978698 0.063422 0.036030
0 0.970001 0.088726 0.042934 0.030601
0 0.232701 0.314164 0.019458 0.039720
0 0.257244 0.261843 0.109190 0.039714
3 0.562063 0.261851 0.015956 0.040287
0 0.366735 0.314490 0.021032 0.037911
3 0.199983 0.171097 0.230178 0.041104
0 0.079198 0.313671 0.020039 0.039124
0 0.065908 0.262882 0.017532 0.038099
0 0.964287 0.976352 0.056287 0.029659
3 0.268126 0.315298 0.029534 0.040422
0 0.051797 0.088207 0.083836 0.029795
3 0.211559 0.314460 0.017218 0.039437
0 0.148780 0.314484 0.017945 0.036363
3 0.226066 0.088583 0.034761 0.028486
1 0.019855 0.410183 0.014343 0.027217
0 0.126241 0.314536 0.019350 0.036205
0 0.055311 0.313582 0.022061 0.038017
0 0.338782 0.263432 0.045690 0.041104
0 0.193610 0.314545 0.019159 0.037902
3 0.166112 0.314474 0.016591 0.038065
5 0.641469 0.171613 0.133300 0.040350
0 0.152575 0.088647 0.102598 0.030274
3 0.496329 0.171097 0.160442 0.039317
1 0.128782 0.410425 0.011675 0.024126
3 0.313991 0.313919 0.016863 0.040211