0 0.592093 0.107633 0.079561 0.044633
0 0.413743 0.392604 0.023951 0.044201
0 0.431605 0.107132 0.082016 0.043631
0 0.511890 0.106487 0.081198 0.042341
5 0.907511 0.095492 0.130928 0.044473
4 0.098826 0.307468 0.194806 0.033868
4 0.098594 0.355697 0.193736 0.034457
4 0.072810 0.949857 0.144490 0.036302
4 0.040330 0.701191 0.078344 0.031260
0 0.413973 0.741085 0.024483 0.042663
4 0.069537 0.453795 0.135477 0.033266
4 0.098471 0.403410 0.192450 0.033795
4 0.055035 0.553364 0.108591 0.033342
4 0.032798 0.898689 0.060638 0.029656
4 0.033876 0.651248 0.067179 0.032741
4 0.097668 0.256685 0.192523 0.034501
4 0.040328 0.801724 0.079233 0.032565
4 0.058358 0.207475 0.114435 0.032230
4 0.051956 0.750416 0.101917 0.034736
4 0.069972 0.503705 0.135073 0.034262
4 0.044673 0.850948 0.087503 0.030715
4 0.040149 0.603441 0.079437 0.032736
4 0.271682 0.521985 0.099970 0.033786
0 0.984646 0.094993 0.022602 0.039219
4 0.067416 0.991698 0.131181 0.016604
4 0.326119 0.628036 0.134210 0.063234
4 0.326588 0.277035 0.134804 0.065302