5 0.265200 0.399964 0.137721 0.046632
5 0.177968 0.399942 0.040557 0.043676
5 0.352139 0.562121 0.014167 0.029049
0 0.347013 0.104518 0.086183 0.028180
5 0.208679 0.503924 0.103573 0.038031
5 0.352488 0.613799 0.015125 0.031790
0 0.188962 0.101139 0.029950 0.032891
1 0.038282 0.905150 0.018026 0.034044
5 0.554021 0.406190 0.090664 0.043627
0 0.631116 0.779376 0.063632 0.031596
5 0.265212 0.295797 0.138036 0.042829
0 0.978288 0.105498 0.042759 0.042627
0 0.255229 0.100948 0.081942 0.032267
5 0.244876 0.459354 0.178469 0.047015
0 0.084721 0.104733 0.158773 0.039576
5 0.353177 0.512069 0.014755 0.029400
1 0.060401 0.904260 0.019330 0.037681
5 0.239863 0.192909 0.086663 0.040670
1 0.039134 0.947236 0.019124 0.036499
1 0.038282 0.865803 0.014537 0.036724
0 0.552601 0.781342 0.085614 0.035528
1 0.060088 0.864593 0.019771 0.036753
1 0.060088 0.946674 0.019771 0.039203