0 0.077918 0.105768 0.120214 0.035360
5 0.556946 0.536491 0.113237 0.044719
0 0.207574 0.104941 0.100809 0.034009
5 0.556997 0.483115 0.109014 0.043161
0 0.652238 0.732227 0.073673 0.043360
0 0.949650 0.957884 0.085040 0.049138
3 0.682952 0.106100 0.162485 0.036279
0 0.595082 0.730365 0.026083 0.038925
5 0.239479 0.545709 0.112521 0.352396
3 0.843844 0.105822 0.121074 0.035547
3 0.508722 0.106452 0.139881 0.034386
0 0.026999 0.957420 0.036852 0.051542
5 0.184417 0.847361 0.078311 0.038690
3 0.346083 0.104558 0.146778 0.032192
5 0.235693 0.898055 0.196059 0.040321
2 0.749246 0.846855 0.100692 0.042920
3 0.797979 0.794131 0.184269 0.047680
5 0.277243 0.793890 0.267733 0.049286
1 0.391179 0.644505 0.017385 0.031201
5 0.853186 0.552608 0.287955 0.427055
3 0.957425 0.105462 0.032641 0.035393
0 0.688355 0.345469 0.021079 0.051697