1 0.905172 0.829458 0.019872 0.037301
5 0.643372 0.270788 0.383395 0.044416
1 0.320505 0.830204 0.019875 0.039684
1 0.904907 0.869047 0.019907 0.036399
1 0.319787 0.868747 0.019669 0.036485
5 0.645856 0.373367 0.385387 0.050761
3 0.014105 0.348560 0.028087 0.045430
5 0.678325 0.475115 0.332006 0.051013
1 0.320570 0.910258 0.019329 0.036975
0 0.068452 0.349500 0.022662 0.044919
5 0.463978 0.476377 0.099715 0.048489
5 0.433976 0.372335 0.036573 0.042697
0 0.042939 0.349327 0.021614 0.045129
5 0.768718 0.172565 0.209912 0.047071
5 0.494314 0.171818 0.081967 0.045103
3 0.494336 0.731241 0.173927 0.048358
1 0.904858 0.909468 0.019459 0.037187
5 0.979933 0.170283 0.039637 0.043289
0 0.101832 0.348751 0.026832 0.049027
1 0.299426 0.872000 0.013852 0.033387
0 0.890616 0.983332 0.069127 0.033336
1 0.297913 0.831550 0.015673 0.032103
0 0.134040 0.346531 0.020472 0.046073
0 0.930334 0.105532 0.014651 0.031991
1 0.298522 0.910919 0.015659 0.036745
5 0.427693 0.269890 0.025300 0.047291
5 0.352351 0.868240 0.042728 0.040477
0 0.277880 0.729082 0.019794 0.038747
0 0.969664 0.104520 0.049965 0.033364
0 0.595852 0.108223 0.048754 0.028324
0 0.216276 0.104111 0.029607 0.027385
5 0.870354 0.731994 0.256771 0.052996
0 0.904839 0.105901 0.015564 0.032539
5 0.395563 0.869056 0.045621 0.040944
3 0.153474 0.349214 0.018396 0.046738
0 0.412420 0.107313 0.048746 0.026899
0 0.354643 0.105850 0.046234 0.027418
0 0.281938 0.107608 0.083089 0.028656
0 0.642538 0.106673 0.025331 0.027488
0 0.277400 0.219723 0.022059 0.042690
5 0.395167 0.829518 0.045208 0.041001
0 0.502923 0.108245 0.118019 0.029860
0 0.964266 0.985508 0.063869 0.028984
5 0.352597 0.829263 0.041744 0.041262
5 0.966443 0.868641 0.067114 0.043294
5 0.534008 0.831944 0.144543 0.046726
5 0.673332 0.869157 0.140930 0.043775
0 0.107050 0.104758 0.173098 0.029610
0 0.721572 0.108459 0.114572 0.030668
3 0.804649 0.106873 0.037695 0.025380
5 0.534108 0.871144 0.143941 0.041092
5 0.534309 0.907956 0.141532 0.041092
5 0.673332 0.830266 0.138521 0.044944
5 0.673934 0.909240 0.139725 0.046229
5 0.803220 0.830266 0.125271 0.044944
5 0.803521 0.870074 0.122260 0.044944
5 0.802919 0.910524 0.123464 0.046229
5 0.966655 0.830908 0.066690 0.041092
5 0.966655 0.910524 0.066690 0.046229
5 0.394560 0.910008 0.044537 0.044253
5 0.351970 0.908165 0.043240 0.046097