0 0.189193 0.088157 0.048772 0.027335
0 0.049340 0.088588 0.050126 0.029056
0 0.118220 0.088735 0.078513 0.029511
3 0.235944 0.088011 0.031113 0.027205
0 0.643609 0.468968 0.019297 0.039888
0 0.603432 0.467669 0.019926 0.039301
0 0.669867 0.469357 0.018071 0.039034
5 0.211546 0.250726 0.246544 0.045430
5 0.763826 0.707011 0.340727 0.438651
5 0.802902 0.425952 0.277609 0.042863
0 0.493969 0.251224 0.024398 0.038754
0 0.962783 0.090629 0.039034 0.035378
0 0.716911 0.468730 0.018161 0.040337
0 0.623434 0.467689 0.019702 0.039882
5 0.211321 0.211131 0.245265 0.042205
0 0.954877 0.982746 0.056738 0.034508
0 0.039586 0.465225 0.017744 0.035627
0 0.690967 0.468503 0.018161 0.041494
0 0.469442 0.251483 0.023441 0.038645
0 0.433055 0.164154 0.082195 0.040465
0 0.469326 0.207557 0.023371 0.038773
0 0.737609 0.468884 0.017712 0.038698