0 0.972330 0.979237 0.054999 0.034965
5 0.222072 0.429742 0.072137 0.038548
1 0.016359 0.923154 0.012539 0.029602
3 0.407100 0.091315 0.125993 0.030633
5 0.204986 0.633243 0.053033 0.040445
5 0.788014 0.679047 0.144467 0.039654
5 0.197458 0.586044 0.037544 0.040030
5 0.761065 0.726286 0.090733 0.042206
5 0.225306 0.475424 0.077325 0.043606
0 0.053003 0.093085 0.079575 0.037912
3 0.983127 0.091885 0.028947 0.031552
5 0.733167 0.587019 0.034728 0.037345
5 0.219366 0.679058 0.081076 0.037938
1 0.016359 0.880600 0.013404 0.025902
3 0.279724 0.091302 0.095696 0.031007
5 0.729922 0.429437 0.052116 0.034628
5 0.758861 0.633486 0.088847 0.037127
5 0.831835 0.634066 0.051062 0.038913
5 0.223946 0.923925 0.098017 0.037928
5 0.210293 0.382764 0.047266 0.040874
3 0.163071 0.091492 0.115092 0.030238
5 0.217424 0.725867 0.075666 0.037128
5 0.730443 0.384120 0.050050 0.039746
0 0.019060 0.980236 0.026590 0.039398
0 0.995340 0.172566 0.009319 0.032263
0 0.852814 0.679299 0.013092 0.031790
0 0.225710 0.382138 0.012972 0.030528
0 0.249060 0.431322 0.014701 0.027752
0 0.252519 0.476650 0.012972 0.033303
0 0.260878 0.726267 0.013837 0.030528
0 0.221530 0.633297 0.013837 0.033303
0 0.251149 0.677700 0.013404 0.029602
0 0.747932 0.383377 0.015418 0.028862
0 0.747450 0.431824 0.014454 0.032986
0 0.849679 0.632082 0.013313 0.031331
0 0.797336 0.727963 0.012972 0.031453
0 0.797192 0.633759 0.013837 0.032378