1 0.526879 0.517052 0.017359 0.034902
1 0.896525 0.869484 0.017331 0.037349
5 0.389647 0.672937 0.084428 0.045350
1 0.527257 0.723366 0.017385 0.033647
1 0.897514 0.910648 0.017501 0.033301
1 0.527148 0.672573 0.016969 0.033817
1 0.527318 0.774285 0.017163 0.031453
1 0.896285 0.827701 0.017811 0.034703
5 0.366601 0.517990 0.039798 0.045853
0 0.899056 0.983099 0.073310 0.033801
5 0.397202 0.619954 0.098394 0.043870
1 0.526766 0.619752 0.017492 0.035206
1 0.526880 0.568885 0.016754 0.034385
5 0.389295 0.723953 0.085211 0.047287
5 0.385604 0.569762 0.076163 0.043506
1 0.526894 0.365905 0.016995 0.033668
3 0.426206 0.365694 0.161410 0.044291
1 0.526621 0.467424 0.016909 0.035073
0 0.734806 0.959878 0.063928 0.036120
3 0.426587 0.314588 0.161919 0.048868
0 0.103796 0.348835 0.025471 0.048487
0 0.070264 0.348257 0.021301 0.043273
0 0.044094 0.348916 0.021229 0.043755
0 0.135213 0.349330 0.019762 0.044599
0 0.804540 0.961808 0.059425 0.035157
0 0.292505 0.875710 0.204139 0.046809
5 0.367173 0.467105 0.039620 0.045057
1 0.526513 0.315139 0.016863 0.034186
0 0.970660 0.985450 0.057955 0.029100
0 0.938603 0.104959 0.015421 0.033085
5 0.976056 0.167213 0.047115 0.046088
5 0.403418 0.414303 0.083007 0.046776
0 0.356134 0.218324 0.090129 0.040977
3 0.014999 0.347502 0.028876 0.047408
0 0.913931 0.104649 0.016899 0.033879
1 0.195202 0.774877 0.014981 0.029824
5 0.355055 0.414584 0.017455 0.047854
0 0.978357 0.103571 0.043286 0.031658
3 0.153995 0.349343 0.017501 0.041663
0 0.842749 0.125183 0.019393 0.044684