5 0.328228 0.476526 0.490434 0.309440
5 0.714914 0.848513 0.046509 0.040340
0 0.955219 0.960886 0.075329 0.038323
5 0.244360 0.894778 0.121715 0.042654
5 0.737682 0.800462 0.094940 0.040103
5 0.311356 0.706880 0.251311 0.044391
0 0.024821 0.960051 0.031513 0.041692
5 0.774670 0.754536 0.162470 0.042151
5 0.247778 0.754224 0.125717 0.042644
5 0.214787 0.848809 0.058419 0.041403
5 0.738740 0.893528 0.097859 0.042799
3 0.323320 0.094098 0.102874 0.029566
0 0.352042 0.895306 0.016261 0.040081
5 0.230656 0.800198 0.091033 0.040676
3 0.464269 0.095349 0.147201 0.032203
0 0.062997 0.097888 0.090498 0.038768
3 0.189212 0.095599 0.128726 0.031557
0 0.778154 0.894917 0.016912 0.036699
0 0.777728 0.800439 0.017172 0.033949
5 0.332610 0.894551 0.054991 0.041460
3 0.963431 0.097494 0.033714 0.037187
0 0.270363 0.801665 0.021135 0.035138
0 0.087461 0.282074 0.110959 0.039535