1 0.040795 0.517810 0.015182 0.032957
1 0.040960 0.586435 0.015410 0.031323
1 0.041011 0.483318 0.015358 0.030407
1 0.040600 0.620810 0.015232 0.031600
1 0.040919 0.414047 0.015567 0.034022
5 0.134965 0.483378 0.033119 0.034316
5 0.425535 0.346387 0.052095 0.036692
5 0.590199 0.484607 0.075792 0.035276
3 0.109403 0.164106 0.144948 0.042448
5 0.509216 0.346005 0.052292 0.036062
1 0.040662 0.553125 0.015205 0.030449
5 0.426522 0.448982 0.051461 0.037792
5 0.166387 0.483422 0.032361 0.034150
5 0.134856 0.586472 0.033480 0.034383
5 0.425335 0.380682 0.050602 0.036457
5 0.134698 0.448439 0.033177 0.036589
5 0.508621 0.554086 0.053277 0.038066
5 0.165873 0.448041 0.032966 0.036478
5 0.508222 0.448643 0.052537 0.036988
5 0.467090 0.448305 0.033310 0.035672
5 0.425453 0.484199 0.051385 0.035750
5 0.217398 0.587721 0.073230 0.035436
0 0.513216 0.256180 0.020472 0.037604
5 0.590349 0.587440 0.075863 0.035605
5 0.509069 0.380924 0.052546 0.036785
5 0.217380 0.484354 0.071990 0.035936
5 0.100769 0.412379 0.041787 0.031527
5 0.508418 0.587593 0.053078 0.035757
5 0.134410 0.412761 0.031951 0.034847
5 0.426857 0.413457 0.051656 0.035849
5 0.467116 0.483719 0.032706 0.034447
5 0.165298 0.381024 0.030746 0.030527
5 0.134898 0.553660 0.033296 0.035637
5 0.589919 0.381108 0.074793 0.035669
1 0.040932 0.380609 0.015649 0.031337
5 0.134670 0.518790 0.033393 0.037348
5 0.425717 0.553700 0.051963 0.037471
5 0.166305 0.413312 0.032480 0.034178
5 0.508554 0.413645 0.053026 0.035852
5 0.216930 0.519085 0.072616 0.038154
5 0.590199 0.553398 0.075774 0.037674
5 0.166308 0.586277 0.032223 0.034211
5 0.166259 0.518830 0.032249 0.037070
5 0.099179 0.588178 0.041357 0.031971
5 0.508451 0.519340 0.053784 0.037354
5 0.467107 0.380882 0.032502 0.035388
0 0.898839 0.975369 0.065539 0.038520
5 0.216457 0.621498 0.074839 0.036789
5 0.134846 0.345630 0.032224 0.038429
5 0.134629 0.381028 0.031674 0.035006
5 0.467200 0.413559 0.032494 0.034717
1 0.040846 0.450919 0.015730 0.032807
5 0.588978 0.413867 0.072417 0.032727
0 0.483290 0.255885 0.020806 0.038577
0 0.560559 0.255289 0.022076 0.037661
5 0.165692 0.553552 0.032407 0.035486
5 0.328134 0.519340 0.150957 0.039616
5 0.100713 0.381037 0.041569 0.030713
5 0.426548 0.519062 0.051668 0.037558
5 0.134420 0.620652 0.033715 0.036269
5 0.589749 0.448750 0.074957 0.037274
5 0.216659 0.448956 0.071878 0.038936
5 0.326629 0.656487 0.148244 0.038405
5 0.425589 0.587522 0.051667 0.035072
1 0.040157 0.654348 0.015234 0.030170
5 0.590013 0.519431 0.076074 0.037573
5 0.166221 0.345341 0.032908 0.037567
5 0.467355 0.586705 0.032294 0.034457
0 0.143385 0.255465 0.020015 0.039805
5 0.099943 0.346593 0.040681 0.036411
5 0.328243 0.484598 0.150287 0.035913
5 0.467265 0.519403 0.032919 0.036651
5 0.588087 0.346231 0.072485 0.036295
5 0.507911 0.621179 0.054105 0.037150
5 0.326065 0.413799 0.148891 0.037838
0 0.021175 0.250718 0.022164 0.036161
5 0.661802 0.553951 0.074842 0.038907
5 0.166142 0.621150 0.032468 0.035780
5 0.661767 0.484431 0.073578 0.035636
5 0.099379 0.519089 0.040098 0.037723
0 0.326570 0.085675 0.044801 0.030312
5 0.466701 0.553683 0.033289 0.035736
0 0.368608 0.085989 0.023571 0.028976
5 0.216628 0.655883 0.073831 0.038067
5 0.508820 0.656195 0.052916 0.037042
5 0.216475 0.380664 0.072605 0.036945
5 0.217986 0.413444 0.072965 0.030927
0 0.535751 0.255865 0.020938 0.037426
5 0.134076 0.655797 0.032141 0.039110
5 0.661314 0.380774 0.072991 0.036408
0 0.076213 0.254764 0.019561 0.037736
0 0.021607 0.207980 0.022031 0.034554
5 0.099689 0.553081 0.039123 0.037266
5 0.328226 0.588271 0.150234 0.035726
5 0.467246 0.621373 0.032888 0.035630
5 0.328709 0.621599 0.149908 0.038324
1 0.040839 0.347691 0.015012 0.033024
5 0.736561 0.553680 0.080086 0.037826
5 0.425789 0.656109 0.051434 0.037726
5 0.466988 0.345695 0.032764 0.036385
0 0.189627 0.255911 0.020332 0.038230
0 0.046386 0.253448 0.021730 0.039328
5 0.663727 0.587668 0.069677 0.035981
5 0.589295 0.655997 0.072904 0.038125
3 0.596121 0.085989 0.035077 0.029551
5 0.736902 0.485074 0.079400 0.036471
5 0.099045 0.483364 0.038885 0.036212
0 0.246945 0.085859 0.103499 0.031848
5 0.661491 0.449169 0.072731 0.039210
0 0.630120 0.256285 0.098120 0.040204
5 0.426640 0.621200 0.051574 0.036659
5 0.736713 0.588064 0.079977 0.035363
5 0.661044 0.413882 0.071996 0.033059
0 0.083317 0.085828 0.137811 0.033228
5 0.663334 0.621149 0.070471 0.037529
5 0.590302 0.621302 0.076390 0.036635
5 0.219577 0.164164 0.077303 0.039276
0 0.347001 0.256451 0.020502 0.040632
5 0.807627 0.553869 0.065213 0.036937
5 0.661686 0.519095 0.074853 0.038413
5 0.099615 0.620744 0.038863 0.037376
5 0.165865 0.655700 0.032241 0.036558
0 0.212857 0.255949 0.020236 0.037613
5 0.544279 0.413842 0.020525 0.034828
0 0.173989 0.085859 0.027488 0.028038
5 0.326396 0.381134 0.150439 0.037355
5 0.467309 0.656110 0.032937 0.036042
5 0.737264 0.380811 0.081343 0.036641
5 0.737343 0.656015 0.078573 0.038030
5 0.738383 0.519255 0.075777 0.038221
5 0.543970 0.448481 0.020485 0.036319
0 0.279284 0.255456 0.018119 0.036176
0 0.691965 0.255820 0.020525 0.036517
5 0.736689 0.448793 0.080718 0.037659
5 0.660565 0.346141 0.072525 0.036827
5 0.663491 0.656218 0.074455 0.038023
0 0.965216 0.976361 0.057164 0.034827
3 0.454995 0.255577 0.015047 0.038076
3 0.534275 0.085837 0.074431 0.033676
5 0.736625 0.413925 0.078492 0.033731
5 0.736827 0.621372 0.079316 0.037593
0 0.166499 0.255484 0.020685 0.038766
5 0.326992 0.345734 0.149246 0.037026
5 0.807743 0.587421 0.064800 0.035520
5 0.328906 0.449550 0.150152 0.039784
5 0.543949 0.519168 0.020834 0.036513
3 0.252804 0.256061 0.017439 0.038585
0 0.438397 0.087080 0.105078 0.034819
0 0.234815 0.255667 0.018295 0.037293
3 0.296728 0.255429 0.016925 0.036668
5 0.544254 0.483904 0.020939 0.034204
5 0.543658 0.382155 0.020397 0.032494
5 0.807221 0.484498 0.064701 0.035516
3 0.376744 0.254887 0.030589 0.038436
5 0.807421 0.381104 0.064501 0.035881
0 0.438271 0.255478 0.018752 0.037449
5 0.806984 0.448423 0.064400 0.037798
5 0.943798 0.553489 0.066753 0.037612
5 0.544457 0.586944 0.020480 0.034589
5 0.859013 0.587340 0.043010 0.034896
5 0.943118 0.589513 0.067688 0.033182
0 0.317829 0.256550 0.020605 0.040592
5 0.859371 0.553434 0.042969 0.036856
5 0.737665 0.345470 0.077151 0.038079
0 0.970539 0.085209 0.041776 0.030697
5 0.807462 0.621211 0.066003 0.037922
5 0.858949 0.621029 0.042873 0.036867
5 0.807387 0.655867 0.064502 0.037440
5 0.100959 0.447207 0.040383 0.039652
3 0.410078 0.256067 0.030891 0.039073
5 0.807344 0.519360 0.064767 0.037621
5 0.895410 0.586801 0.033400 0.035118
1 0.295323 0.161743 0.014579 0.030887
5 0.544124 0.621081 0.020195 0.036126
0 0.933469 0.085356 0.015090 0.030524
5 0.807936 0.414145 0.065507 0.036533
5 0.895418 0.553818 0.033063 0.035879
5 0.943494 0.518710 0.066967 0.034721
5 0.943215 0.485862 0.067316 0.035423
5 0.544012 0.553790 0.020695 0.035451
5 0.944222 0.621088 0.065408 0.037496
5 0.543585 0.346258 0.018043 0.035596
5 0.859152 0.519194 0.042994 0.037751
5 0.895462 0.484368 0.032822 0.034771
5 0.858890 0.484604 0.042763 0.036192
3 0.114836 0.255044 0.016217 0.039312
5 0.987785 0.554296 0.024081 0.035082
5 0.895204 0.518767 0.033440 0.037139
5 0.859338 0.655585 0.042049 0.036005
5 0.809199 0.345893 0.067056 0.037458
5 0.859262 0.380939 0.041739 0.035662
5 0.895253 0.620825 0.033602 0.036873
5 0.943625 0.381518 0.065704 0.034841
5 0.943175 0.448068 0.066014 0.038033
5 0.858969 0.413905 0.042890 0.035365
1 0.041764 0.310044 0.016326 0.031346
5 0.942985 0.413551 0.066718 0.031875
5 0.895190 0.448221 0.033260 0.037092
5 0.858816 0.448151 0.043368 0.037635
5 0.217597 0.556337 0.074554 0.034004
5 0.987861 0.586407 0.024278 0.033326
5 0.895149 0.413421 0.033360 0.035347
5 0.944519 0.655599 0.064842 0.036904
5 0.942788 0.346168 0.065859 0.036879
5 0.987667 0.518821 0.024666 0.036619
0 0.098444 0.255043 0.018195 0.038046
5 0.544113 0.655562 0.019533 0.035427
5 0.987748 0.620583 0.024495 0.036404
5 0.895410 0.655950 0.032615 0.035577
5 0.987548 0.484096 0.024008 0.034152
5 0.987539 0.448667 0.024922 0.036140
5 0.216611 0.347670 0.072448 0.038157
5 0.895316 0.381396 0.032710 0.034014
5 0.987733 0.380524 0.024128 0.034842
5 0.987729 0.412372 0.024542 0.033786
5 0.328639 0.553544 0.148911 0.036121
5 0.100546 0.656001 0.038623 0.037295
5 0.509378 0.483555 0.052809 0.039374
5 0.860921 0.347537 0.039052 0.035794
5 0.895092 0.348432 0.031952 0.034004
5 0.987042 0.347537 0.025916 0.035794