5 0.174966 0.353908 0.039283 0.041913
5 0.168797 0.536043 0.023318 0.034966
0 0.696902 0.946180 0.052931 0.028376
0 0.639875 0.944849 0.045143 0.027793
5 0.202261 0.581730 0.090213 0.041490
0 0.597564 0.944738 0.022545 0.027269
0 0.971393 0.094405 0.049457 0.035488
5 0.204675 0.627553 0.094130 0.040560
5 0.183387 0.219945 0.134821 0.042838
5 0.203031 0.668817 0.092774 0.036971
0 0.048615 0.094232 0.082691 0.030286
5 0.148428 0.174571 0.063876 0.037744
0 0.114776 0.761191 0.147544 0.043402
0 0.897404 0.976692 0.066174 0.038676
0 0.966222 0.975258 0.059032 0.034313
0 0.113473 0.716699 0.147642 0.040344
0 0.130284 0.093762 0.064036 0.029092
1 0.286003 0.329481 0.015908 0.029592
1 0.285506 0.510930 0.014620 0.031440
1 0.286596 0.552710 0.014738 0.028820
1 0.522008 0.552432 0.015304 0.028768
1 0.286821 0.870771 0.013942 0.028317
4 0.326173 0.826160 0.064868 0.026152
1 0.286425 0.373453 0.014936 0.028713
1 0.521291 0.510045 0.013625 0.029861
4 0.340150 0.553476 0.093332 0.031675
3 0.186515 0.092087 0.035578 0.027994
4 0.337978 0.781416 0.089517 0.028951
5 0.286909 0.782625 0.012667 0.022387
4 0.336993 0.732969 0.087057 0.028499
4 0.575174 0.734280 0.090842 0.026107
4 0.571170 0.781797 0.082694 0.029106
0 0.733900 0.117638 0.020473 0.042798
4 0.338369 0.508176 0.085465 0.029794
1 0.019334 0.717644 0.015914 0.029249
4 0.558208 0.826174 0.051564 0.027712
4 0.339323 0.373501 0.087821 0.028778
1 0.019279 0.758168 0.014988 0.030751
5 0.286389 0.735776 0.013115 0.023113
4 0.336399 0.869253 0.085908 0.029140
5 0.522414 0.825499 0.013128 0.025107
5 0.286960 0.828193 0.012960 0.025964
1 0.522853 0.330074 0.012121 0.025752
5 0.521901 0.690782 0.009513 0.022890
5 0.522117 0.734802 0.010810 0.029934
5 0.522117 0.781024 0.013404 0.023771
5 0.286318 0.689021 0.011675 0.022890