0 0.064069 0.496573 0.096672 0.049156
3 0.391236 0.331074 0.144857 0.046484
0 0.694690 0.887340 0.023027 0.043742
0 0.774077 0.888095 0.024640 0.043530
0 0.272574 0.330932 0.024461 0.041580
0 0.746768 0.887892 0.024538 0.044449
0 0.720704 0.887286 0.022400 0.041740
0 0.799633 0.888413 0.021837 0.043649
0 0.302760 0.330270 0.025488 0.041322
3 0.021396 0.107455 0.040915 0.034001
0 0.976711 0.106874 0.046578 0.038936
0 0.213943 0.330070 0.026737 0.044568
0 0.818281 0.190677 0.019840 0.043959
0 0.243537 0.330340 0.025176 0.042106
1 0.207069 0.513692 0.015919 0.031383
1 0.206607 0.591805 0.015598 0.031202
0 0.207007 0.435751 0.018380 0.035819
1 0.206681 0.554762 0.015621 0.030838
0 0.150416 0.494795 0.038096 0.044654
1 0.206965 0.476313 0.016244 0.029716
1 0.206450 0.631065 0.014706 0.028495
1 0.206464 0.671546 0.014970 0.029503
0 0.990188 0.032706 0.018447 0.039686
4 0.246857 0.779007 0.104417 0.032109
1 0.205993 0.710254 0.015544 0.029631