0 0.718573 0.835632 0.094632 0.046344
0 0.068063 0.494386 0.095265 0.042138
0 0.636064 0.836127 0.063294 0.042274
0 0.791066 0.834248 0.041630 0.040055
5 0.366316 0.673080 0.034500 0.044378
5 0.374146 0.724431 0.049708 0.044342
5 0.373939 0.472143 0.050090 0.042822
5 0.509923 0.421285 0.324137 0.047314
5 0.365805 0.622287 0.033866 0.044312
5 0.362843 0.522404 0.026593 0.045235
5 0.509048 0.373732 0.322170 0.051244
5 0.362553 0.572684 0.027927 0.043551
3 0.028355 0.101713 0.040582 0.035608
0 0.272004 0.325001 0.110130 0.041628
0 0.152253 0.495785 0.034156 0.044936
0 0.819921 0.234224 0.019104 0.038562
0 0.974494 0.102176 0.049015 0.037598
5 0.401327 0.184016 0.317589 0.051192