5 0.592987 0.811315 0.158401 0.043935
5 0.206895 0.759920 0.158369 0.047980
5 0.596486 0.759234 0.162507 0.047586
5 0.206650 0.861475 0.155130 0.046033
5 0.206869 0.811554 0.157208 0.044139
5 0.148865 0.654631 0.042268 0.045321
5 0.894010 0.810568 0.156205 0.044498
5 0.148561 0.448954 0.042074 0.043419
5 0.148509 0.500633 0.042639 0.043084
0 0.893685 0.979058 0.071923 0.039421
5 0.140574 0.551585 0.026150 0.043721
5 0.535433 0.654523 0.040504 0.045916
5 0.550477 0.707497 0.073438 0.045753
5 0.893802 0.760764 0.155968 0.049308
5 0.573671 0.905153 0.116680 0.032906
5 0.148567 0.397334 0.040793 0.046003
0 0.314199 0.243101 0.031941 0.045108
5 0.877911 0.449274 0.158324 0.046446
5 0.886979 0.398556 0.173670 0.049641
0 0.027719 0.100321 0.044705 0.032365
5 0.148789 0.603355 0.041659 0.042593
0 0.968629 0.979927 0.062709 0.035738
5 0.330048 0.808469 0.033769 0.044075
0 0.080331 0.100703 0.039868 0.032052
5 0.330370 0.757860 0.034154 0.044540
5 0.137058 0.706204 0.019656 0.042780
5 0.147778 0.191343 0.040949 0.041060
0 0.057337 0.349433 0.056359 0.039014
5 0.204939 0.904138 0.149976 0.034742
3 0.129182 0.101402 0.038495 0.033541
5 0.202478 0.244392 0.151443 0.047109
0 0.974037 0.102056 0.049687 0.039978