5 0.257925 0.541332 0.069303 0.030538
5 0.413997 0.580403 0.069169 0.031843
5 0.414386 0.542529 0.069948 0.030962
5 0.282016 0.348746 0.117486 0.029553
5 0.257349 0.581546 0.068152 0.030189
5 0.270984 0.620667 0.094405 0.031594
5 0.426735 0.620192 0.095535 0.032614
5 0.238170 0.387209 0.032256 0.027672
5 0.263609 0.310235 0.082706 0.028280
5 0.395794 0.386672 0.031747 0.030538
5 0.238785 0.425091 0.031024 0.030538
5 0.247922 0.928440 0.051903 0.024559
5 0.420222 0.308849 0.083165 0.030538
5 0.391427 0.464400 0.024796 0.030349
5 0.395601 0.736727 0.032438 0.029261
5 0.395684 0.425478 0.031527 0.031312
5 0.408088 0.852335 0.058028 0.031934
5 0.251755 0.852880 0.054928 0.031055
5 0.238795 0.736263 0.033077 0.030303
5 0.234464 0.464002 0.024410 0.029553
5 0.234946 0.503754 0.025480 0.030250
5 0.391364 0.503696 0.024921 0.030133
5 0.439104 0.348967 0.118367 0.031965
5 0.243929 0.193101 0.041935 0.029553
5 0.228868 0.659582 0.013223 0.028645
5 0.395303 0.891072 0.032066 0.030601
5 0.248061 0.696484 0.052107 0.029553
0 0.053416 0.083381 0.072249 0.030301
5 0.238472 0.891864 0.032413 0.028245
5 0.385013 0.658504 0.013210 0.030430
0 0.969804 0.081650 0.021540 0.027438
0 0.972901 0.966744 0.039448 0.030241
0 0.511513 0.891837 0.024808 0.028191
3 0.122880 0.086218 0.035701 0.030538
1 0.311701 0.736817 0.012688 0.021560
0 0.272788 0.192808 0.015279 0.026998
0 0.511338 0.308159 0.024748 0.031919
1 0.468311 0.736591 0.012449 0.021108
0 0.928701 0.023335 0.014733 0.028405
0 0.956860 0.022936 0.015953 0.025659
0 0.511598 0.347268 0.024690 0.030538
0 0.511256 0.853283 0.025028 0.029890
0 0.511360 0.580674 0.025584 0.030414
0 0.511591 0.619408 0.024921 0.031046
0 0.511528 0.502913 0.025220 0.028568
0 0.994475 0.135899 0.011050 0.032458
0 0.511323 0.541332 0.025933 0.026598
0 0.511488 0.464034 0.025763 0.031588
0 0.511459 0.387124 0.025503 0.029471
0 0.511413 0.659131 0.025760 0.029713
0 0.511371 0.426549 0.025783 0.029515
0 0.072221 0.024157 0.013223 0.030538
0 0.901231 0.026620 0.017292 0.029553
0 0.440189 0.467942 0.000509 0.000000