3 0.224888 0.795886 0.052334 0.033559
3 0.246966 0.233808 0.155511 0.033434
0 0.148500 0.934976 0.041817 0.036058
3 0.225052 0.765465 0.052017 0.031198
3 0.224974 0.827798 0.052274 0.033755
5 0.186494 0.501129 0.115532 0.032765
0 0.288053 0.934983 0.020204 0.034648
0 0.070744 0.935148 0.020241 0.032986
3 0.093910 0.077666 0.116749 0.033327
0 0.091825 0.935188 0.020160 0.033639
0 0.434501 0.076941 0.013840 0.025787
0 0.179611 0.934569 0.020802 0.036201
0 0.411691 0.076690 0.016971 0.027999
0 0.117454 0.935465 0.019130 0.033135
0 0.023615 0.934709 0.022028 0.036750
0 0.050170 0.935220 0.019701 0.034058
5 0.186731 0.467423 0.115476 0.031495
5 0.186471 0.433364 0.115620 0.032362
0 0.203639 0.078170 0.015648 0.025893
0 0.180345 0.077589 0.015326 0.026997
0 0.393402 0.077060 0.016844 0.028256
0 0.246914 0.181250 0.055285 0.023883
0 0.189580 0.180862 0.038313 0.024964
0 0.266994 0.934473 0.020288 0.034397
0 0.303562 0.180906 0.036744 0.025720
3 0.224922 0.859285 0.052158 0.032908
0 0.119488 0.182050 0.084427 0.026177
0 0.238572 0.078301 0.016110 0.026641
0 0.213354 0.934932 0.021337 0.035718
0 0.373313 0.181128 0.082246 0.025661
0 0.234155 0.934463 0.020456 0.035169
5 0.189455 0.334065 0.122495 0.032255
0 0.318156 0.076168 0.016116 0.026253
0 0.371130 0.076380 0.015693 0.026387
0 0.452424 0.075489 0.013596 0.025034
0 0.687850 0.466992 0.022231 0.036212
0 0.041492 0.181685 0.052644 0.024247
0 0.931008 0.014814 0.015010 0.026043
5 0.553943 0.859108 0.107900 0.031939
0 0.221204 0.078639 0.014987 0.025884
3 0.342271 0.501374 0.156453 0.032502
5 0.553518 0.828041 0.107857 0.032488
0 0.353348 0.076093 0.015086 0.025282
5 0.284340 0.467624 0.041791 0.030267
0 0.261036 0.077430 0.015166 0.026686
0 0.336307 0.075909 0.015281 0.025103
0 0.163465 0.077028 0.015689 0.027239
5 0.553481 0.796127 0.106900 0.032736
0 0.278355 0.077106 0.015431 0.026956
5 0.165875 0.400199 0.074125 0.032537
0 0.945930 0.015088 0.014363 0.025935
1 0.612337 0.796867 0.011559 0.022785
1 0.612179 0.826656 0.011340 0.022018
5 0.553643 0.765782 0.107409 0.032508
0 0.296609 0.076482 0.017150 0.027577
5 0.166346 0.366417 0.074336 0.032479
1 0.612340 0.765703 0.011119 0.022432
0 0.960565 0.015545 0.014881 0.026346
5 0.396468 0.366868 0.115574 0.032951
1 0.043006 0.858856 0.024336 0.028702
0 0.678371 0.566574 0.053183 0.033982
1 0.043147 0.827871 0.024400 0.030249
1 0.612253 0.858605 0.011109 0.023357
5 0.661232 0.858654 0.087432 0.030303
0 0.657495 0.566895 0.015488 0.032006
0 0.022095 0.077717 0.015607 0.028464
5 0.660589 0.827883 0.086989 0.031660
5 0.491521 0.828156 0.017893 0.031803
5 0.491473 0.796637 0.017710 0.031120
5 0.091236 0.828069 0.073991 0.032395
0 0.020764 0.732608 0.015115 0.025051
5 0.585751 0.233796 0.128854 0.032593
1 0.344310 0.467556 0.011491 0.020346
1 0.043070 0.796390 0.024187 0.030624
5 0.491840 0.859760 0.017931 0.031476
5 0.091171 0.858504 0.073555 0.031017
0 0.015492 0.028264 0.014114 0.021111
5 0.491606 0.765971 0.017418 0.029930
5 0.345370 0.332983 0.014316 0.032181
1 0.042434 0.765448 0.023559 0.035110
5 0.310207 0.858418 0.120534 0.030928
5 0.660277 0.765648 0.087613 0.032501
5 0.660504 0.796398 0.087061 0.032528
5 0.091459 0.796794 0.073864 0.032384
5 0.310375 0.828242 0.120833 0.032597
4 0.512532 0.299182 0.040645 0.024464
4 0.518153 0.335878 0.044969 0.024464
4 0.511451 0.370128 0.031565 0.024464
4 0.529396 0.401524 0.067454 0.026911
0 0.052222 0.268669 0.066366 0.032829
0 0.113504 0.266020 0.055779 0.030988
0 0.164959 0.267651 0.042807 0.030988
0 0.302172 0.266835 0.080858 0.029357
0 0.203802 0.268058 0.031997 0.031803
0 0.240772 0.268058 0.041078 0.030172
5 0.284523 0.535111 0.311973 0.032046
5 0.090765 0.764730 0.073405 0.031803
5 0.163445 0.765360 0.072642 0.032619
5 0.163445 0.797571 0.070913 0.031803
5 0.163229 0.828966 0.070480 0.029357
5 0.163229 0.859139 0.070480 0.030988
5 0.310604 0.797571 0.119341 0.031803
5 0.310604 0.765767 0.119341 0.033434