0 0.496449 0.087689 0.018956 0.029697
3 0.112791 0.088797 0.136956 0.038652
0 0.265922 0.087948 0.016787 0.026741
0 0.525473 0.086585 0.017353 0.028790
0 0.475857 0.087519 0.017430 0.029225
0 0.286789 0.088250 0.018100 0.028090
3 0.506620 0.260660 0.226544 0.033698
0 0.245049 0.087943 0.017148 0.027378
0 0.405656 0.086922 0.017003 0.027192
0 0.215738 0.087791 0.017062 0.028630
0 0.446907 0.087326 0.018065 0.027128
0 0.360781 0.202981 0.059720 0.027922
0 0.179410 0.203384 0.089606 0.027454
0 0.248066 0.203935 0.019423 0.029495
0 0.385525 0.087131 0.018487 0.028503
0 0.194964 0.087998 0.018751 0.029588
0 0.426266 0.087553 0.017305 0.026802
0 0.314674 0.088191 0.018654 0.028711
3 0.645072 0.488575 0.168942 0.029881
0 0.356924 0.087680 0.018306 0.028582
0 0.335492 0.087867 0.016300 0.028604
0 0.546405 0.085808 0.016462 0.026816
1 0.647587 0.457194 0.013829 0.024258
0 0.296530 0.202825 0.052385 0.028056
0 0.446020 0.204169 0.071027 0.032374
0 0.750591 0.488846 0.030498 0.035134
5 0.454485 0.423446 0.079705 0.031743
0 0.820555 0.521804 0.019491 0.029427
5 0.703243 0.391499 0.126221 0.033005
0 0.503204 0.203008 0.015907 0.029689
5 0.582198 0.455949 0.044292 0.032534
0 0.298777 0.973902 0.017717 0.028589
5 0.454298 0.390069 0.079202 0.031286
0 0.820458 0.487835 0.018851 0.027640
0 0.866480 0.975356 0.014844 0.021092
0 0.784232 0.326679 0.015570 0.026457
0 0.330674 0.974512 0.020189 0.033599
5 0.905389 0.260484 0.133783 0.032254
1 0.653591 0.815534 0.013252 0.024433
0 0.800435 0.326568 0.015032 0.026503
5 0.476258 0.457370 0.124468 0.030763
0 0.019008 0.032914 0.018195 0.026837
0 0.100885 0.040808 0.132245 0.029994
0 0.199624 0.041992 0.038608 0.030783
0 0.248218 0.038045 0.028402 0.033941
0 0.299695 0.036861 0.050590 0.031573
0 0.352061 0.039624 0.032839 0.029205
0 0.915727 0.017128 0.016420 0.026837
0 0.933700 0.016339 0.016863 0.028415
0 0.951673 0.017128 0.015532 0.029994
0 0.074480 0.204053 0.102234 0.031869
0 0.524786 0.201241 0.028984 0.029994
4 0.074744 0.284037 0.056387 0.024370
4 0.097931 0.313562 0.069035 0.023433
4 0.158007 0.342619 0.159675 0.025307
4 0.161432 0.370739 0.137015 0.021558
0 0.300555 0.293410 0.023187 0.031869
0 0.339646 0.329960 0.085182 0.035378
0 0.416613 0.328806 0.068751 0.031532
0 0.476067 0.328806 0.052752 0.031532
0 0.527306 0.328422 0.052320 0.032301
0 0.603623 0.328037 0.102045 0.029994
0 0.700480 0.328806 0.092533 0.031532
4 0.832649 0.359569 0.041510 0.026918
4 0.839135 0.391102 0.057941 0.022303
4 0.891454 0.424556 0.163445 0.033839
4 0.889509 0.456089 0.158689 0.029225
4 0.864862 0.490313 0.063562 0.029994
5 0.934694 0.553505 0.076102 0.030763
5 0.891454 0.585806 0.164310 0.029225
5 0.476571 0.488518 0.124962 0.033070
5 0.582256 0.521813 0.335863 0.028744
5 0.339532 0.814588 0.048248 0.031660
5 0.425188 0.814351 0.123665 0.033070
5 0.550151 0.813966 0.129719 0.032301
5 0.627549 0.814735 0.026808 0.033839
5 0.706029 0.814479 0.078264 0.032301
5 0.765411 0.814094 0.041942 0.033070
5 0.879131 0.814479 0.186362 0.033839
0 0.362475 0.976555 0.021606 0.038430
0 0.395412 0.974681 0.021079 0.036555
0 0.427558 0.973275 0.017917 0.035618
0 0.459440 0.971869 0.020552 0.032806
0 0.490620 0.973275 0.017917 0.035618
0 0.521185 0.975618 0.021079 0.032806
0 0.553858 0.972806 0.023187 0.038430
0 0.584422 0.974681 0.020025 0.040304
0 0.615778 0.975618 0.022660 0.038430
0 0.677962 0.973743 0.019498 0.038430
0 0.710108 0.972338 0.025822 0.039367
0 0.979395 0.976087 0.027930 0.044991
0 0.974652 0.922660 0.019498 0.031869