5 0.200415 0.492605 0.038483 0.041699
0 0.434557 0.394294 0.211009 0.044031
5 0.192200 0.444086 0.023782 0.039245
3 0.080139 0.157560 0.131717 0.041412
0 0.194217 0.158847 0.069115 0.033748
1 0.336626 0.640302 0.013491 0.026349
1 0.336233 0.786830 0.012426 0.021758
1 0.336898 0.837040 0.012869 0.025105
0 0.289359 0.159721 0.019833 0.032545
0 0.253468 0.159046 0.020262 0.032956
1 0.336129 0.689060 0.013217 0.024924
3 0.483675 0.158898 0.051521 0.033872
4 0.081565 0.884547 0.091830 0.032019
0 0.325033 0.160565 0.018539 0.032207
0 0.361593 0.159532 0.019598 0.034279
1 0.023710 0.787175 0.013404 0.025277
0 0.396567 0.159227 0.018879 0.033258
1 0.023493 0.690552 0.012107 0.024462
0 0.433049 0.159460 0.020337 0.028633
1 0.023926 0.886653 0.012972 0.025277
4 0.067783 0.836118 0.068521 0.029984
4 0.388856 0.787279 0.083698 0.030179
4 0.402983 0.835817 0.115058 0.034735
4 0.421790 0.737016 0.150686 0.034082
4 0.363217 0.976588 0.092074 0.032774
1 0.336129 0.739494 0.013217 0.024376
4 0.049405 0.977123 0.087479 0.030732
4 0.057997 0.786591 0.049248 0.029757
4 0.394065 0.687574 0.095560 0.032644
1 0.023493 0.640813 0.013837 0.026092
5 0.192632 0.395361 0.023782 0.039642
1 0.023710 0.739475 0.013404 0.024462
4 0.400439 0.641495 0.103536 0.034186
1 0.023710 0.837729 0.013404 0.025277
4 0.054828 0.639162 0.040534 0.030927
4 0.059013 0.737872 0.049461 0.031980
5 0.192272 0.247524 0.023349 0.040769
4 0.062024 0.688058 0.055425 0.031205
0 0.019750 0.022975 0.020054 0.031800
0 0.070112 0.022975 0.061529 0.033519
0 0.025219 0.083997 0.017319 0.033519
0 0.125488 0.024264 0.024611 0.025784
0 0.164000 0.024694 0.032360 0.030081
0 0.216642 0.024264 0.051958 0.029222
0 0.277639 0.023405 0.042386 0.030941
0 0.331875 0.022545 0.043298 0.039535
0 0.379275 0.023405 0.031448 0.034379