5 0.278967 0.935352 0.101613 0.041681
5 0.271472 0.981310 0.086623 0.037380
5 0.278318 0.838034 0.102045 0.044368
0 0.451900 0.611509 0.025695 0.043873
5 0.271064 0.542928 0.085254 0.041930
5 0.289572 0.688867 0.124144 0.042306
3 0.080137 0.155928 0.130583 0.035877
0 0.393223 0.611306 0.024763 0.042461
0 0.422521 0.611406 0.025795 0.043292
0 0.232869 0.159476 0.074451 0.033352
3 0.309623 0.157617 0.051407 0.032433
0 0.480931 0.611383 0.024014 0.043817
0 0.041973 0.397570 0.065925 0.042821
5 0.289336 0.885285 0.124081 0.041541
3 0.504460 0.611165 0.023874 0.043485
4 0.472439 0.964271 0.088316 0.028712
0 0.170040 0.158424 0.019942 0.034872
5 0.271064 0.590595 0.086191 0.042433
5 0.289327 0.639962 0.124318 0.042430
0 0.363797 0.611422 0.024025 0.042327
0 0.400404 0.535325 0.078372 0.042153
4 0.455995 0.923994 0.055671 0.024941
4 0.464906 0.882564 0.068138 0.026131
4 0.495608 0.842820 0.131688 0.028123
4 0.470006 0.801865 0.083905 0.029874
5 0.239259 0.296773 0.038916 0.041422
0 0.367675 0.477406 0.018827 0.031464
0 0.127886 0.399122 0.064685 0.047317
0 0.326970 0.396017 0.052389 0.038819
0 0.870705 0.476708 0.016939 0.036323
0 0.019818 0.022612 0.017728 0.023646
0 0.072570 0.022612 0.072210 0.030169
0 0.132457 0.024243 0.025944 0.030169
0 0.171805 0.023020 0.030268 0.030985
0 0.220449 0.023835 0.042807 0.029354
0 0.267148 0.023835 0.028970 0.029354
0 0.024791 0.083766 0.012972 0.031800
4 0.451709 0.761898 0.044104 0.030169
4 0.494948 0.721944 0.131448 0.030169