0 0.230224 0.158837 0.069386 0.034311
3 0.080786 0.157741 0.131016 0.041133
3 0.520192 0.158571 0.052740 0.034295
0 0.325546 0.160547 0.018924 0.033453
0 0.468367 0.159160 0.022250 0.035431
0 0.432459 0.159292 0.021750 0.035330
0 0.397254 0.159333 0.021174 0.035739
0 0.361049 0.160164 0.019851 0.033070
0 0.289546 0.159979 0.021719 0.034659
0 0.169383 0.160494 0.018857 0.034613
1 0.018953 0.368745 0.012539 0.024462
1 0.018953 0.409107 0.012539 0.022015
1 0.018305 0.331237 0.013837 0.024462
1 0.018737 0.448653 0.012972 0.024462
5 0.192393 0.959791 0.161831 0.040395
1 0.018521 0.921307 0.013404 0.027723
1 0.018521 0.488199 0.012539 0.025277
1 0.018737 0.685116 0.012972 0.026092
1 0.018521 0.527338 0.013404 0.025277
1 0.018737 0.292234 0.012972 0.025277
1 0.018737 0.645162 0.012972 0.026092
1 0.018521 0.566884 0.013404 0.026092
1 0.018737 0.803075 0.012972 0.024462
1 0.018305 0.881760 0.013837 0.025277
1 0.018521 0.763393 0.013404 0.024462
5 0.192312 0.842044 0.161994 0.036957
1 0.018521 0.606023 0.012539 0.026092
1 0.018521 0.960853 0.013404 0.025277
1 0.018737 0.724254 0.012972 0.024462
1 0.018737 0.842214 0.012972 0.024462
5 0.191597 0.920685 0.162511 0.037816
5 0.192638 0.880290 0.161342 0.041254
5 0.191926 0.802509 0.162765 0.040395
5 0.192480 0.723295 0.162568 0.039535
0 0.070192 0.023835 0.058806 0.027723
5 0.192186 0.990424 0.161333 0.019152
5 0.191566 0.762830 0.161663 0.039535
1 0.019170 0.994084 0.012107 0.011832
5 0.192182 0.684619 0.161342 0.039535
5 0.192182 0.566443 0.161342 0.040395
5 0.192182 0.606408 0.162253 0.039535
5 0.192090 0.527337 0.162437 0.036097
0 0.020237 0.023989 0.019484 0.026399
5 0.191726 0.644654 0.161342 0.038676
0 0.125539 0.024651 0.025944 0.030985
0 0.164670 0.025874 0.030700 0.031800
0 0.216918 0.023020 0.055347 0.030985
0 0.277237 0.024243 0.045401 0.030169
0 0.332151 0.025058 0.046266 0.030169
0 0.379066 0.025466 0.030268 0.032616
0 0.026304 0.084990 0.015134 0.027723
5 0.192865 0.291558 0.161798 0.036097
5 0.191954 0.328944 0.161797 0.040395
5 0.192182 0.369339 0.162253 0.038676
5 0.192410 0.408874 0.159975 0.038676
5 0.191498 0.446834 0.160886 0.038963
5 0.192866 0.487372 0.161797 0.043833