3 0.081002 0.158335 0.130583 0.040691
5 0.268457 0.667030 0.278918 0.039389
3 0.309553 0.157686 0.051382 0.032011
0 0.232886 0.159528 0.074478 0.033261
5 0.268064 0.627599 0.279861 0.040435
5 0.268243 0.705197 0.279355 0.042337
0 0.230613 0.398529 0.100579 0.042518
5 0.267985 0.587831 0.279704 0.040807
1 0.035817 0.588220 0.011675 0.022015
0 0.170022 0.158434 0.019956 0.034891
5 0.268151 0.785104 0.280036 0.039073
5 0.467303 0.745440 0.123032 0.039654
5 0.268626 0.745919 0.279256 0.038981
5 0.467912 0.706222 0.124247 0.039495
5 0.468053 0.666067 0.123262 0.041567
5 0.086577 0.626258 0.084435 0.042030
5 0.239242 0.295409 0.040900 0.042722
5 0.467531 0.785007 0.123442 0.039423
5 0.267488 0.823475 0.279758 0.041343
5 0.467849 0.824010 0.124385 0.039151
5 0.086633 0.665509 0.084572 0.041160
0 0.054951 0.967400 0.015482 0.018004
5 0.467877 0.628005 0.123613 0.040055
5 0.086664 0.704775 0.085098 0.041354
5 0.266973 0.902584 0.279639 0.039745
5 0.267546 0.862876 0.279380 0.038607
5 0.086791 0.743812 0.085009 0.042027
5 0.467495 0.863153 0.123513 0.039160
0 0.020250 0.023428 0.020323 0.026908
0 0.025655 0.084990 0.014701 0.034246
0 0.073219 0.023020 0.070048 0.034246
0 0.132673 0.024243 0.026376 0.030169
0 0.171805 0.025466 0.030268 0.032616
0 0.218936 0.023428 0.041510 0.031800
0 0.266067 0.023835 0.031997 0.034246
1 0.467866 0.586782 0.011242 0.023320
5 0.468105 0.902355 0.123277 0.041669
5 0.086839 0.783778 0.083452 0.039139
5 0.086839 0.822916 0.081723 0.039139
5 0.087056 0.862870 0.082155 0.040769
5 0.086623 0.902009 0.083020 0.037508