0 0.021223 0.495536 0.025254 0.043213
0 0.588171 0.158075 0.120865 0.036375
5 0.407402 0.969149 0.127509 0.046018
3 0.080570 0.157832 0.131448 0.041315
0 0.211631 0.494959 0.026682 0.045405
3 0.107644 0.496328 0.042174 0.045799
5 0.407668 0.887527 0.127255 0.045555
3 0.689031 0.158522 0.053174 0.035808
5 0.407744 0.928154 0.127102 0.043701
5 0.407879 0.806649 0.127309 0.044313
5 0.157518 0.969966 0.126806 0.046597
3 0.060172 0.495833 0.041947 0.045371
5 0.407652 0.847365 0.127315 0.043565
5 0.282538 0.969581 0.127151 0.045752
0 0.152737 0.495480 0.025017 0.044966
0 0.020087 0.394347 0.024942 0.043050
5 0.407677 0.725155 0.127396 0.044962
0 0.402974 0.159799 0.146924 0.037302
5 0.157535 0.928004 0.126789 0.044919
5 0.532861 0.970554 0.126999 0.048319
5 0.408176 0.766123 0.127684 0.042840
5 0.157605 0.887482 0.126812 0.044783
5 0.282605 0.927948 0.127318 0.043903
5 0.282626 0.887784 0.127060 0.044697
5 0.533303 0.887777 0.128021 0.046293
5 0.533183 0.928384 0.127401 0.044490
0 0.237274 0.160053 0.156054 0.034341
5 0.407996 0.684392 0.128168 0.043650
5 0.407915 0.644429 0.127887 0.046131
5 0.283101 0.806441 0.127512 0.042778
5 0.157700 0.808217 0.127126 0.040182
0 0.501608 0.159683 0.020740 0.033728
5 0.533081 0.806407 0.127737 0.046102
5 0.533352 0.644497 0.127592 0.045353
5 0.157597 0.846653 0.127025 0.043454
3 0.176656 0.495955 0.024263 0.045182
5 0.158074 0.766192 0.126437 0.043385
5 0.283421 0.994753 0.128048 0.010494
5 0.533168 0.847277 0.128332 0.044075
5 0.282839 0.766668 0.127069 0.043072
5 0.408399 0.995234 0.126435 0.009532
5 0.533687 0.766280 0.128001 0.043577
5 0.158682 0.995221 0.125576 0.009558
5 0.533159 0.724993 0.127965 0.046360
5 0.533042 0.684862 0.127884 0.044308
5 0.533296 0.995358 0.125803 0.009283
5 0.282456 0.846880 0.127207 0.043035
5 0.408363 0.604551 0.126679 0.044822
5 0.532903 0.604368 0.127074 0.044971
0 0.019195 0.021194 0.017422 0.032037
0 0.025439 0.084582 0.015999 0.035062
0 0.061544 0.025466 0.046699 0.029354
0 0.109972 0.024243 0.027673 0.030169
0 0.168130 0.023020 0.072210 0.030985
0 0.237097 0.023835 0.044969 0.032616
0 0.283795 0.023428 0.032862 0.036692
5 0.283092 0.606102 0.123859 0.040573
5 0.282801 0.646126 0.122114 0.039476
5 0.282511 0.685603 0.123859 0.043862
5 0.282511 0.724530 0.123859 0.036186
5 0.158264 0.604457 0.125022 0.039476
5 0.158846 0.646126 0.125022 0.043862
5 0.158264 0.686699 0.126185 0.039476
5 0.157392 0.724530 0.124440 0.038380
5 0.052896 0.603849 0.085614 0.039139
5 0.053113 0.645433 0.086047 0.040769
5 0.053329 0.685795 0.085614 0.043216
5 0.053113 0.726972 0.085182 0.039139
5 0.052680 0.767742 0.085182 0.040769
5 0.052896 0.808511 0.084749 0.040769
5 0.052032 0.849145 0.084749 0.039954
5 0.052896 0.889506 0.084749 0.040769
5 0.052032 0.930683 0.084749 0.039954
5 0.052248 0.971453 0.086047 0.041585