3 0.130755 0.184160 0.192642 0.042957
5 0.365925 0.364887 0.375277 0.039762
0 0.511689 0.183054 0.032517 0.034206
3 0.679617 0.182573 0.073127 0.032204
0 0.458943 0.184601 0.032889 0.034243
0 0.561035 0.184195 0.030018 0.037957
0 0.319683 0.797695 0.207760 0.049359
0 0.361189 0.184530 0.030749 0.036875
5 0.037199 0.700812 0.021633 0.026462
0 0.610632 0.184350 0.031356 0.037693
0 0.942410 0.184467 0.041270 0.035447
0 0.408934 0.185701 0.034918 0.039148
5 0.037133 0.556907 0.021224 0.027348
5 0.037221 0.604591 0.021486 0.028787
0 0.309996 0.183588 0.032319 0.033770
0 0.689435 0.364660 0.211028 0.045333
0 0.838431 0.183770 0.031574 0.035668
1 0.037790 0.652844 0.021407 0.026777
0 0.260134 0.185295 0.032090 0.039245
0 0.115011 0.797036 0.208917 0.049076
5 0.037856 0.652813 0.021156 0.026345
0 0.567185 0.364853 0.029725 0.038797
0 0.888382 0.184972 0.035102 0.040047